#Insight Transform File V1.0
#Transform 0
Transform: AffineTransform_float_3_3
Parameters: 1 0.000151847 -0.000146159 -0.000152154 1 -0.00104898 0.000146841 0.00104902 1 -0.0497593 -0.067081 -0.139426
FixedParameters: 0 0 0

#Transform 1
Transform: AffineTransform_float_3_3
Parameters: 1 0.000335672 -0.000304363 -0.000336328 1 -0.0010799 0.000303637 0.0010801 1 -0.0730425 -0.0704377 -0.150578
FixedParameters: 0 0 0

#Transform 2
Transform: AffineTransform_float_3_3
Parameters: 1 -0.000117314 -0.000267863 0.000117686 1 -0.00117303 0.000268138 0.00117297 1 -0.0651805 -0.132524 -0.205078
FixedParameters: 0 0 0

#Transform 3
Transform: AffineTransform_float_3_3
Parameters: 1 0.000193162 -0.00052231 -0.000193837 0.999998 -0.0016049 0.000521689 0.0016041 0.999998 -0.0918205 -0.175143 -0.277412
FixedParameters: 0 0 0

#Transform 4
Transform: AffineTransform_float_3_3
Parameters: 0.999999 -1.5103e-06 -0.000940999 4.89691e-07 0.999998 -0.001605 0.000941002 0.001605 0.999999 -0.0801573 -0.121852 -0.206596
FixedParameters: 0 0 0

#Transform 5
Transform: AffineTransform_float_3_3
Parameters: 0.999999 -0.000221788 -0.000887554 0.000219213 0.999998 -0.00201419 0.000887443 0.0020138 0.999997 -0.069912 -0.147019 -0.1931
FixedParameters: 0 0 0

#Transform 6
Transform: AffineTransform_float_3_3
Parameters: 1 -0.000148196 -0.0010567 0.000145806 0.999998 -0.00207716 0.00105631 0.00207784 0.999998 -0.0733162 -0.120715 -0.211332
FixedParameters: 0 0 0

#Transform 7
Transform: AffineTransform_float_3_3
Parameters: 0.999999 -0.000332779 -0.000940372 0.000331222 0.999998 -0.00189131 0.000940627 0.00189069 0.999998 -0.0660125 -0.0860068 -0.218818
FixedParameters: 0 0 0

#Transform 8
Transform: AffineTransform_float_3_3
Parameters: 1 -0.000393336 -0.000940442 0.000391665 0.999999 -0.00142037 0.000940557 0.00141963 0.999998 -0.053101 -0.0324597 -0.062063
FixedParameters: 0 0 0

#Transform 9
Transform: AffineTransform_float_3_3
Parameters: 1 -0.000348348 -0.000549779 0.000348652 0.999999 -0.000633191 0.00055022 0.000632808 0.999999 -0.0533205 0.0547626 0.00620594
FixedParameters: 0 0 0

#Transform 10
Transform: AffineTransform_float_3_3
Parameters: 1 -0.00042825 -0.000401733 0.00042775 0.999999 -0.000622172 0.000402266 0.000621827 0.999999 -0.0484002 -0.00609003 -0.0939469
FixedParameters: 0 0 0

#Transform 11
Transform: AffineTransform_float_3_3
Parameters: 0.999999 -0.000830233 -0.000224139 0.000829767 0.999999 -0.00103719 0.000224861 0.00103681 1 -0.0268243 -0.189214 -0.149167
FixedParameters: 0 0 0

#Transform 12
Transform: AffineTransform_float_3_3
Parameters: 1 -0.000412148 -0.000113465 0.000412852 0.999999 -0.00129805 0.000114536 0.00129795 0.999999 -0.0353821 -0.212076 -0.18293
FixedParameters: 0 0 0

#Transform 13
Transform: AffineTransform_float_3_3
Parameters: 1 -0.000633181 -0.000103902 0.000632819 0.999999 -0.00173407 0.000105097 0.00173393 0.999998 -0.00237086 -0.0866438 -0.244101
FixedParameters: 0 0 0

#Transform 14
Transform: AffineTransform_float_3_3
Parameters: 1 -0.00063318 -0.000103911 0.00063282 0.999999 -0.00172007 0.000105089 0.00171993 0.999998 0.00579691 -0.102491 -0.174938
FixedParameters: 0 0 0

#Transform 15
Transform: AffineTransform_float_3_3
Parameters: 1 9.68312e-05 -0.000105156 -9.71701e-05 0.999998 -0.00160599 0.000105844 0.00160601 0.999998 -0.0254803 -0.104761 -0.152618
FixedParameters: 0 0 0

#Transform 16
Transform: AffineTransform_float_3_3
Parameters: 1 -1.4184e-05 -0.000104975 1.38159e-05 0.999999 -0.001753 0.000105024 0.001753 0.999999 -0.0207505 -0.151926 -0.198136
FixedParameters: 0 0 0

#Transform 17
Transform: AffineTransform_float_3_3
Parameters: 1 -0.000312211 -0.000104371 0.000311788 0.999998 -0.00201403 0.000105628 0.00201397 0.999998 -0.0100414 -0.12918 -0.24226
FixedParameters: 0 0 0

#Transform 18
Transform: AffineTransform_float_3_3
Parameters: 1 -0.000130111 -0.000104863 0.000129889 1 -0.00105701 0.000105137 0.00105699 1 -0.0171218 -0.026644 -0.0997409
FixedParameters: 0 0 0

#Transform 19
Transform: AffineTransform_float_3_3
Parameters: 1 3.95276e-06 -0.000201001 -4.04723e-06 1 -0.000234999 0.000200999 0.000235001 1 -0.0105575 0.00745291 -0.0643288
FixedParameters: 0 0 0

#Transform 20
Transform: AffineTransform_float_3_3
Parameters: 1 4.79984e-05 -0.000105001 -4.80016e-05 1 -1.4995e-05 0.000104999 1.5005e-05 1 -0.000810483 0.0172744 0.0163997
FixedParameters: 0 0 0

#Transform 21
Transform: AffineTransform_float_3_3
Parameters: 1 -7.60318e-05 -0.000104977 7.59682e-05 1 -0.000303008 0.000105023 0.000302992 1 -0.0220772 -0.101984 -0.0895721
FixedParameters: 0 0 0

#Transform 22
Transform: AffineTransform_float_3_3
Parameters: 1 -0.000231149 -0.000104672 0.000230851 0.999999 -0.00142002 0.000105328 0.00141998 0.999999 -0.051234 -0.144596 -0.205438
FixedParameters: 0 0 0

#Transform 23
Transform: AffineTransform_float_3_3
Parameters: 1 -0.000258326 -0.000229633 0.000258673 0.999999 -0.00142006 0.000230368 0.00141994 0.999999 -0.0657402 -0.12145 -0.186337
FixedParameters: 0 0 0

#Transform 24
Transform: AffineTransform_float_3_3
Parameters: 1 -0.000169588 -0.000384741 0.000169411 0.999999 -0.00152806 0.000385259 0.00152793 0.999999 -0.0629057 -0.17424 -0.156329
FixedParameters: 0 0 0

#Transform 25
Transform: AffineTransform_float_3_3
Parameters: 1 -0.000418786 -0.0004112 0.000418214 0.999998 -0.00191117 0.0004118 0.00191083 0.999998 -0.0410017 -0.0531479 -0.147802
FixedParameters: 0 0 0

#Transform 26
Transform: AffineTransform_float_3_3
Parameters: 1 -0.00018103 -0.000564671 0.000179969 0.999999 -0.0018241 0.000565329 0.0018239 0.999998 -0.0532669 0.00110822 -0.168384
FixedParameters: 0 0 0

#Transform 27
Transform: AffineTransform_float_3_3
Parameters: 0.999999 -0.000809328 -0.000410353 0.000809672 1 -0.000799333 0.000410647 0.000799668 0.999999 0.000681038 -0.00931425 -0.124719
FixedParameters: 0 0 0

#Transform 28
Transform: AffineTransform_float_3_3
Parameters: 1 -0.000633051 -0.000193831 0.000632948 1 -0.000267123 0.000193169 0.000266878 1 -0.00364243 -0.020906 -0.105454
FixedParameters: 0 0 0

#Transform 29
Transform: AffineTransform_float_3_3
Parameters: 1 0.000449001 -3.82848e-06 -0.000448998 1 0.000382002 4.17152e-06 -0.000381998 1 -0.0475556 -0.0126495 -0.0104339
FixedParameters: 0 0 0

#Transform 30
Transform: AffineTransform_float_3_3
Parameters: 1 0.000449008 1.88056e-05 -0.000448992 1 -0.000433008 -1.91944e-05 0.000432991 1 -0.0472238 -0.0740387 -0.0887295
FixedParameters: 0 0 0

#Transform 31
Transform: AffineTransform_float_3_3
Parameters: 1 0.000448408 -0.000377704 -0.000448593 0.999998 -0.00156983 0.000377296 0.00156917 0.999998 -0.0608317 -0.105898 -0.249079
FixedParameters: 0 0 0

#Transform 32
Transform: AffineTransform_float_3_3
Parameters: 0.999999 0.000447913 -0.000565863 -0.000449088 0.999998 -0.00192375 0.000565137 0.00192325 0.999998 -0.0636065 -0.215609 -0.232141
FixedParameters: 0 0 0

#Transform 33
Transform: AffineTransform_float_3_3
Parameters: 1 0.000115893 -0.000565228 -0.000117109 0.999998 -0.00195893 0.000565772 0.00195907 0.999998 -0.0439775 -0.149905 -0.235243
FixedParameters: 0 0 0

#Transform 34
Transform: AffineTransform_float_3_3
Parameters: 1 -0.000115763 -0.000564844 0.000115237 0.999999 -0.00135007 0.000565156 0.00134993 0.999999 -0.0393881 -0.0390143 -0.189282
FixedParameters: 0 0 0

#Transform 35
Transform: AffineTransform_float_3_3
Parameters: 1 1.99987e-05 -5.40005e-05 -2.00013e-05 1 -2.39989e-05 5.39995e-05 2.40011e-05 1 -0.0298334 -0.0412229 -0.0686322
FixedParameters: 0 0 0

#Transform 36
Transform: AffineTransform_float_3_3
Parameters: 1 2.01308e-05 -0.000150983 -1.98692e-05 0.999999 0.000866002 0.000151017 -0.000865996 0.999999 -0.031259 0.00739072 0.0120115
FixedParameters: 0 0 0

#Transform 37
Transform: AffineTransform_float_3_3
Parameters: 1 0.000431003 -1.99384e-05 -0.000430997 1 0.000143009 2.00616e-05 -0.000142991 1 -0.0470365 0.0400409 -0.00369412
FixedParameters: 0 0 0

#Transform 38
Transform: AffineTransform_float_3_3
Parameters: 1 0.000240998 -5.07206e-06 -0.000241001 1 -0.000298999 4.92794e-06 0.000299001 1 -0.029531 -0.127318 -0.0905141
FixedParameters: 0 0 0

#Transform 39
Transform: AffineTransform_float_3_3
Parameters: 1 0.000247038 -0.000565421 -0.000247962 0.999998 -0.00170086 0.000565579 0.00170114 0.999999 -0.0410298 -0.206022 -0.201407
FixedParameters: 0 0 0

#Transform 40
Transform: AffineTransform_float_3_3
Parameters: 1 0.000203935 -0.000565385 -0.000205067 0.999998 -0.00188488 0.000565614 0.00188512 0.999998 -0.0251064 -0.178411 -0.1987
FixedParameters: 0 0 0

#Transform 41
Transform: AffineTransform_float_3_3
Parameters: 1 0.00035488 -0.000565704 -0.000356121 0.999998 -0.0019818 0.000565295 0.0019812 0.999998 -0.0315973 -0.0494889 -0.100797
FixedParameters: 0 0 0

#Transform 42
Transform: AffineTransform_float_3_3
Parameters: 1 0.000598956 -0.000185141 -0.000599043 1 -0.000234889 0.00018486 0.000234111 1 -0.0366681 -0.0468863 0.0842472
FixedParameters: 0 0 0

#Transform 43
Transform: AffineTransform_float_3_3
Parameters: 0.999999 0.000753333 -0.000565889 -0.000753667 0.999999 -0.00117957 0.000565111 0.00117943 0.999999 -0.0576991 -0.0498101 -0.15926
FixedParameters: 0 0 0

#Transform 44
Transform: AffineTransform_float_3_3
Parameters: 1 0.000236793 -0.000490585 -0.000238206 0.999997 -0.00246288 0.000489415 0.00246212 0.999997 -0.0443867 -0.0989227 -0.352984
FixedParameters: 0 0 0

#Transform 45
Transform: AffineTransform_float_3_3
Parameters: 0.999999 0.000689622 -0.000431605 -0.000690379 1 -0.000876702 0.000431395 0.000876298 0.999999 -0.0626452 -0.132798 -0.164694
FixedParameters: 0 0 0

#Transform 46
Transform: AffineTransform_float_3_3
Parameters: 1 0.000321988 -0.000216017 -0.000322012 1 -5.39304e-05 0.000215983 5.40695e-05 1 -0.037264 0.0342519 -0.0395093
FixedParameters: 0 0 0

#Transform 47
Transform: AffineTransform_float_3_3
Parameters: 1 0.000320969 -0.00019505 -0.000321031 1 -0.000156937 0.00019495 0.000157063 1 -0.0500128 -0.0321518 -0.112159
FixedParameters: 0 0 0

#Transform 48
Transform: AffineTransform_float_3_3
Parameters: 1 -1.85655e-05 -0.000324968 1.84345e-05 0.999999 -0.00174001 0.000325033 0.00174 0.999999 -0.0120486 -0.156165 -0.175176
FixedParameters: 0 0 0

#Transform 49
Transform: AffineTransform_float_3_3
Parameters: 1 0.000244052 -0.000402576 -0.000244946 0.999997 -0.0023559 0.000401424 0.0023561 0.999997 -0.018923 -0.0886074 -0.106882
FixedParameters: 0 0 0

#Transform 50
Transform: AffineTransform_float_3_3
Parameters: 1 0.000244515 -0.000400297 -0.000245485 0.999999 -0.0012129 0.000399703 0.0012131 0.999999 -0.0206325 -6.93824e-05 -0.039421
FixedParameters: 0 0 0

#Transform 51
Transform: AffineTransform_float_3_3
Parameters: 1 0.000111037 -0.000220981 -0.000110963 1 0.000169025 0.000221019 -0.000168975 1 -0.0139706 0.0751752 -0.0720776
FixedParameters: 0 0 0

#Transform 52
Transform: AffineTransform_float_3_3
Parameters: 1 -0.000144995 5.00145e-05 0.000145005 1 -9.99927e-05 -4.99855e-05 0.000100007 1 -0.00350949 -0.0608606 -0.0993749
FixedParameters: 0 0 0

#Transform 53
Transform: AffineTransform_float_3_3
Parameters: 1 1.77281e-05 -0.000264019 -1.82719e-05 1 -0.00103 0.000263981 0.00103001 1 -0.0224149 -0.137966 -0.166393
FixedParameters: 0 0 0

#Transform 54
Transform: AffineTransform_float_3_3
Parameters: 1 -5.54866e-06 -0.00029899 4.45133e-06 0.999999 -0.001835 0.000299009 0.001835 0.999999 -0.0145228 -0.201921 -0.25215
FixedParameters: 0 0 0

#Transform 55
Transform: AffineTransform_float_3_3
Parameters: 1 0.000244363 -0.000440354 -0.000244636 0.999999 -0.00144589 0.000439647 0.00144611 0.999999 -0.0289889 -0.169284 -0.254207
FixedParameters: 0 0 0

#Transform 56
Transform: AffineTransform_float_3_3
Parameters: 1 0.000104026 -0.000513198 -0.000104973 0.999998 -0.00189795 0.000512802 0.00189805 0.999998 -0.0326109 -0.0941272 -0.185634
FixedParameters: 0 0 0

#Transform 57
Transform: AffineTransform_float_3_3
Parameters: 1 0.000244865 -0.000285116 -0.000245135 1 -0.00047293 0.000285884 0.00047307 1 -0.0273296 -0.020955 -0.0853628
FixedParameters: 0 0 0

#Transform 58
Transform: AffineTransform_float_3_3
Parameters: 1 0.000244813 -0.000362126 -0.000245187 1 -0.000515911 0.000361873 0.000516088 1 -0.0353832 -0.0765491 -0.104466
FixedParameters: 0 0 0

#Transform 59
Transform: AffineTransform_float_3_3
Parameters: 1 0.000244049 -0.000565412 -0.000244952 0.999998 -0.00168286 0.000565589 0.00168314 0.999999 -0.0573681 -0.122233 -0.236911
FixedParameters: 0 0 0

#Transform 60
Transform: AffineTransform_float_3_3
Parameters: 1 0.000243484 -0.000565655 -0.000244517 0.999997 -0.00268186 0.000565346 0.00268214 0.999996 -0.0512586 -0.130675 -0.253683
FixedParameters: 0 0 0

#Transform 61
Transform: AffineTransform_float_3_3
Parameters: 0.999999 -0.000487597 -0.000564485 0.000487402 1 -0.00105728 0.000565515 0.00105673 1 -0.00178088 -0.0856442 -0.0763435
FixedParameters: 0 0 0

#Transform 62
Transform: AffineTransform_float_3_3
Parameters: 1 -0.000487007 -2.4867e-05 0.000486993 1 -0.000273012 2.51329e-05 0.000272988 1 0.0165305 0.0440889 -0.0710578
FixedParameters: 0 0 0

#Transform 63
Transform: AffineTransform_float_3_3
Parameters: 1 7.5024e-05 5.59678e-05 -7.4976e-05 1 -0.000429004 -5.60322e-05 0.000428996 1 -0.000473268 -0.0148041 -0.17716
FixedParameters: 0 0 0

#Transform 64
Transform: AffineTransform_float_3_3
Parameters: 1 -0.000108879 0.000314042 0.000109121 1 -0.000385966 -0.000313958 0.000386034 1 0.0184123 -0.0389621 -0.185681
FixedParameters: 0 0 0

#Transform 65
Transform: AffineTransform_float_3_3
Parameters: 1 0.000167235 0.000313875 -0.000166765 0.999999 -0.000749052 -0.000314125 0.000748947 0.999999 -0.0460094 -0.143394 -0.171322
FixedParameters: 0 0 0

#Transform 66
Transform: AffineTransform_float_3_3
Parameters: 1 0.000268166 0.000313858 -0.000268834 1 -0.000528084 -0.000314142 0.000527916 1 -0.0517854 -0.159368 -0.198436
FixedParameters: 0 0 0

#Transform 67
Transform: AffineTransform_float_3_3
Parameters: 1 4.6608e-05 -0.00036505 -4.7392e-05 1 -0.00107398 0.000364949 0.00107402 1 -0.0554054 -0.124248 -0.204224
FixedParameters: 0 0 0

#Transform 68
Transform: AffineTransform_float_3_3
Parameters: 1 0.000151513 -0.000365202 -0.000151486 0.999999 -0.00133294 0.000364798 0.00133306 0.999999 -0.0614081 -0.185941 -0.185702
FixedParameters: 0 0 0

#Transform 69
Transform: AffineTransform_float_3_3
Parameters: 1 0.000162339 -0.000539199 -0.000162661 0.999999 -0.00122591 0.000538801 0.00122609 0.999999 -0.0653791 -0.044859 -0.139931
FixedParameters: 0 0 0

#Transform 70
Transform: AffineTransform_float_3_3
Parameters: 1 0.000102877 -0.000365035 -0.000103123 1 -0.000335962 0.000364965 0.000336038 1 -0.0521377 0.0342727 -0.0433095
FixedParameters: 0 0 0

#Transform 71
Transform: AffineTransform_float_3_3
Parameters: 1 0.000199069 -0.000166917 -0.000198931 1 0.000415033 0.000167083 -0.000414967 1 -0.0573182 -0.0231159 -0.0427238
FixedParameters: 0 0 0

#Transform 72
Transform: AffineTransform_float_3_3
Parameters: 1 0.00020198 -8.90444e-05 -0.00020202 1 -0.000219982 8.89556e-05 0.000220018 1 -0.0598865 -0.0701343 -0.0898422
FixedParameters: 0 0 0

#Transform 73
Transform: AffineTransform_float_3_3
Parameters: 1 -0.000263989 1.12577e-05 0.000264011 1 -0.000975997 -1.07423e-05 0.000976003 0.999999 -0.0348801 -0.122647 -0.172615
FixedParameters: 0 0 0

#Transform 74
Transform: AffineTransform_float_3_3
Parameters: 1 -0.000487523 -0.0003643 0.000487477 0.999999 -0.00143618 0.0003647 0.00143582 0.999999 -0.0383985 -0.150474 -0.27619
FixedParameters: 0 0 0

#Transform 75
Transform: AffineTransform_float_3_3
Parameters: 1 0.000192461 -0.000365285 -0.000192539 0.999999 -0.00147693 0.000364716 0.00147707 0.999999 -0.0554596 -0.230758 -0.256307
FixedParameters: 0 0 0

#Transform 76
Transform: AffineTransform_float_3_3
Parameters: 1 0.000372367 -0.000365646 -0.000372634 0.999999 -0.00173287 0.000365355 0.00173314 0.999999 -0.0562723 -0.0863625 -0.136446
FixedParameters: 0 0 0

#Transform 77
Transform: AffineTransform_float_3_3
Parameters: 1 0.000377986 -0.000296018 -0.000378014 1 -4.68881e-05 0.000295982 4.71119e-05 1 -0.0491743 0.00230521 0.0391401
FixedParameters: 0 0 0

#Transform 78
Transform: AffineTransform_float_3_3
Parameters: 1 0.000328983 2.91895e-05 -0.000329017 1 0.00057599 -2.88105e-05 -0.000576009 1 -0.0373674 0.0298608 0.0989757
FixedParameters: 0 0 0

#Transform 79
Transform: AffineTransform_float_3_3
Parameters: 1 -3.09923e-05 0.000220001 3.10077e-05 1 -3.49932e-05 -0.000219999 3.50068e-05 1 -0.0226768 -0.017953 -0.123058
FixedParameters: 0 0 0

#Transform 80
Transform: AffineTransform_float_3_3
Parameters: 1 -8.67891e-05 0.00012215 8.62105e-05 0.999998 -0.00172699 -0.000121851 0.00172701 0.999998 -0.0178084 -0.14642 -0.313609
FixedParameters: 0 0 0

#Transform 81
Transform: AffineTransform_float_3_3
Parameters: 1 -0.000540818 -0.000363787 0.000540181 0.999998 -0.0022452 0.000365214 0.0022448 0.999998 -0.00545736 -0.214472 -0.342562
FixedParameters: 0 0 0

#Transform 82
Transform: AffineTransform_float_3_3
Parameters: 1 -0.00054306 -3.50888e-05 0.000542941 0.999999 -0.00167802 3.59111e-05 0.00167798 0.999998 0.0208111 -0.0269867 -0.143403
FixedParameters: 0 0 0

#Transform 83
Transform: AffineTransform_float_3_3
Parameters: 1 0.000108861 0.000320047 -0.000109139 1 0.000433965 -0.000319953 -0.000434035 1 0.0173899 0.0350931 0.103605
FixedParameters: 0 0 0

#Transform 84
Transform: AffineTransform_float_3_3
Parameters: 1 0.000365424 0.000967218 -0.000365575 1 0.000594647 -0.000966783 -0.000595354 1 -0.0183291 -0.0349973 0.0486691
FixedParameters: 0 0 0

#Transform 85
Transform: AffineTransform_float_3_3
Parameters: 1 0.000366311 0.000552794 -0.000365688 1 -0.000563202 -0.000553206 0.000562797 0.999999 -0.0251289 -0.107664 -0.181916
FixedParameters: 0 0 0

#Transform 86
Transform: AffineTransform_float_3_3
Parameters: 1 0.000366459 0.000257347 -0.00036554 0.999999 -0.0017821 -0.000258652 0.00178191 0.999999 -0.0388025 -0.158752 -0.23398
FixedParameters: 0 0 0

#Transform 87
Transform: AffineTransform_float_3_3
Parameters: 1 0.00015807 7.28483e-05 -0.00015793 0.999999 -0.000960011 -7.31516e-05 0.000959988 0.999999 -0.0364907 -0.122645 -0.134556
FixedParameters: 0 0 0

#Transform 88
Transform: AffineTransform_float_3_3
Parameters: 1 5.10934e-05 0.000167972 -5.09066e-05 1 -0.000556008 -0.000168028 0.000555991 1 -0.0272785 -0.0423561 -0.117178
FixedParameters: 0 0 0

#Transform 89
Transform: AffineTransform_float_3_3
Parameters: 1 -9.71091e-05 0.000342969 9.78909e-05 1 0.000318034 -0.000343031 -0.000317967 1 -0.0151692 -0.0571519 -0.0583827
FixedParameters: 0 0 0

#Transform 90
Transform: AffineTransform_float_3_3
Parameters: 1 0.000128839 0.000501041 -0.000129161 1 0.000321935 -0.000500958 -0.000322065 1 -0.0276016 0.012754 -0.0406373
FixedParameters: 0 0 0

#Transform 91
Transform: AffineTransform_float_3_3
Parameters: 1 -9.69508e-05 0.000614008 9.70491e-05 1 -7.99404e-05 -0.000613992 8.00595e-05 1 -0.00515904 -0.0321391 -0.130154
FixedParameters: 0 0 0

#Transform 92
Transform: AffineTransform_float_3_3
Parameters: 1 8.01147e-05 0.000424978 -7.98852e-05 1 -0.000270034 -0.000425021 0.000269966 1 -0.0202991 -0.0871253 -0.126906
FixedParameters: 0 0 0

#Transform 93
Transform: AffineTransform_float_3_3
Parameters: 1 0.00027842 0.000424725 -0.00027758 1 -0.000988119 -0.000425275 0.000988883 1 -0.00242231 -0.15965 -0.164589
FixedParameters: 0 0 0

#Transform 94
Transform: AffineTransform_float_3_3
Parameters: 1 -9.65996e-05 0.00024216 9.74001e-05 0.999998 -0.00165398 -0.000241839 0.00165402 0.999998 -0.000237544 -0.159889 -0.21592
FixedParameters: 0 0 0

#Transform 95
Transform: AffineTransform_float_3_3
Parameters: 1 -9.72793e-05 -0.000149819 9.77204e-05 0.999999 -0.00186302 0.000150182 0.00186299 0.999999 -0.00997687 -0.0952514 -0.245073
FixedParameters: 0 0 0

#Transform 96
Transform: AffineTransform_float_3_3
Parameters: 1 0.000319142 0.000222797 -0.000318858 0.999999 -0.000636071 -0.000223203 0.000635929 1 -0.00632735 0.0185289 -0.116891
FixedParameters: 0 0 0

#Transform 97
Transform: AffineTransform_float_3_3
Parameters: 1 0.000433101 0.00033987 -0.000432898 1 -0.000299147 -0.000340129 0.000298853 1 -0.0021274 0.084191 -0.0907582
FixedParameters: 0 0 0

#Transform 98
Transform: AffineTransform_float_3_3
Parameters: 0.999999 9.672e-05 0.000802033 -9.72798e-05 1 0.000348922 -0.000801966 -0.000349078 0.999999 -0.0303547 -0.0806386 -0.0917056
FixedParameters: 0 0 0

#Transform 99
Transform: AffineTransform_float_3_3
Parameters: 0.999999 0.000148156 0.000869973 -0.000148843 1 -0.000180129 -0.000870026 0.000179871 0.999999 -0.0313104 -0.187642 -0.171315
FixedParameters: 0 0 0

#Transform 100
Transform: AffineTransform_float_3_3
Parameters: 1 0.000418652 0.000513469 -0.000418347 0.999999 -0.00127022 -0.000514532 0.00126979 0.999999 -0.0474423 -0.210329 -0.23886
FixedParameters: 0 0 0

#Transform 101
Transform: AffineTransform_float_3_3
Parameters: 1 0.000585541 0.000302956 -0.000584459 0.999998 -0.00178418 -0.000304043 0.00178382 0.999999 -0.057922 -0.129639 -0.225297
FixedParameters: 0 0 0

#Transform 102
Transform: AffineTransform_float_3_3
Parameters: 1 0.000316429 0.000280517 -0.00031657 0.999999 -0.00152809 -0.000281484 0.00152791 0.999999 -0.0448149 -0.0431677 -0.228284
FixedParameters: 0 0 0

#Transform 103
Transform: AffineTransform_float_3_3
Parameters: 0.999999 -9.67744e-05 0.000968022 9.72254e-05 1 -0.000232906 -0.000967976 0.000233094 0.999999 -0.00474965 -0.0970328 -0.073264
FixedParameters: 0 0 0

#Transform 104
Transform: AffineTransform_float_3_3
Parameters: 1 -9.80393e-05 0.00107591 9.79605e-05 0.999999 0.000966105 -0.0010761 -0.000965895 0.999999 0.00717343 -0.00120202 0.128952
FixedParameters: 0 0 0

#Transform 105
Transform: AffineTransform_float_3_3
Parameters: 0.999999 0.000687458 0.0013198 -0.000689542 0.999999 0.00116809 -0.0013192 -0.00116891 0.999999 -0.00478148 -0.0671195 0.0722283
FixedParameters: 0 0 0

#Transform 106
Transform: AffineTransform_float_3_3
Parameters: 1 0.000366769 0.000946703 -0.000366232 0.999999 -0.000812347 -0.000946298 0.000811653 0.999999 -0.00340302 -0.1336 -0.193522
FixedParameters: 0 0 0

#Transform 107
Transform: AffineTransform_float_3_3
Parameters: 0.999999 0.000732768 0.000702199 -0.000732232 0.999999 -0.00109352 -0.000702801 0.00109349 0.999999 -0.0609227 -0.141704 -0.215192
FixedParameters: 0 0 0

#Transform 108
Transform: AffineTransform_float_3_3
Parameters: 0.999999 -0.000669898 0.000713036 0.000671101 0.999998 -0.00154552 -0.000711963 0.00154548 0.999998 0.0624458 -0.171657 -0.330066
FixedParameters: 0 0 0

#Transform 109
Transform: AffineTransform_float_3_3
Parameters: 0.999999 1.32554e-05 0.000823995 -1.27446e-05 1 -0.00031001 -0.000824003 0.000309989 0.999999 0.00466333 -0.136156 -0.26156
FixedParameters: 0 0 0

#Transform 110
Transform: AffineTransform_float_3_3
Parameters: 0.999999 0.00101874 0.00109418 -0.00102026 0.999999 0.00115388 -0.00109382 -0.00115512 0.999998 -0.0305098 -0.096843 -0.0374108
FixedParameters: 0 0 0

#Transform 111
Transform: AffineTransform_float_3_3
Parameters: 0.999998 0.00102914 0.00134443 -0.00103086 0.999998 0.00138662 -0.00134257 -0.00138738 0.999998 -0.0679713 0.0583603 0.0323234
FixedParameters: 0 0 0

#Transform 112
Transform: AffineTransform_float_3_3
Parameters: 0.999998 0.000686521 0.00145317 -0.000689479 0.999999 0.001706 -0.00145183 -0.001707 0.999998 -0.0519319 -0.00318876 0.0364508
FixedParameters: 0 0 0

#Transform 113
Transform: AffineTransform_float_3_3
Parameters: 0.999999 0.000584994 0.001149 -0.000585007 1 5.32783e-06 -0.001149 -5.67216e-06 1 -0.0449114 -0.142789 -0.140348
FixedParameters: 0 0 0

#Transform 114
Transform: AffineTransform_float_3_3
Parameters: 0.999999 0.000548806 0.00115562 -0.000548194 0.999999 -0.000697634 -0.00115638 0.000697366 0.999999 -0.0454367 -0.199762 -0.212486
FixedParameters: 0 0 0

#Transform 115
Transform: AffineTransform_float_3_3
Parameters: 0.999999 0.00060117 0.00061085 -0.000600829 0.999998 -0.00191437 -0.000612151 0.00191363 0.999998 -0.0552742 -0.192494 -0.31862
FixedParameters: 0 0 0

#Transform 116
Transform: AffineTransform_float_3_3
Parameters: 0.999999 0.000565085 0.000759193 -0.000563913 0.999999 -0.00142943 -0.000760806 0.00142857 0.999998 -0.0486494 -0.177563 -0.22029
FixedParameters: 0 0 0

#Transform 117
Transform: AffineTransform_float_3_3
Parameters: 0.999998 0.00106826 0.00176866 -0.00107074 0.999998 0.00154711 -0.00176634 -0.00154889 0.999997 -0.0468995 -0.00500801 0.0530912
FixedParameters: 0 0 0

#Transform 118
Transform: AffineTransform_float_3_3
Parameters: 0.999998 0.00126094 0.00191102 -0.00126406 0.999998 0.00159959 -0.00190898 -0.00160241 0.999997 -0.0518816 0.0413987 0.0535731
FixedParameters: 0 0 0

#Transform 119
Transform: AffineTransform_float_3_3
Parameters: 0.999999 0.00135006 0.00117993 -0.00134994 0.999999 -5.45929e-05 -0.00118007 5.24069e-05 1 -0.0643515 -0.0478782 -0.132017
FixedParameters: 0 0 0
