#Insight Transform File V1.0
#Transform 0
Transform: AffineTransform_float_3_3
Parameters: 1 0 0 0 1 3.7e-05 0 -3.7e-05 1 0 0.000172269 0.0653089
FixedParameters: 0 0 0

#Transform 1
Transform: AffineTransform_float_3_3
Parameters: 1 -0.000300761 -0.000405177 0.000300239 1 0.000589878 0.000404823 -0.000590122 0.999999 0.0191507 -0.0377311 -0.0113535
FixedParameters: 0 0 0

#Transform 2
Transform: AffineTransform_float_3_3
Parameters: 0.999999 -0.000653015 -0.00034997 0.000652984 1 -4.52285e-05 0.000350029 4.47714e-05 1 0.0215315 -0.0217743 -0.137081
FixedParameters: 0 0 0

#Transform 3
Transform: AffineTransform_float_3_3
Parameters: 0.999999 -0.000652604 -0.000665387 0.000652394 0.999999 0.000593566 0.000664612 -0.000594434 0.999999 0.0362526 -0.018042 -0.0437112
FixedParameters: 0 0 0

#Transform 4
Transform: AffineTransform_float_3_3
Parameters: 0.999999 -0.000837112 -0.000504812 0.000836886 0.999999 -0.000224422 0.000505187 0.000223577 1 0.038054 -0.087694 -0.00861985
FixedParameters: 0 0 0

#Transform 5
Transform: AffineTransform_float_3_3
Parameters: 1 -0.000223664 -0.000659114 0.000224336 1 0.000509852 0.000659885 -0.000510147 0.999999 0.0470334 -0.0604937 -0.0213369
FixedParameters: 0 0 0

#Transform 6
Transform: AffineTransform_float_3_3
Parameters: 1 -0.000452089 -0.0004049 0.00045191 1 -0.000221183 0.0004051 0.000220817 1 0.0433991 0.0491858 -0.00820036
FixedParameters: 0 0 0

#Transform 7
Transform: AffineTransform_float_3_3
Parameters: 1 -0.000176779 -0.000405096 0.000177221 1 0.000544928 0.000404903 -0.000545071 1 0.0422953 -0.0657606 -0.093259
FixedParameters: 0 0 0

#Transform 8
Transform: AffineTransform_float_3_3
Parameters: 1 -0.00023707 -0.000404959 0.00023693 1 -0.000173096 0.000405041 0.000172904 1 0.0332811 0.0593288 0.0350862
FixedParameters: 0 0 0

#Transform 9
Transform: AffineTransform_float_3_3
Parameters: 1 -6.71267e-05 -0.000404979 6.68732e-05 1 -0.000313027 0.000405021 0.000312973 1 0.0247924 0.0258034 -0.0418594
FixedParameters: 0 0 0

#Transform 10
Transform: AffineTransform_float_3_3
Parameters: 1 -0.000236966 -0.00040502 0.000237034 1 8.4904e-05 0.00040498 -8.5096e-05 1 0.0333318 0.00935097 -0.0607067
FixedParameters: 0 0 0

#Transform 11
Transform: AffineTransform_float_3_3
Parameters: 1 -0.000237004 -0.000218996 0.000236996 1 -1.70519e-05 0.000219004 1.69481e-05 1 0.0344211 0.00871634 0.000994609
FixedParameters: 0 0 0

#Transform 12
Transform: AffineTransform_float_3_3
Parameters: 1 -0.000542168 -0.000404775 0.000541832 1 -0.000415219 0.000404225 0.000414781 1 0.0442801 -0.0127475 -0.0551059
FixedParameters: 0 0 0

#Transform 13
Transform: AffineTransform_float_3_3
Parameters: 1 -0.000237 3.02915e-06 0.000237 1 -0.000122999 -2.97085e-06 0.000123001 1 0.0357687 0.00801218 0.0127632
FixedParameters: 0 0 0

#Transform 14
Transform: AffineTransform_float_3_3
Parameters: 0.999999 -0.000650045 -0.000404926 0.000649954 1 -0.000113263 0.000405073 0.000112737 1 0.0481363 0.00731311 0.0136103
FixedParameters: 0 0 0

#Transform 15
Transform: AffineTransform_float_3_3
Parameters: 1 -0.00036403 -8.08668e-05 0.00036397 1 -0.000366029 8.11332e-05 0.00036597 1 0.0426177 -0.03404 -0.0749622
FixedParameters: 0 0 0

#Transform 16
Transform: AffineTransform_float_3_3
Parameters: 0.999999 -0.000650148 -0.000404762 0.000649852 0.999999 -0.000366263 0.000404238 0.000366737 1 0.0481636 -0.0123278 -0.0221704
FixedParameters: 0 0 0

#Transform 17
Transform: AffineTransform_float_3_3
Parameters: 1 -0.000650008 -0.000127956 0.000649991 1 -6.70832e-05 0.000128043 6.69168e-05 1 0.0497613 0.0436645 0.0542692
FixedParameters: 0 0 0

#Transform 18
Transform: AffineTransform_float_3_3
Parameters: 1 -0.000109178 -0.000404952 0.000108822 1 -0.000439044 0.000405048 0.000438956 1 0.00396258 -0.0582371 -0.0924472
FixedParameters: 0 0 0

#Transform 19
Transform: AffineTransform_float_3_3
Parameters: 0.999999 -0.000663178 -0.000404709 0.000662822 0.999999 -0.000439268 0.000404291 0.000439732 1 0.056336 0.0745103 0.0109594
FixedParameters: 0 0 0

#Transform 20
Transform: AffineTransform_float_3_3
Parameters: 1 -1.01405e-05 -0.000404996 9.85946e-06 1 -0.000347004 0.000405003 0.000346996 1 0.00916758 0.00791347 -0.00286808
FixedParameters: 0 0 0

#Transform 21
Transform: AffineTransform_float_3_3
Parameters: 1 -0.000248105 -0.000314918 0.000247895 1 -0.000332078 0.000315082 0.000331922 1 0.0183217 0.00762583 -0.00466309
FixedParameters: 0 0 0

#Transform 22
Transform: AffineTransform_float_3_3
Parameters: 1 -4.22543e-05 -0.000404973 4.27456e-05 1 -0.000628017 0.000405027 0.000627983 0.999999 0.0102971 0.00628452 -0.0560492
FixedParameters: 0 0 0

#Transform 23
Transform: AffineTransform_float_3_3
Parameters: 1 -0.000429178 -0.000404811 0.000428822 1 -0.000439174 0.000405188 0.000438826 1 0.0242615 -0.0392075 -0.0823216
FixedParameters: 0 0 0

#Transform 24
Transform: AffineTransform_float_3_3
Parameters: 1 -0.000500423 -0.000190894 0.000500577 0.999998 -0.0022111 0.000192107 0.0022109 0.999997 0.045471 0.0212164 -0.0145074
FixedParameters: 0 0 0

#Transform 25
Transform: AffineTransform_float_3_3
Parameters: 1 -0.000499193 0.000221826 0.000500808 0.999993 -0.00365389 -0.000220172 0.00365411 0.999994 0.0304903 -0.0180264 -0.256947
FixedParameters: 0 0 0

#Transform 26
Transform: AffineTransform_float_3_3
Parameters: 0.999999 -0.000869132 -0.000459748 0.000868866 0.999999 -0.000289399 0.000460252 0.0002896 1 0.0608571 -0.0166737 -0.086031
FixedParameters: 0 0 0

#Transform 27
Transform: AffineTransform_float_3_3
Parameters: 1 -0.000500527 -0.000404348 0.000500472 0.999999 -0.0013032 0.000405652 0.0013028 0.999999 0.0435205 0.0693526 -0.0194597
FixedParameters: 0 0 0

#Transform 28
Transform: AffineTransform_float_3_3
Parameters: 1 -0.000220311 -0.000458851 0.000219689 0.999999 -0.0006771 0.000459149 0.000677899 0.999999 0.00720086 0.00319493 -0.0204082
FixedParameters: 0 0 0

#Transform 29
Transform: AffineTransform_float_3_3
Parameters: 0.999999 -0.000500161 -0.000544852 0.000500838 1 -0.000296273 0.000545148 0.000295727 1 0.0527838 0.0568606 -0.0102888
FixedParameters: 0 0 0

#Transform 30
Transform: AffineTransform_float_3_3
Parameters: 0.999999 -0.00049998 -0.000545019 0.00050002 1 3.77275e-05 0.000544981 -3.72725e-05 1 0.0259937 -0.00890106 0.00814791
FixedParameters: 0 0 0

#Transform 31
Transform: AffineTransform_float_3_3
Parameters: 1 -0.000499984 -0.000439019 0.000500016 1 3.77805e-05 0.000438981 -3.72195e-05 1 0.0265522 0.0348876 0.097836
FixedParameters: 0 0 0

#Transform 32
Transform: AffineTransform_float_3_3
Parameters: 1 -0.000500367 -0.000407549 0.000500632 0.999999 -0.000901203 0.000408451 0.000900795 0.999999 0.00891334 -0.00850889 -0.100515
FixedParameters: 0 0 0

#Transform 33
Transform: AffineTransform_float_3_3
Parameters: 1 -0.000141948 -0.000545013 0.000142052 1 9.59226e-05 0.000544986 -9.60774e-05 1 0.0146961 0.0130639 0.00242177
FixedParameters: 0 0 0

#Transform 34
Transform: AffineTransform_float_3_3
Parameters: 1 -0.000578255 -0.000267449 0.000577745 1 -0.000952155 0.00026855 0.000952845 0.999999 0.0157619 0.0656297 0.0499788
FixedParameters: 0 0 0

#Transform 35
Transform: AffineTransform_float_3_3
Parameters: 1 -0.00014023 -0.000544941 0.000140769 1 -0.000423077 0.000545059 0.000422923 1 0.00364215 0.0202371 -0.0579595
FixedParameters: 0 0 0

#Transform 36
Transform: AffineTransform_float_3_3
Parameters: 0.999999 -0.000695258 -0.0004496 0.000694741 0.999999 -0.000575312 0.0004504 0.000575687 0.999999 0.0191712 0.0676753 -0.00412724
FixedParameters: 0 0 0

#Transform 37
Transform: AffineTransform_float_3_3
Parameters: 1 -0.000288485 -0.000544744 0.000288515 0.999999 -0.000890157 0.000545257 0.000889843 1 0.000502889 0.00899538 -0.0378232
FixedParameters: 0 0 0

#Transform 38
Transform: AffineTransform_float_3_3
Parameters: 1 -0.000193709 -0.000544748 0.000193291 0.999999 -0.00130111 0.000545252 0.00130089 0.999999 -0.00285114 0.00666719 -0.106061
FixedParameters: 0 0 0

#Transform 39
Transform: AffineTransform_float_3_3
Parameters: 0.999999 -0.000619306 -0.000544652 0.000619693 0.999999 -0.000562337 0.000545348 0.000561662 0.999999 0.0123586 -0.0222289 -0.0295018
FixedParameters: 0 0 0

#Transform 40
Transform: AffineTransform_float_3_3
Parameters: 1 -0.000288498 -0.000544737 0.000288502 0.999999 -0.000914157 0.000545264 0.000913843 1 0.00461103 0.0276677 -0.000240232
FixedParameters: 0 0 0

#Transform 41
Transform: AffineTransform_float_3_3
Parameters: 0.999999 -0.000726587 -0.000544217 0.000725413 0.999999 -0.0010784 0.000544782 0.00107761 1 0.0130385 0.0552907 -0.0881189
FixedParameters: 0 0 0

#Transform 42
Transform: AffineTransform_float_3_3
Parameters: 0.999999 -0.000511408 -0.000624666 0.000510591 0.999999 -0.000653319 0.000625334 0.00065368 0.999999 0.0167224 0.0149821 -0.00655173
FixedParameters: 0 0 0

#Transform 43
Transform: AffineTransform_float_3_3
Parameters: 0.999999 -0.000288711 -0.000767733 0.000288289 1 -0.000926222 0.000768267 0.000925779 1 0.00718429 0.0170876 -0.0744644
FixedParameters: 0 0 0

#Transform 44
Transform: AffineTransform_float_3_3
Parameters: 1 -0.000782802 -0.000772189 0.000781198 0.999999 -0.0010376 0.000773811 0.0010374 0.999999 0.0316627 0.00974785 0.00334495
FixedParameters: 0 0 0

#Transform 45
Transform: AffineTransform_float_3_3
Parameters: 0.999999 -0.00028897 -0.0009357 0.000288029 1 -0.00103727 0.000936299 0.00103673 0.999999 0.0128668 0.00182848 0.0136846
FixedParameters: 0 0 0

#Transform 46
Transform: AffineTransform_float_3_3
Parameters: 1 -0.000288757 -0.00103379 0.000288244 0.999999 -0.000731298 0.00103421 0.000731702 0.999999 0.00629013 -0.0245154 -0.103643
FixedParameters: 0 0 0

#Transform 47
Transform: AffineTransform_float_3_3
Parameters: 0.999999 0.000157261 -0.00122635 -0.000159741 0.999998 -0.00223381 0.00122665 0.0022342 0.999997 -0.019358 -0.0571895 -0.326127
FixedParameters: 0 0 0

#Transform 48
Transform: AffineTransform_float_3_3
Parameters: 0.999999 -0.000134909 -0.00122468 0.000132093 0.999997 -0.00237517 0.00122432 0.00237484 0.999997 0.00113495 0.0357918 0.0633481
FixedParameters: 0 0 0

#Transform 49
Transform: AffineTransform_float_3_3
Parameters: 0.999999 -0.000353402 -0.0012246 0.000352598 1 -0.00114543 0.0012244 0.00114457 0.999998 -0.00980217 0.0881244 0.100187
FixedParameters: 0 0 0

#Transform 50
Transform: AffineTransform_float_3_3
Parameters: 0.999999 -0.000364569 -0.00137885 0.000363431 1 -0.000412501 0.00137915 0.000412498 0.999999 -0.00831871 0.0559489 -0.143969
FixedParameters: 0 0 0

#Transform 51
Transform: AffineTransform_float_3_3
Parameters: 0.999999 -0.000613725 -0.00115662 0.000613276 0.999999 -0.00062671 0.00115638 0.000626291 0.999999 -0.0122537 0.0407459 -0.135153
FixedParameters: 0 0 0

#Transform 52
Transform: AffineTransform_float_3_3
Parameters: 0.999999 -0.000652693 -0.0013842 0.000650306 0.999999 -0.0012229 0.0013858 0.0012221 0.999999 0.00599527 0.0247444 -0.0434194
FixedParameters: 0 0 0

#Transform 53
Transform: AffineTransform_float_3_3
Parameters: 0.999999 -0.000521304 -0.00147419 0.000518696 0.999998 -0.00156277 0.00147481 0.00156223 0.999997 -0.0204758 0.0305872 -0.0166487
FixedParameters: 0 0 0

#Transform 54
Transform: AffineTransform_float_3_3
Parameters: 0.999998 -0.000777613 -0.00185933 0.000776387 1 -0.000868446 0.00185967 0.000866556 0.999998 -0.0106036 -0.00647808 -0.0737438
FixedParameters: 0 0 0

#Transform 55
Transform: AffineTransform_float_3_3
Parameters: 0.999999 -0.000720172 -0.00167207 0.000717828 0.999999 -0.0012992 0.00167293 0.0012978 0.999998 0.0173902 0.0402472 0.0395695
FixedParameters: 0 0 0

#Transform 56
Transform: AffineTransform_float_3_3
Parameters: 0.999999 -0.00069262 -0.00156629 0.000691382 0.999999 -0.00103408 0.00156672 0.00103292 0.999998 0.030636 0.0207373 -0.0800637
FixedParameters: 0 0 0

#Transform 57
Transform: AffineTransform_float_3_3
Parameters: 0.999999 -0.00078124 -0.00161192 0.000779759 0.999998 -0.00139026 0.00161309 0.00138874 0.999997 0.0141116 0.0233962 -0.0641438
FixedParameters: 0 0 0

#Transform 58
Transform: AffineTransform_float_3_3
Parameters: 0.999999 -0.000658929 -0.00131303 0.000657071 0.999998 -0.00146886 0.00131397 0.00146814 0.999998 0.020723 0.0259593 0.0345533
FixedParameters: 0 0 0

#Transform 59
Transform: AffineTransform_float_3_3
Parameters: 0.999999 -0.00078507 -0.00155245 0.000781931 0.999997 -0.00197722 0.00155355 0.00197578 0.999997 0.00486999 -0.0133676 -0.0878859
FixedParameters: 0 0 0

#Transform 60
Transform: AffineTransform_float_3_3
Parameters: 0.999998 -0.000744228 -0.00153792 0.000741771 0.999998 -0.00144914 0.00153907 0.00144786 0.999998 0.0191581 0.0400983 -0.0861754
FixedParameters: 0 0 0

#Transform 61
Transform: AffineTransform_float_3_3
Parameters: 0.999999 -0.000796115 -0.00128069 0.000793886 0.999999 -0.00165102 0.00128131 0.00164998 0.999998 0.0224281 0.0314566 0.0223856
FixedParameters: 0 0 0

#Transform 62
Transform: AffineTransform_float_3_3
Parameters: 0.999998 -0.000802828 -0.0018053 0.000799172 0.999998 -0.00212045 0.0018067 0.00211855 0.999996 0.0038342 0.0466465 -0.0974561
FixedParameters: 0 0 0

#Transform 63
Transform: AffineTransform_float_3_3
Parameters: 0.999997 -0.000726718 -0.00202903 0.000723283 0.999999 -0.00133947 0.00202997 0.00133853 0.999997 0.025169 0.0428047 0.00831384
FixedParameters: 0 0 0

#Transform 64
Transform: AffineTransform_float_3_3
Parameters: 0.999998 -0.000293394 -0.00185916 0.000288605 0.999995 -0.00290154 0.00185985 0.00290046 0.999994 -0.0129561 -0.0253217 -0.174865
FixedParameters: 0 0 0

#Transform 65
Transform: AffineTransform_float_3_3
Parameters: 0.999998 -0.000850007 -0.00206413 0.000842995 0.999994 -0.00339275 0.00206687 0.00339125 0.999992 0.0195999 0.0784311 -0.025611
FixedParameters: 0 0 0

#Transform 66
Transform: AffineTransform_float_3_3
Parameters: 0.999998 -0.000129908 -0.0021027 0.000125093 0.999998 -0.00233327 0.0021033 0.00233373 0.999995 -0.00645536 -0.0200046 -0.020332
FixedParameters: 0 0 0

#Transform 67
Transform: AffineTransform_float_3_3
Parameters: 0.999995 -0.00131927 -0.00261334 0.00131372 0.999997 -0.00201944 0.00261565 0.00201556 0.999994 -0.0146488 0.100705 -0.11934
FixedParameters: 0 0 0

#Transform 68
Transform: AffineTransform_float_3_3
Parameters: 0.999997 -0.000408095 -0.0023933 0.000403906 0.999999 -0.00171097 0.00239369 0.00171003 0.999995 -0.012829 0.0516432 0.0309639
FixedParameters: 0 0 0

#Transform 69
Transform: AffineTransform_float_3_3
Parameters: 0.999996 -0.000631432 -0.00255091 0.000627568 0.999999 -0.00173761 0.00255209 0.0017364 0.999995 0.0160772 0.040681 -0.135254
FixedParameters: 0 0 0

#Transform 70
Transform: AffineTransform_float_3_3
Parameters: 0.999997 -0.000435039 -0.00239309 0.00042996 0.999997 -0.00210603 0.00239391 0.00210496 0.999995 -0.0109694 0.0666985 -0.0249873
FixedParameters: 0 0 0

#Transform 71
Transform: AffineTransform_float_3_3
Parameters: 0.999996 -0.000698302 -0.00256329 0.000691698 0.999996 -0.00245878 0.00256471 0.00245722 0.999993 0.0153501 -0.0334096 -0.0875759
FixedParameters: 0 0 0

#Transform 72
Transform: AffineTransform_float_3_3
Parameters: 0.999997 -0.000425595 -0.00246521 0.000420406 0.999998 -0.00186404 0.00246579 0.00186296 0.999995 0.0162059 0.0381578 -0.0600651
FixedParameters: 0 0 0

#Transform 73
Transform: AffineTransform_float_3_3
Parameters: 0.999999 -0.000605919 -0.0010886 0.000607081 1 0.00099334 0.0010874 -0.00099366 0.999999 0.0305027 0.153314 0.326854
FixedParameters: 0 0 0

#Transform 74
Transform: AffineTransform_float_3_3
Parameters: 0.999996 -0.000722194 -0.00281092 0.000718805 0.999998 -0.00149303 0.00281207 0.00149097 0.999995 0.0251021 0.00761234 -0.188816
FixedParameters: 0 0 0

#Transform 75
Transform: AffineTransform_float_3_3
Parameters: 0.999994 -0.000788579 -0.00334069 0.000782424 0.999999 -0.00167062 0.00334131 0.00166838 0.999993 0.00408785 0.032876 -0.0914458
FixedParameters: 0 0 0

#Transform 76
Transform: AffineTransform_float_3_3
Parameters: 0.999996 -0.000700779 -0.00267549 0.000695221 0.999998 -0.00215987 0.00267751 0.00215813 0.999994 0.0226685 0.0270965 -0.0199745
FixedParameters: 0 0 0

#Transform 77
Transform: AffineTransform_float_3_3
Parameters: 0.999995 -0.00116429 -0.00316233 0.00115672 0.999996 -0.00230467 0.00316467 0.00230133 0.999993 0.024168 0.00596219 -0.0445348
FixedParameters: 0 0 0

#Transform 78
Transform: AffineTransform_float_3_3
Parameters: 0.999995 -0.000816588 -0.00299667 0.000807409 0.999995 -0.00286643 0.00299933 0.00286356 0.999992 0.0126418 0.0268507 -0.0950097
FixedParameters: 0 0 0

#Transform 79
Transform: AffineTransform_float_3_3
Parameters: 0.999993 -0.000898379 -0.00344008 0.000890621 0.999998 -0.00214608 0.00344192 0.00214292 0.999992 0.0272644 -0.00409285 -0.0651999
FixedParameters: 0 0 0

#Transform 80
Transform: AffineTransform_float_3_3
Parameters: 0.999994 -0.00078862 -0.00336346 0.000782379 0.999998 -0.00196964 0.00336455 0.00196636 0.999993 0.0236232 0.0140773 -0.0144816
FixedParameters: 0 0 0

#Transform 81
Transform: AffineTransform_float_3_3
Parameters: 0.999991 -0.00113972 -0.00403655 0.00113128 0.999997 -0.00216258 0.00403945 0.00215741 0.999989 0.00562747 0.0579314 -0.144869
FixedParameters: 0 0 0

#Transform 82
Transform: AffineTransform_float_3_3
Parameters: 0.999993 -0.000808835 -0.00347364 0.000803165 0.999999 -0.0016808 0.00347535 0.0016782 0.999992 0.00944615 0.0271666 0.0467242
FixedParameters: 0 0 0

#Transform 83
Transform: AffineTransform_float_3_3
Parameters: 0.999993 -0.000983938 -0.00378269 0.000975062 0.999996 -0.00236371 0.00378532 0.00236029 0.99999 0.00112236 0.0255196 -0.043067
FixedParameters: 0 0 0

#Transform 84
Transform: AffineTransform_float_3_3
Parameters: 0.999992 -0.000728556 -0.0039518 0.000722445 0.999999 -0.00165987 0.0039532 0.00165713 0.999991 -0.00873466 0.00574211 -0.1006
FixedParameters: 0 0 0

#Transform 85
Transform: AffineTransform_float_3_3
Parameters: 0.999991 -0.000958281 -0.00419089 0.000948719 0.999997 -0.002216 0.00419311 0.002212 0.999989 -0.0018589 -0.0319725 -0.142914
FixedParameters: 0 0 0

#Transform 86
Transform: AffineTransform_float_3_3
Parameters: 0.999991 -0.000960824 -0.00419222 0.000953176 0.999998 -0.00186801 0.00419379 0.00186399 0.99999 -0.0116427 -0.011924 0.00226511
FixedParameters: 0 0 0

#Transform 87
Transform: AffineTransform_float_3_3
Parameters: 0.999989 -0.00138077 -0.00464099 0.00137323 0.999998 -0.00146239 0.00464301 0.00145561 0.999988 -0.0096153 0.0461373 0.057292
FixedParameters: 0 0 0

#Transform 88
Transform: AffineTransform_float_3_3
Parameters: 0.999991 -0.000980787 -0.00410739 0.000973214 0.999998 -0.00165401 0.00410861 0.00164999 0.99999 -0.000793793 0.048884 -0.0432631
FixedParameters: 0 0 0

#Transform 89
Transform: AffineTransform_float_3_3
Parameters: 0.99999 -0.00115961 -0.00418152 0.00114739 0.999995 -0.00301682 0.00418547 0.00301117 0.999986 -0.0326578 0.0371499 -0.201713
FixedParameters: 0 0 0

#Transform 90
Transform: AffineTransform_float_3_3
Parameters: 0.99999 -0.00128541 -0.0043994 0.00127259 0.999995 -0.00282263 0.00440261 0.00281737 0.999987 -0.00155597 0.0657824 -0.0618867
FixedParameters: 0 0 0

#Transform 91
Transform: AffineTransform_float_3_3
Parameters: 0.999988 -0.00104755 -0.00464963 0.00103744 0.999997 -0.00227185 0.00465236 0.00226715 0.999986 0.0384894 -0.0310392 -0.0248386
FixedParameters: 0 0 0

#Transform 92
Transform: AffineTransform_float_3_3
Parameters: 0.999988 -0.00122715 -0.00460678 0.00121485 0.999996 -0.00263863 0.00461022 0.00263337 0.999986 0.0358871 0.0582192 -0.0353651
FixedParameters: 0 0 0

#Transform 93
Transform: AffineTransform_float_3_3
Parameters: 0.999993 -0.00139406 -0.00360607 0.00137594 0.999986 -0.005005 0.00361293 0.005 0.999981 0.0470491 0.104687 0.0434999
FixedParameters: 0 0 0

#Transform 94
Transform: AffineTransform_float_3_3
Parameters: 0.999989 -0.00197496 -0.00424569 0.00195603 0.999989 -0.00423135 0.00425431 0.00422264 0.999982 0.0110842 0.0247791 -0.278685
FixedParameters: 0 0 0

#Transform 95
Transform: AffineTransform_float_3_3
Parameters: 0.999983 -0.00217873 -0.00543171 0.00216827 0.999995 -0.00198081 0.00543629 0.00196919 0.999984 0.0223748 0.0368837 -0.152482
FixedParameters: 0 0 0

#Transform 96
Transform: AffineTransform_float_3_3
Parameters: 0.999983 -0.00235227 -0.00544057 0.00233472 0.999992 -0.00317976 0.00544844 0.00316624 0.99998 0.0189705 0.0365629 -0.0935034
FixedParameters: 0 0 0

#Transform 97
Transform: AffineTransform_float_3_3
Parameters: 0.999985 -0.00161781 -0.00534084 0.0016042 0.999996 -0.00258761 0.00534517 0.00257939 0.999983 0.0122876 -0.0192757 -0.0821925
FixedParameters: 0 0 0

#Transform 98
Transform: AffineTransform_float_3_3
Parameters: 0.999983 -0.00173066 -0.00545042 0.00171234 0.999994 -0.00324339 0.00545657 0.00323361 0.99998 -0.0116666 0.0163612 -0.0988436
FixedParameters: 0 0 0

#Transform 99
Transform: AffineTransform_float_3_3
Parameters: 0.999982 -0.00181545 -0.00581113 0.00180255 0.999996 -0.00214651 0.00581488 0.00213648 0.999981 0.00706488 0.0101769 -0.0530912
FixedParameters: 0 0 0

#Transform 100
Transform: AffineTransform_float_3_3
Parameters: 0.999979 -0.00200026 -0.00605831 0.00198574 0.999995 -0.00235908 0.00606269 0.00234692 0.999979 0.00265729 0.0141467 -0.039679
FixedParameters: 0 0 0

#Transform 101
Transform: AffineTransform_float_3_3
Parameters: 0.99998 -0.00167968 -0.00612108 0.00166932 0.999997 -0.00174925 0.00612492 0.00173875 0.999979 -0.00978724 -0.013435 -0.0938558
FixedParameters: 0 0 0

#Transform 102
Transform: AffineTransform_float_3_3
Parameters: 0.999977 -0.00202402 -0.00649164 0.00200997 0.999995 -0.0021661 0.00649635 0.0021529 0.999976 0.00625319 0.00147903 -0.0591327
FixedParameters: 0 0 0

#Transform 103
Transform: AffineTransform_float_3_3
Parameters: 0.999979 -0.00193367 -0.00618612 0.00191832 0.999995 -0.00253892 0.00619187 0.00252608 0.999977 0.0130011 0.0330649 -0.00590039
FixedParameters: 0 0 0

#Transform 104
Transform: AffineTransform_float_3_3
Parameters: 0.999976 -0.00182161 -0.0065827 0.00180639 0.999995 -0.00237595 0.0065863 0.00236406 0.999976 -0.0152398 -0.0104284 -0.0857868
FixedParameters: 0 0 0

#Transform 105
Transform: AffineTransform_float_3_3
Parameters: 0.999975 -0.00163435 -0.00679933 0.00161865 0.999996 -0.00226306 0.00680267 0.00225194 0.999975 -0.0235039 0.0829817 -0.0418103
FixedParameters: 0 0 0

#Transform 106
Transform: AffineTransform_float_3_3
Parameters: 0.999976 -0.00128794 -0.00682138 0.00127406 0.999997 -0.00204674 0.00682461 0.00203826 0.999974 -0.0360445 0.00750377 -0.0345376
FixedParameters: 0 0 0

#Transform 107
Transform: AffineTransform_float_3_3
Parameters: 0.999976 -0.00126403 -0.00687871 0.00124597 0.999996 -0.00262463 0.00688229 0.00261636 0.999973 -0.0103391 0.0412169 -0.0980615
FixedParameters: 0 0 0

#Transform 108
Transform: AffineTransform_float_3_3
Parameters: 0.999974 -0.00120024 -0.00713012 0.00118875 0.999998 -0.00158152 0.00713188 0.00157248 0.999974 0.00998433 0.0282636 0.00921651
FixedParameters: 0 0 0

#Transform 109
Transform: AffineTransform_float_3_3
Parameters: 0.999971 -0.00160318 -0.00753437 0.00158582 0.999996 -0.00228602 0.00753764 0.00227398 0.999969 -0.00711055 -0.00574942 -0.164895
FixedParameters: 0 0 0

#Transform 110
Transform: AffineTransform_float_3_3
Parameters: 0.999975 -0.0013347 -0.00701747 0.00131631 0.999995 -0.0026673 0.00702053 0.0026587 0.999972 -0.00683174 0.0194864 -0.0369514
FixedParameters: 0 0 0

#Transform 111
Transform: AffineTransform_float_3_3
Parameters: 0.999971 -0.00127137 -0.00760246 0.00125064 0.999996 -0.00281459 0.00760555 0.00280541 0.999967 -0.0223197 -0.00492106 -0.10298
FixedParameters: 0 0 0

#Transform 112
Transform: AffineTransform_float_3_3
Parameters: 0.999971 -0.00133533 -0.00751842 0.00131467 0.999996 -0.00270796 0.00752158 0.00269804 0.999968 -0.0144849 0.0576165 -0.100558
FixedParameters: 0 0 0

#Transform 113
Transform: AffineTransform_float_3_3
Parameters: 0.999972 -0.00155807 -0.0073988 0.00153792 0.999995 -0.00271846 0.0074032 0.00270654 0.999969 -0.0134452 0.0069781 -0.0549193
FixedParameters: 0 0 0

#Transform 114
Transform: AffineTransform_float_3_3
Parameters: 0.999967 -0.00153572 -0.00795046 0.00151228 0.999995 -0.00298912 0.00795455 0.00297688 0.999964 -0.0322029 0.044256 -0.0994441
FixedParameters: 0 0 0

#Transform 115
Transform: AffineTransform_float_3_3
Parameters: 0.999968 -0.00151783 -0.00786396 0.00150217 0.999997 -0.00201888 0.00786704 0.00200712 0.999967 -0.00682374 0.0293495 0.0227422
FixedParameters: 0 0 0

#Transform 116
Transform: AffineTransform_float_3_3
Parameters: 0.999968 -0.00155177 -0.00778671 0.00152523 0.999993 -0.00344298 0.00779228 0.00343102 0.999964 -0.0528742 -0.00441434 -0.227417
FixedParameters: 0 0 0

#Transform 117
Transform: AffineTransform_float_3_3
Parameters: 0.999968 -0.00158734 -0.00783851 0.00156566 0.999994 -0.00285536 0.00784249 0.00284264 0.999965 -0.00672633 0.0587329 -0.0281195
FixedParameters: 0 0 0

#Transform 118
Transform: AffineTransform_float_3_3
Parameters: 0.999967 -0.00149076 -0.00796033 0.00147124 0.999996 -0.00248779 0.00796368 0.00247621 0.999965 -0.0121954 -0.0195549 -0.00696614
FixedParameters: 0 0 0

#Transform 119
Transform: AffineTransform_float_3_3
Parameters: 0.999965 -0.00209995 -0.00806881 0.00207605 0.999993 -0.00297585 0.0080742 0.00295915 0.999963 -0.0248426 0.0734895 -0.159832
FixedParameters: 0 0 0
