# transform file /out/sourcedata/freesurfer/sub-v2s0x30150_ses-1/mri/transforms/cc_up.lta
# created by oesteban on Tue Mar 10 15:03:03 2026

type      = 0 # LINEAR_VOX_TO_VOX
nxforms   = 1
mean      = 129.0000 99.0000 114.0000
sigma     = 10000.0000
1 4 4
9.969924092292786e-01 -2.699155360460281e-02 7.264797389507294e-02 -4.736163139343262e+00 
2.692018076777458e-02 9.996356964111328e-01 1.961596077308059e-03 4.235905075073242e+01 
-7.267444580793381e-02 2.328306714094452e-10 9.973557591438293e-01 3.664207077026367e+01 
0.000000000000000e+00 0.000000000000000e+00 0.000000000000000e+00 1.000000000000000e+00 
src volume info
valid = 1  # volume info valid
filename = /out/sourcedata/freesurfer/sub-v2s0x30150_ses-1/mri/norm.mgz
volume = 256 256 256
voxelsize = 1.000000000000000e+00 1.000000000000000e+00 1.000000000000000e+00
xras   = -1.000000000000000e+00 0.000000000000000e+00 0.000000000000000e+00
yras   = 0.000000000000000e+00 0.000000000000000e+00 -1.000000000000000e+00
zras   = 0.000000000000000e+00 1.000000000000000e+00 0.000000000000000e+00
cras   = -2.231948852539062e+00 2.027868652343750e+01 -1.723542785644531e+01
dst volume info
valid = 1  # volume info valid
filename = /out/sourcedata/freesurfer/sub-v2s0x30150_ses-1/mri/norm.mgz
volume = 256 256 256
voxelsize = 1.000000000000000e+00 1.000000000000000e+00 1.000000000000000e+00
xras   = -1.000000000000000e+00 0.000000000000000e+00 0.000000000000000e+00
yras   = 0.000000000000000e+00 0.000000000000000e+00 -1.000000000000000e+00
zras   = 0.000000000000000e+00 1.000000000000000e+00 0.000000000000000e+00
cras   = -2.231948852539062e+00 2.027868652343750e+01 -1.723542785644531e+01
