# transform file /out/sourcedata/freesurfer/sub-v2s0x29044_ses-1/mri/transforms/cc_up.lta
# created by oesteban on Tue Mar 10 11:52:30 2026

type      = 0 # LINEAR_VOX_TO_VOX
nxforms   = 1
mean      = 125.0000 98.0000 117.0000
sigma     = 10000.0000
1 4 4
9.991376399993896e-01 1.165607478469610e-02 -3.985331207513809e-02 6.358613014221191e+00 
-1.164681371301413e-02 9.999321103096008e-01 4.645647713914514e-04 5.041259002685547e+01 
3.985602036118507e-02 -2.910383392618066e-11 9.992055296897888e-01 1.109534454345703e+01 
0.000000000000000e+00 0.000000000000000e+00 0.000000000000000e+00 1.000000000000000e+00 
src volume info
valid = 1  # volume info valid
filename = /out/sourcedata/freesurfer/sub-v2s0x29044_ses-1/mri/norm.mgz
volume = 256 256 256
voxelsize = 1.000000000000000e+00 1.000000000000000e+00 1.000000000000000e+00
xras   = -1.000000000000000e+00 0.000000000000000e+00 0.000000000000000e+00
yras   = 0.000000000000000e+00 0.000000000000000e+00 -1.000000000000000e+00
zras   = 0.000000000000000e+00 1.000000000000000e+00 0.000000000000000e+00
cras   = 7.740631103515625e-01 3.430676269531250e+01 -5.316757202148438e+00
dst volume info
valid = 1  # volume info valid
filename = /out/sourcedata/freesurfer/sub-v2s0x29044_ses-1/mri/norm.mgz
volume = 256 256 256
voxelsize = 1.000000000000000e+00 1.000000000000000e+00 1.000000000000000e+00
xras   = -1.000000000000000e+00 0.000000000000000e+00 0.000000000000000e+00
yras   = 0.000000000000000e+00 0.000000000000000e+00 -1.000000000000000e+00
zras   = 0.000000000000000e+00 1.000000000000000e+00 0.000000000000000e+00
cras   = 7.740631103515625e-01 3.430676269531250e+01 -5.316757202148438e+00
