# transform file /out/sourcedata/freesurfer/sub-v2s0x29039_ses-1/mri/transforms/cc_up.lta
# created by oesteban on Tue Mar 10 11:29:24 2026

type      = 0 # LINEAR_VOX_TO_VOX
nxforms   = 1
mean      = 127.0000 94.0000 116.0000
sigma     = 10000.0000
1 4 4
9.986822605133057e-01 -3.644672408699989e-02 -3.613185510039330e-02 9.765967369079590e+00 
3.642289340496063e-02 9.993355870246887e-01 -1.317763119004667e-03 4.760089111328125e+01 
3.615587577223778e-02 0.000000000000000e+00 9.993462562561035e-01 1.751366615295410e+01 
0.000000000000000e+00 0.000000000000000e+00 0.000000000000000e+00 1.000000000000000e+00 
src volume info
valid = 1  # volume info valid
filename = /out/sourcedata/freesurfer/sub-v2s0x29039_ses-1/mri/norm.mgz
volume = 256 256 256
voxelsize = 1.000000000000000e+00 1.000000000000000e+00 1.000000000000000e+00
xras   = -1.000000000000000e+00 0.000000000000000e+00 0.000000000000000e+00
yras   = 0.000000000000000e+00 0.000000000000000e+00 -1.000000000000000e+00
zras   = 0.000000000000000e+00 1.000000000000000e+00 0.000000000000000e+00
cras   = 4.281723022460938e+00 3.631074523925781e+01 -6.714340209960938e+00
dst volume info
valid = 1  # volume info valid
filename = /out/sourcedata/freesurfer/sub-v2s0x29039_ses-1/mri/norm.mgz
volume = 256 256 256
voxelsize = 1.000000000000000e+00 1.000000000000000e+00 1.000000000000000e+00
xras   = -1.000000000000000e+00 0.000000000000000e+00 0.000000000000000e+00
yras   = 0.000000000000000e+00 0.000000000000000e+00 -1.000000000000000e+00
zras   = 0.000000000000000e+00 1.000000000000000e+00 0.000000000000000e+00
cras   = 4.281723022460938e+00 3.631074523925781e+01 -6.714340209960938e+00
