# transform file /out/sourcedata/freesurfer/sub-v2s0x29056_ses-1/mri/transforms/cc_up.lta
# created by oesteban on Tue Mar 10 14:30:12 2026

type      = 0 # LINEAR_VOX_TO_VOX
nxforms   = 1
mean      = 128.0000 134.0000 112.0000
sigma     = 10000.0000
1 4 4
9.980676174163818e-01 5.229323357343674e-02 3.356581553816795e-02 -1.123625850677490e+01 
-5.226368457078934e-02 9.986318349838257e-01 -1.757669728249311e-03 1.712942314147949e+01 
-3.361180424690247e-02 1.164153357047226e-10 9.994350671768188e-01 2.341960906982422e+01 
0.000000000000000e+00 0.000000000000000e+00 0.000000000000000e+00 1.000000000000000e+00 
src volume info
valid = 1  # volume info valid
filename = /out/sourcedata/freesurfer/sub-v2s0x29056_ses-1/mri/norm.mgz
volume = 256 256 256
voxelsize = 1.000000000000000e+00 1.000000000000000e+00 1.000000000000000e+00
xras   = -1.000000000000000e+00 0.000000000000000e+00 0.000000000000000e+00
yras   = 0.000000000000000e+00 0.000000000000000e+00 -1.000000000000000e+00
zras   = 0.000000000000000e+00 1.000000000000000e+00 0.000000000000000e+00
cras   = 2.778060913085938e+00 5.234283447265625e+01 6.442790985107422e+01
dst volume info
valid = 1  # volume info valid
filename = /out/sourcedata/freesurfer/sub-v2s0x29056_ses-1/mri/norm.mgz
volume = 256 256 256
voxelsize = 1.000000000000000e+00 1.000000000000000e+00 1.000000000000000e+00
xras   = -1.000000000000000e+00 0.000000000000000e+00 0.000000000000000e+00
yras   = 0.000000000000000e+00 0.000000000000000e+00 -1.000000000000000e+00
zras   = 0.000000000000000e+00 1.000000000000000e+00 0.000000000000000e+00
cras   = 2.778060913085938e+00 5.234283447265625e+01 6.442790985107422e+01
