#Insight Transform File V1.0
#Transform 0
Transform: AffineTransform_float_3_3
Parameters: 0.999998 7.50773e-07 0.001594 -2.49225e-07 1 -0.000471001 -0.001594 0.000470999 0.999998 0.0161519 0.0434376 0.215064
FixedParameters: 0 0 0

#Transform 1
Transform: AffineTransform_float_3_3
Parameters: 0.999996 3.06102e-06 0.002632 6.1028e-08 1 -0.001163 -0.002632 0.001163 0.999996 0.0255582 -0.0066141 -0.00762377
FixedParameters: 0 0 0

#Transform 2
Transform: AffineTransform_float_3_3
Parameters: 0.999998 -0.000460183 0.00205263 0.000462817 0.999999 -0.00137205 -0.00205237 0.00137295 0.999997 0.0301331 0.0440781 -0.0378683
FixedParameters: 0 0 0

#Transform 3
Transform: AffineTransform_float_3_3
Parameters: 0.999996 -0.000514184 0.00259156 0.000516817 1 -0.00108666 -0.00259044 0.00108734 0.999996 0.042388 -0.0549252 -0.0437353
FixedParameters: 0 0 0

#Transform 4
Transform: AffineTransform_float_3_3
Parameters: 0.999999 -0.00113971 0.000760436 0.00114029 1 -0.000382133 -0.000759564 0.000382866 0.999999 0.0175306 0.0178016 0.159369
FixedParameters: 0 0 0

#Transform 5
Transform: AffineTransform_float_3_3
Parameters: 1 7.70628e-05 0.000307984 -7.69372e-05 1 -0.000204024 -0.000308016 0.000203976 1 0.00173519 0.116933 0.234942
FixedParameters: 0 0 0

#Transform 6
Transform: AffineTransform_float_3_3
Parameters: 1 0.000648367 0.000856239 -0.000649635 0.999998 0.00190844 -0.000855762 -0.00190856 0.999998 -0.0110268 0.071355 0.125822
FixedParameters: 0 0 0

#Transform 7
Transform: AffineTransform_float_3_3
Parameters: 0.999999 0.00052509 0.00058282 -0.00052591 0.999998 0.00156169 -0.000582179 -0.00156131 0.999998 -0.033656 0.189081 0.132433
FixedParameters: 0 0 0

#Transform 8
Transform: AffineTransform_float_3_3
Parameters: 0.999999 0.00100211 0.00100689 -0.00100289 0.999999 0.000883991 -0.00100611 -0.000885009 0.999999 -0.0429059 0.0518339 0.130544
FixedParameters: 0 0 0

#Transform 9
Transform: AffineTransform_float_3_3
Parameters: 1 0.00100259 0.000460894 -0.00100341 0.999999 0.000890539 -0.000460107 -0.000890462 1 -0.0692852 0.0732145 0.20302
FixedParameters: 0 0 0

#Transform 10
Transform: AffineTransform_float_3_3
Parameters: 1 0.000546196 0.000845521 -0.000547805 1 0.000952538 -0.000844479 -0.000952462 0.999999 -0.0143565 0.0909413 0.191136
FixedParameters: 0 0 0

#Transform 11
Transform: AffineTransform_float_3_3
Parameters: 1 0.000417867 0.000969057 -0.000418133 1 0.000136595 -0.000968943 -0.000137405 0.999999 0.00103182 0.0523643 0.05737
FixedParameters: 0 0 0

#Transform 12
Transform: AffineTransform_float_3_3
Parameters: 0.999999 -0.000376394 0.000812355 0.000375605 0.999999 0.00171531 -0.000813646 -0.0017157 0.999998 0.0149259 -0.0951496 -0.0616274
FixedParameters: 0 0 0

#Transform 13
Transform: AffineTransform_float_3_3
Parameters: 1 -9.89008e-05 0.000609854 9.80995e-05 0.999999 0.00147606 -0.000610145 -0.00147694 0.999998 -0.00982816 0.0551436 0.0448399
FixedParameters: 0 0 0

#Transform 14
Transform: AffineTransform_float_3_3
Parameters: 0.999999 0.000655807 0.000600118 -0.000655192 0.999999 -0.00134539 -0.000600881 0.00134461 0.999999 -0.0292272 0.123822 -0.0186522
FixedParameters: 0 0 0

#Transform 15
Transform: AffineTransform_float_3_3
Parameters: 1 5.51148e-05 0.000193967 -5.58851e-05 1 -0.000592011 -0.000194033 0.000591989 1 -0.0254908 -0.016489 0.0480806
FixedParameters: 0 0 0

#Transform 16
Transform: AffineTransform_float_3_3
Parameters: 1 0.000260097 0.000193869 -0.000259903 1 -0.00050205 -0.000194131 0.000502949 1 -0.0538277 0.0429721 0.133861
FixedParameters: 0 0 0

#Transform 17
Transform: AffineTransform_float_3_3
Parameters: 1 -0.000389995 -7.90222e-05 0.000390004 1 5.69692e-05 7.89778e-05 -5.70308e-05 1 -0.0415199 0.152158 0.158344
FixedParameters: 0 0 0

#Transform 18
Transform: AffineTransform_float_3_3
Parameters: 0.999999 0.00120695 0.00044413 -0.00120705 1 0.000107464 -0.000443871 -0.000107536 1 -0.0475682 0.0557242 0.168066
FixedParameters: 0 0 0

#Transform 19
Transform: AffineTransform_float_3_3
Parameters: 1 -0.000614946 -0.000243135 0.000615053 1 0.00021985 0.000242865 -0.000220149 1 0.0115837 0.0540514 0.173379
FixedParameters: 0 0 0

#Transform 20
Transform: AffineTransform_float_3_3
Parameters: 1 -9.08362e-05 0.000194077 9.11637e-05 0.999999 -0.000843982 -0.000193923 0.000844017 0.999999 -0.00272189 -0.0233261 0.02558
FixedParameters: 0 0 0

#Transform 21
Transform: AffineTransform_float_3_3
Parameters: 1 0.000308891 0.000194173 -0.000309109 1 0.00056094 -0.000193827 -0.00056106 1 -0.0301747 0.028298 0.0866106
FixedParameters: 0 0 0

#Transform 22
Transform: AffineTransform_float_3_3
Parameters: 0.999999 0.000730005 0.000687993 -0.000729994 0.999999 -8.50223e-06 -0.000688006 8.49775e-06 1 -0.0259931 0.0887561 0.125281
FixedParameters: 0 0 0

#Transform 23
Transform: AffineTransform_float_3_3
Parameters: 1 0.000309074 0.000342933 -0.000308926 1 -0.000216106 -0.000343067 0.000215894 1 -0.0276672 0.102897 0.147781
FixedParameters: 0 0 0

#Transform 24
Transform: AffineTransform_float_3_3
Parameters: 1 -9.18922e-05 -0.000283035 9.21078e-05 1 0.000380974 0.000282965 -0.000381026 1 -0.0229616 0.146118 0.272947
FixedParameters: 0 0 0

#Transform 25
Transform: AffineTransform_float_3_3
Parameters: 0.999999 0.000805855 0.000244476 -0.000806143 0.999999 0.000590803 -0.000243523 -0.000591196 1 -0.0670253 0.195526 0.224672
FixedParameters: 0 0 0

#Transform 26
Transform: AffineTransform_float_3_3
Parameters: 1 0.000337793 0.000293238 -0.000338207 0.999999 0.0007049 -0.000293762 -0.000705099 0.999999 -0.00407428 0.0800579 0.0314299
FixedParameters: 0 0 0

#Transform 27
Transform: AffineTransform_float_3_3
Parameters: 1 -8.6285e-05 0.0009718 8.37146e-05 0.999997 0.00235108 -0.0009722 -0.00235092 0.999997 -0.00579475 0.0815438 0.23572
FixedParameters: 0 0 0

#Transform 28
Transform: AffineTransform_float_3_3
Parameters: 1 0.000758559 0.000655672 -0.000759443 0.999998 0.0022015 -0.00065433 -0.0022015 0.999998 -0.0312969 0.100433 0.374748
FixedParameters: 0 0 0

#Transform 29
Transform: AffineTransform_float_3_3
Parameters: 1 0.000414743 0.000497214 -0.000415257 1 0.000516793 -0.000496785 -0.000517206 0.999999 -0.0187146 0.161069 0.146768
FixedParameters: 0 0 0

#Transform 30
Transform: AffineTransform_float_3_3
Parameters: 0.999999 0.00026591 0.000736394 -0.00026709 0.999999 0.0014798 -0.000736605 -0.0014802 0.999998 -0.0132164 0.123695 0.105087
FixedParameters: 0 0 0

#Transform 31
Transform: AffineTransform_float_3_3
Parameters: 1 -7.44409e-05 0.000319898 7.3559e-05 0.999999 0.00137802 -0.000320102 -0.00137798 0.999999 -0.0295072 0.105108 0.143585
FixedParameters: 0 0 0

#Transform 32
Transform: AffineTransform_float_3_3
Parameters: 1 -0.000295127 0.000102636 0.000294873 0.999999 0.00123303 -0.000103364 -0.00123297 0.999999 -0.0168679 0.158668 0.19838
FixedParameters: 0 0 0

#Transform 33
Transform: AffineTransform_float_3_3
Parameters: 1 -7.39759e-05 6.00297e-05 7.40241e-05 1 -0.000401995 -5.99702e-05 0.000402004 1 0.0214057 0.00580254 0.0848772
FixedParameters: 0 0 0

#Transform 34
Transform: AffineTransform_float_3_3
Parameters: 1 -7.54506e-05 0.00060282 7.35489e-05 0.999997 0.00240604 -0.000603179 -0.00240595 0.999997 0.0189458 0.00665072 0.194763
FixedParameters: 0 0 0

#Transform 35
Transform: AffineTransform_float_3_3
Parameters: 1 -0.000505216 0.000132175 0.000505783 0.999998 0.00163307 -0.000132826 -0.00163293 0.999998 0.0276081 0.152029 0.204611
FixedParameters: 0 0 0

#Transform 36
Transform: AffineTransform_float_3_3
Parameters: 1 1.69959e-05 4.30016e-05 -1.70041e-05 1 9.59993e-05 -4.29984e-05 -9.60007e-05 1 0.00562011 0.206278 0.0623991
FixedParameters: 0 0 0

#Transform 37
Transform: AffineTransform_float_3_3
Parameters: 1 0.000179979 0.000521007 -0.000180021 1 3.99062e-05 -0.000520993 -4.00938e-05 1 -0.0113245 0.0460374 0.1818
FixedParameters: 0 0 0

#Transform 38
Transform: AffineTransform_float_3_3
Parameters: 1 -0.000471147 0.000148535 0.000470854 1 0.00098707 -0.000148465 -0.00098793 0.999999 0.00475634 0.0803378 0.268339
FixedParameters: 0 0 0

#Transform 39
Transform: AffineTransform_float_3_3
Parameters: 1 -0.000445953 -4.25017e-05 0.000446047 1 0.00112498 4.14982e-05 -0.00112502 1 0.000474457 0.170438 0.273255
FixedParameters: 0 0 0

#Transform 40
Transform: AffineTransform_float_3_3
Parameters: 1 -6.90699e-05 0.000148968 6.89301e-05 1 0.00046901 -0.000149032 -0.00046899 1 -0.0229809 0.116939 0.114583
FixedParameters: 0 0 0

#Transform 41
Transform: AffineTransform_float_3_3
Parameters: 1 -6.9006e-05 3.1987e-05 6.8994e-05 1 0.000188002 -3.2013e-05 -0.000187998 1 -0.0268402 0.114086 0.110413
FixedParameters: 0 0 0

#Transform 42
Transform: AffineTransform_float_3_3
Parameters: 1 -0.000273926 -0.000178113 0.000274074 1 0.000412951 0.000178887 -0.000413049 1 0.0104236 0.110548 0.129183
FixedParameters: 0 0 0

#Transform 43
Transform: AffineTransform_float_3_3
Parameters: 1 -6.89548e-05 0.000532006 6.90452e-05 1 -8.49633e-05 -0.000531994 8.50367e-05 1 0.0102739 0.052877 0.131333
FixedParameters: 0 0 0

#Transform 44
Transform: AffineTransform_float_3_3
Parameters: 1 -0.000312072 0.000148849 0.000311928 1 0.000483046 -0.000148151 -0.000482954 1 0.00192401 0.0777264 0.201835
FixedParameters: 0 0 0

#Transform 45
Transform: AffineTransform_float_3_3
Parameters: 1 0.000139938 0.000149058 -0.000140062 1 0.000412979 -0.000148942 -0.000413021 1 -0.0010466 0.0311786 0.135655
FixedParameters: 0 0 0

#Transform 46
Transform: AffineTransform_float_3_3
Parameters: 1 -6.89193e-05 0.000252022 6.90806e-05 1 -0.000319983 -0.000251978 0.000320017 1 0.0173247 0.00383835 0.0815083
FixedParameters: 0 0 0

#Transform 47
Transform: AffineTransform_float_3_3
Parameters: 1 -0.00012717 0.000148855 0.000126831 1 0.00114302 -0.000148145 -0.00114298 1 0.0298893 0.134919 0.219925
FixedParameters: 0 0 0

#Transform 48
Transform: AffineTransform_float_3_3
Parameters: 0.999999 0.000363473 0.000685279 -0.000364526 0.999999 0.000767751 -0.00068572 -0.00076825 1 0.0352604 0.0332337 0.0873952
FixedParameters: 0 0 0

#Transform 49
Transform: AffineTransform_float_3_3
Parameters: 0.999999 -0.000943486 0.000249166 0.000943513 0.999997 0.00194424 -0.000250835 -0.00194476 0.999998 0.072555 0.121168 0.217643
FixedParameters: 0 0 0

#Transform 50
Transform: AffineTransform_float_3_3
Parameters: 0.999999 -0.000232621 0.000899582 0.00023038 0.999999 0.00180221 -0.000899416 -0.00180179 0.999998 0.0589154 0.152488 0.264084
FixedParameters: 0 0 0

#Transform 51
Transform: AffineTransform_float_3_3
Parameters: 0.999999 0.000627825 0.000436252 -0.000627174 0.999999 0.000400726 -0.000435749 -0.000400274 1 0.0321444 0.029122 0.157605
FixedParameters: 0 0 0

#Transform 52
Transform: AffineTransform_float_3_3
Parameters: 0.999999 -0.000823239 0.000147676 0.000822763 0.999999 0.00160812 -0.000148323 -0.00160788 0.999998 0.0558111 0.13746 0.22302
FixedParameters: 0 0 0

#Transform 53
Transform: AffineTransform_float_3_3
Parameters: 1 -0.000281169 0.000148681 0.000281832 1 0.00113604 -0.00014832 -0.00113596 1 0.0467067 0.113915 0.164922
FixedParameters: 0 0 0

#Transform 54
Transform: AffineTransform_float_3_3
Parameters: 0.999999 0.000454296 0.00061652 -0.000454704 0.999999 0.00114272 -0.000615481 -0.00114328 0.999999 0.0106085 0.0817533 0.159465
FixedParameters: 0 0 0

#Transform 55
Transform: AffineTransform_float_3_3
Parameters: 0.999999 -0.000788964 -2.80178e-05 0.000789035 0.999999 0.00128998 2.69822e-05 -0.00129002 0.999999 0.0496691 0.109538 0.186404
FixedParameters: 0 0 0

#Transform 56
Transform: AffineTransform_float_3_3
Parameters: 1 -0.000171141 0.000148838 0.00017086 0.999999 0.000945025 -0.000148161 -0.000944974 0.999999 0.0274448 0.0863956 0.12809
FixedParameters: 0 0 0

#Transform 57
Transform: AffineTransform_float_3_3
Parameters: 1 -0.000595021 3.16007e-05 0.000594979 0.999999 0.000671018 -3.13992e-05 -0.000670981 1 0.0501047 0.0661768 0.142054
FixedParameters: 0 0 0

#Transform 58
Transform: AffineTransform_float_3_3
Parameters: 1 -0.000594966 -2.96973e-05 0.000595034 0.999999 0.00117198 2.83026e-05 -0.00117202 1 0.0300935 0.0801622 0.13959
FixedParameters: 0 0 0

#Transform 59
Transform: AffineTransform_float_3_3
Parameters: 1 -0.00051813 0.000148546 0.00051787 0.999999 0.000877076 -0.000148454 -0.000876922 0.999999 0.0325391 0.0865915 0.196075
FixedParameters: 0 0 0

#Transform 60
Transform: AffineTransform_float_3_3
Parameters: 1 0.000146874 0.00020709 -0.000146126 1 0.00060997 -0.000206911 -0.00060903 1 0.0255859 0.11316 0.13773
FixedParameters: 0 0 0

#Transform 61
Transform: AffineTransform_float_3_3
Parameters: 1 -0.000395623 -0.000270551 0.000396377 0.999999 0.00139289 0.000270448 -0.00139311 0.999999 0.0437882 0.0996442 0.229753
FixedParameters: 0 0 0

#Transform 62
Transform: AffineTransform_float_3_3
Parameters: 1 0.000449099 -8.04481e-05 -0.000448901 0.999999 0.00122904 8.05518e-05 -0.00122896 0.999999 0.0141693 0.0983972 0.200928
FixedParameters: 0 0 0

#Transform 63
Transform: AffineTransform_float_3_3
Parameters: 1 -0.000595493 -0.000271116 0.000596506 0.999998 0.00187284 0.000269884 -0.00187216 0.999998 0.0103139 0.107548 0.225484
FixedParameters: 0 0 0

#Transform 64
Transform: AffineTransform_float_3_3
Parameters: 1 6.7902e-05 7.20924e-05 -6.80979e-05 0.999999 0.00136 -7.19075e-05 -0.00136001 0.999999 0.0130348 0.0999017 0.175761
FixedParameters: 0 0 0

#Transform 65
Transform: AffineTransform_float_3_3
Parameters: 1 -0.000311597 -0.000426296 0.000312404 1 0.000947868 0.000425704 -0.000947134 1 -0.00334865 0.0763927 0.264156
FixedParameters: 0 0 0

#Transform 66
Transform: AffineTransform_float_3_3
Parameters: 1 -0.000244045 0.000146925 0.000243955 1 0.000309036 -0.000147075 -0.000308964 1 0.00371986 0.0555162 0.241257
FixedParameters: 0 0 0

#Transform 67
Transform: AffineTransform_float_3_3
Parameters: 1 -0.000660989 -0.000161044 0.00066001 1 6.68937e-05 0.000160956 -6.71064e-05 1 0.0190764 0.0381988 0.0705071
FixedParameters: 0 0 0

#Transform 68
Transform: AffineTransform_float_3_3
Parameters: 0.999999 -0.000787345 -0.000492049 0.000788654 0.999999 0.00133161 0.00049095 -0.00133239 0.999999 0.0410779 0.101865 0.152846
FixedParameters: 0 0 0

#Transform 69
Transform: AffineTransform_float_3_3
Parameters: 1 0.000196915 0.000419511 -0.000198084 0.999996 0.00258792 -0.000418489 -0.00258808 0.999996 0.00974503 0.0608838 0.188006
FixedParameters: 0 0 0

#Transform 70
Transform: AffineTransform_float_3_3
Parameters: 1 -0.00010881 -0.000107193 0.000109189 0.999999 0.00176999 0.000106807 -0.00177001 0.999999 0.0248515 0.0855546 0.161663
FixedParameters: 0 0 0

#Transform 71
Transform: AffineTransform_float_3_3
Parameters: 1 7.48352e-05 0.000553159 -7.61644e-05 0.999998 0.00210596 -0.000552841 -0.00210604 0.999997 0.0255054 0.139939 0.205135
FixedParameters: 0 0 0

#Transform 72
Transform: AffineTransform_float_3_3
Parameters: 1 -0.000429208 -0.000413823 0.000429792 0.999998 0.00191482 0.000413178 -0.00191518 0.999998 0.0417117 0.075555 0.105915
FixedParameters: 0 0 0

#Transform 73
Transform: AffineTransform_float_3_3
Parameters: 1 -0.000147702 -0.000210209 0.000148297 0.999999 0.00141697 0.00020979 -0.00141703 0.999999 0.0182196 0.141932 0.207363
FixedParameters: 0 0 0

#Transform 74
Transform: AffineTransform_float_3_3
Parameters: 1 -0.000484977 -0.000107103 0.000485023 1 0.000212948 0.000106897 -0.000213052 1 0.0430081 0.0392887 0.107135
FixedParameters: 0 0 0

#Transform 75
Transform: AffineTransform_float_3_3
Parameters: 0.999999 0.000176299 0.000716926 -0.000175702 1 -0.000416126 -0.000717073 0.000416874 0.999999 0.0240962 0.0246542 -0.0439259
FixedParameters: 0 0 0

#Transform 76
Transform: AffineTransform_float_3_3
Parameters: 1 0.000129946 0.000448016 -0.000130054 1 0.000120942 -0.000447984 -0.000120058 1 0.0335185 0.0482686 0.144479
FixedParameters: 0 0 0

#Transform 77
Transform: AffineTransform_float_3_3
Parameters: 1 6.59498e-05 0.000310011 -6.60502e-05 1 0.00016198 -0.000309989 -0.00016202 1 0.0106976 0.117081 0.246581
FixedParameters: 0 0 0

#Transform 78
Transform: AffineTransform_float_3_3
Parameters: 1 -0.000445901 -0.000107414 0.000446099 1 0.000927952 0.000106586 -0.000928048 0.999999 0.0581223 0.102844 0.0947698
FixedParameters: 0 0 0

#Transform 79
Transform: AffineTransform_float_3_3
Parameters: 0.999999 8.21009e-05 0.00132406 -8.28996e-05 1 0.000678891 -0.00132494 -0.000679109 0.999999 0.084495 0.063687 -0.13019
FixedParameters: 0 0 0

#Transform 80
Transform: AffineTransform_float_3_3
Parameters: 0.999998 0.00020292 0.00191844 -0.000207079 0.999997 0.00212661 -0.00191756 -0.00212739 0.999996 0.0439455 0.108497 0.399522
FixedParameters: 0 0 0

#Transform 81
Transform: AffineTransform_float_3_3
Parameters: 0.999998 0.000733777 0.00220174 -0.000735224 0.999999 0.00100938 -0.00220126 -0.00101062 0.999997 0.0226016 -0.00911538 0.277255
FixedParameters: 0 0 0

#Transform 82
Transform: AffineTransform_float_3_3
Parameters: 1 -0.00031885 0.00102343 0.00031715 0.999999 0.00180633 -0.00102457 -0.00180667 0.999998 0.0626057 0.0655399 0.0205522
FixedParameters: 0 0 0

#Transform 83
Transform: AffineTransform_float_3_3
Parameters: 0.999999 -0.000317583 0.00145387 0.000317418 1 0.000400462 -0.00145413 -0.000400539 0.999999 0.0702343 0.135517 0.297571
FixedParameters: 0 0 0

#Transform 84
Transform: AffineTransform_float_3_3
Parameters: 0.999999 0.000703252 0.000394337 -0.000704747 0.999998 0.00189972 -0.000392662 -0.00190028 0.999998 0.0286903 0.0421522 0.092461
FixedParameters: 0 0 0

#Transform 85
Transform: AffineTransform_float_3_3
Parameters: 1 3.20654e-05 0.000393077 -3.29345e-05 0.999997 0.00237799 -0.000392923 -0.00237801 0.999997 0.0384628 0.105948 0.0797609
FixedParameters: 0 0 0

#Transform 86
Transform: AffineTransform_float_3_3
Parameters: 0.999999 -0.000318523 0.000836421 0.000317476 0.999999 0.00182027 -0.000837579 -0.00181973 0.999998 0.0215497 0.090962 0.207484
FixedParameters: 0 0 0

#Transform 87
Transform: AffineTransform_float_3_3
Parameters: 1 -0.00107599 -1.36779e-05 0.00107601 0.999999 0.000629986 1.33221e-05 -0.000630015 1 0.0363503 0.0277754 0.174537
FixedParameters: 0 0 0

#Transform 88
Transform: AffineTransform_float_3_3
Parameters: 0.999999 -0.000795036 0.000283897 0.000794963 0.999999 0.000129226 -0.000284102 -0.000128774 1 0.0229585 0.12959 0.203989
FixedParameters: 0 0 0

#Transform 89
Transform: AffineTransform_float_3_3
Parameters: 0.999999 0.00100172 -0.00100028 -0.00100028 0.999998 0.001716 0.00100172 -0.001715 0.999998 -0.052465 0.165071 0.245363
FixedParameters: 0 0 0

#Transform 90
Transform: AffineTransform_float_3_3
Parameters: 0.999999 0.00100239 -0.00111786 -0.000999608 0.999997 0.00213812 0.00112014 -0.00213688 0.999997 -0.0543885 -0.0217024 0.0181431
FixedParameters: 0 0 0

#Transform 91
Transform: AffineTransform_float_3_3
Parameters: 0.999999 -5.74591e-05 -0.00137515 6.15429e-05 0.999996 0.00257492 0.00137585 -0.00257508 0.999995 -0.0674132 0.0931659 0.123676
FixedParameters: 0 0 0

#Transform 92
Transform: AffineTransform_float_3_3
Parameters: 1 0.000684334 -0.000640644 -0.000684666 0.999999 0.000521438 0.000640357 -0.000521562 0.999999 -0.0309648 0.119562 0.186993
FixedParameters: 0 0 0

#Transform 93
Transform: AffineTransform_float_3_3
Parameters: 0.999998 0.00022731 -0.00195162 -0.000224691 0.999998 0.00169544 0.00195238 -0.00169556 0.999996 -0.0257947 0.101652 0.0619695
FixedParameters: 0 0 0

#Transform 94
Transform: AffineTransform_float_3_3
Parameters: 1 0.000269522 -0.00087484 -0.000269478 1 0.000597236 0.000875162 -0.000596765 1 -0.0480611 0.118284 0.157817
FixedParameters: 0 0 0

#Transform 95
Transform: AffineTransform_float_3_3
Parameters: 0.999999 0.000633285 -0.000717748 -0.000632714 0.999999 0.000397454 0.000718251 -0.000397545 0.999999 -0.0690847 0.0491869 0.163493
FixedParameters: 0 0 0

#Transform 96
Transform: AffineTransform_float_3_3
Parameters: 1 0.000816081 -0.000848921 -0.000815918 0.999999 9.66926e-05 0.000849078 -9.53071e-05 0.999999 -0.0178672 0.0927369 0.14878
FixedParameters: 0 0 0

#Transform 97
Transform: AffineTransform_float_3_3
Parameters: 0.999999 0.000383038 -0.00116666 -0.000381961 0.999999 0.000890446 0.00116734 -0.000889553 0.999999 -0.0423083 0.179056 0.154467
FixedParameters: 0 0 0

#Transform 98
Transform: AffineTransform_float_3_3
Parameters: 0.999998 -0.000374036 -0.00156044 0.00037996 0.999992 0.00382241 0.00155856 -0.00382359 0.999992 -0.0201235 0.28287 0.227184
FixedParameters: 0 0 0

#Transform 99
Transform: AffineTransform_float_3_3
Parameters: 0.999998 0.000503179 -0.0018193 -0.000496823 0.999994 0.00339491 0.0018207 -0.00339409 0.999993 -0.078648 0.207316 0.153634
FixedParameters: 0 0 0

#Transform 100
Transform: AffineTransform_float_3_3
Parameters: 1 0.000261438 -0.00114522 -0.000257563 0.999996 0.0030013 0.00114578 -0.0030007 0.999995 -0.0407764 0.103369 0.109005
FixedParameters: 0 0 0

#Transform 101
Transform: AffineTransform_float_3_3
Parameters: 0.999997 -0.000769951 -0.00202193 0.000775048 0.999996 0.00249744 0.00202007 -0.00249856 0.999995 0.0242297 0.117287 0.0783068
FixedParameters: 0 0 0

#Transform 102
Transform: AffineTransform_float_3_3
Parameters: 0.999998 0.000291103 -0.00166028 -0.000287897 0.999997 0.00247148 0.00166071 -0.00247052 0.999995 -0.0419577 0.151599 0.144087
FixedParameters: 0 0 0

#Transform 103
Transform: AffineTransform_float_3_3
Parameters: 0.999999 -0.000150136 -0.000964978 0.000149864 1 -0.000141145 0.00096502 0.000140855 0.999999 0.0432415 0.0304414 0.138279
FixedParameters: 0 0 0

#Transform 104
Transform: AffineTransform_float_3_3
Parameters: 0.999999 -0.000141559 -0.00125839 0.000145443 0.999996 0.00273482 0.00125861 -0.00273518 0.999996 -0.0274109 0.130945 0.114097
FixedParameters: 0 0 0

#Transform 105
Transform: AffineTransform_float_3_3
Parameters: 0.999999 -0.000521535 -0.00178831 0.000526464 0.999996 0.00249706 0.00178669 -0.00249794 0.999996 0.0254053 0.168849 0.0619538
FixedParameters: 0 0 0

#Transform 106
Transform: AffineTransform_float_3_3
Parameters: 0.999998 -0.000242517 -0.00209752 0.00024748 0.999997 0.00213649 0.00209648 -0.00213751 0.999996 -0.0414126 0.150766 0.104972
FixedParameters: 0 0 0

#Transform 107
Transform: AffineTransform_float_3_3
Parameters: 0.999997 -0.000225176 -0.00242436 0.000228824 0.999998 0.00157745 0.00242364 -0.00157755 0.999996 0.00649985 0.114163 0.0164625
FixedParameters: 0 0 0

#Transform 108
Transform: AffineTransform_float_3_3
Parameters: 0.999999 -0.000137794 -0.000712039 0.000138206 1 0.000288902 0.00071196 -0.000289098 0.999999 0.0338484 0.0687924 0.158627
FixedParameters: 0 0 0

#Transform 109
Transform: AffineTransform_float_3_3
Parameters: 1 0.000221029 0.000410984 -0.000220971 1 -7.00908e-05 -0.000411015 6.99092e-05 1 0.0570605 0.00876203 -0.136606
FixedParameters: 0 0 0

#Transform 110
Transform: AffineTransform_float_3_3
Parameters: 1 0.000164992 -8.15229e-06 -0.000165007 0.999999 -0.000922998 7.8477e-06 0.000923001 0.999999 0.0715762 0.0180289 -0.164498
FixedParameters: 0 0 0

#Transform 111
Transform: AffineTransform_float_3_3
Parameters: 1 0.000408719 0.000172666 -0.00040928 0.999998 0.00162993 -0.000171333 -0.00163007 0.999998 0.0611945 0.0868885 0.44244
FixedParameters: 0 0 0

#Transform 112
Transform: AffineTransform_float_3_3
Parameters: 0.999999 0.000222965 -0.00131733 -0.000219036 0.999996 0.00300929 0.00131766 -0.00300871 0.999994 -0.0321264 0.207601 0.222913
FixedParameters: 0 0 0

#Transform 113
Transform: AffineTransform_float_3_3
Parameters: 0.999998 0.000453354 -0.0018567 -0.000447645 0.999995 0.00288284 0.0018583 -0.00288216 0.999994 -0.0681012 0.181775 0.121882
FixedParameters: 0 0 0

#Transform 114
Transform: AffineTransform_float_3_3
Parameters: 0.999999 0.000914771 -0.00160028 -0.00091023 0.999995 0.00297946 0.00160272 -0.00297754 0.999995 -0.0736859 0.14035 0.114101
FixedParameters: 0 0 0

#Transform 115
Transform: AffineTransform_float_3_3
Parameters: 0.999998 -0.00070202 -0.00219624 0.000708983 0.999994 0.00317945 0.00219476 -0.00318055 0.999992 0.0101116 0.217708 0.162855
FixedParameters: 0 0 0

#Transform 116
Transform: AffineTransform_float_3_3
Parameters: 0.999999 -0.000197627 -0.00135365 0.000202374 0.999995 0.00323073 0.00135335 -0.00323127 0.999994 0.0110395 0.18114 0.192531
FixedParameters: 0 0 0

#Transform 117
Transform: AffineTransform_float_3_3
Parameters: 0.999998 -0.00027746 -0.00193595 0.000284542 0.999994 0.00337945 0.00193505 -0.00337954 0.999992 0.0142277 0.212738 0.180986
FixedParameters: 0 0 0

#Transform 118
Transform: AffineTransform_float_3_3
Parameters: 0.999999 0.000112677 -0.00147465 -0.000107322 0.999995 0.00317116 0.00147535 -0.00317084 0.999994 0.00681329 0.0891039 0.12784
FixedParameters: 0 0 0

#Transform 119
Transform: AffineTransform_float_3_3
Parameters: 0.999999 -0.00020556 -0.000828109 0.000205439 1 0.00053083 0.00082789 -0.00053117 0.999999 0.0385327 0.079493 0.200258
FixedParameters: 0 0 0
