# transform file /out/sourcedata/freesurfer/sub-v2s0x30151_ses-1/mri/transforms/cc_up.lta
# created by oesteban on Tue Mar 10 14:59:19 2026

type      = 0 # LINEAR_VOX_TO_VOX
nxforms   = 1
mean      = 127.0000 97.0000 120.0000
sigma     = 10000.0000
1 4 4
9.990070462226868e-01 -2.157063037157059e-02 3.898263350129128e-02 -1.583157181739807e+00 
2.155422605574131e-02 9.997673630714417e-01 8.410756709054112e-04 5.018670654296875e+01 
-3.899170458316803e-02 0.000000000000000e+00 9.992395043373108e-01 2.203637123107910e+01 
0.000000000000000e+00 0.000000000000000e+00 0.000000000000000e+00 1.000000000000000e+00 
src volume info
valid = 1  # volume info valid
filename = /out/sourcedata/freesurfer/sub-v2s0x30151_ses-1/mri/norm.mgz
volume = 256 256 256
voxelsize = 1.000000000000000e+00 1.000000000000000e+00 1.000000000000000e+00
xras   = -1.000000000000000e+00 0.000000000000000e+00 0.000000000000000e+00
yras   = 0.000000000000000e+00 0.000000000000000e+00 -1.000000000000000e+00
zras   = 0.000000000000000e+00 1.000000000000000e+00 0.000000000000000e+00
cras   = 7.740631103515625e-01 1.376567077636719e+01 -2.775645446777344e+01
dst volume info
valid = 1  # volume info valid
filename = /out/sourcedata/freesurfer/sub-v2s0x30151_ses-1/mri/norm.mgz
volume = 256 256 256
voxelsize = 1.000000000000000e+00 1.000000000000000e+00 1.000000000000000e+00
xras   = -1.000000000000000e+00 0.000000000000000e+00 0.000000000000000e+00
yras   = 0.000000000000000e+00 0.000000000000000e+00 -1.000000000000000e+00
zras   = 0.000000000000000e+00 1.000000000000000e+00 0.000000000000000e+00
cras   = 7.740631103515625e-01 1.376567077636719e+01 -2.775645446777344e+01
