#Insight Transform File V1.0
#Transform 0
Transform: AffineTransform_float_3_3
Parameters: 0.999998 0.000108173 0.00166405 -0.000108827 1 0.000496819 -0.00166394 -0.00049718 0.999998 -0.0248888 0.200504 0.0721861
FixedParameters: 0 0 0

#Transform 1
Transform: AffineTransform_float_3_3
Parameters: 0.999998 -8.48296e-07 0.001982 1.51702e-07 1 0.000428001 -0.001982 -0.000427999 0.999998 0.0116341 0.17881 0.0480743
FixedParameters: 0 0 0

#Transform 2
Transform: AffineTransform_float_3_3
Parameters: 0.999999 0.000258917 0.00133082 -0.000258083 0.999999 -0.000689344 -0.00133118 0.000688656 0.999999 -0.0203191 0.130615 -0.0923619
FixedParameters: 0 0 0

#Transform 3
Transform: AffineTransform_float_3_3
Parameters: 0.999999 0.000829878 0.00107287 -0.000831123 0.999999 0.00104611 -0.00107213 -0.00104689 0.999999 -0.0625485 0.0222138 -0.132525
FixedParameters: 0 0 0

#Transform 4
Transform: AffineTransform_float_3_3
Parameters: 0.999998 0.000547069 0.00158267 -0.00054893 0.999999 0.00122013 -0.00158133 -0.00122087 0.999998 -0.0845473 0.0819753 0.214286
FixedParameters: 0 0 0

#Transform 5
Transform: AffineTransform_float_3_3
Parameters: 0.999998 0.000299311 0.00164049 -0.000301689 0.999998 0.00163951 -0.00163951 -0.00163949 0.999998 -0.0535749 0.560444 0.341839
FixedParameters: 0 0 0

#Transform 6
Transform: AffineTransform_float_3_3
Parameters: 0.999998 0.000262414 0.00168125 -0.000263585 0.999999 0.000942558 -0.00168175 -0.000943442 0.999998 -0.023798 0.337421 0.0650257
FixedParameters: 0 0 0

#Transform 7
Transform: AffineTransform_float_3_3
Parameters: 0.999999 -1.3945e-05 0.00133099 1.3055e-05 0.999999 0.000710018 -0.00133101 -0.000709982 0.999999 -0.0169381 0.049676 0.0303938
FixedParameters: 0 0 0

#Transform 8
Transform: AffineTransform_float_3_3
Parameters: 0.999999 0.000515918 0.000648065 -0.000516081 1 0.000125666 -0.000647935 -0.000126334 1 -0.0718757 0.176309 -0.0664994
FixedParameters: 0 0 0

#Transform 9
Transform: AffineTransform_float_3_3
Parameters: 1 0.00107013 -0.000283499 -0.00106987 1 0.000468304 0.000284501 -0.000467696 1 -0.137248 -0.0550185 -0.382959
FixedParameters: 0 0 0

#Transform 10
Transform: AffineTransform_float_3_3
Parameters: 0.999999 0.00158765 0.000685812 -0.00158735 0.999998 0.000510912 -0.000685188 -0.000512088 0.999999 -0.175529 0.0877725 -0.141878
FixedParameters: 0 0 0

#Transform 11
Transform: AffineTransform_float_3_3
Parameters: 1 0.000301784 0.000632581 -0.000303215 0.999998 0.00192281 -0.000631418 -0.00192319 0.999998 -0.1136 0.710446 0.365415
FixedParameters: 0 0 0

#Transform 12
Transform: AffineTransform_float_3_3
Parameters: 1 0.000552362 0.000335054 -0.000552638 0.999998 0.00190682 -0.000333947 -0.00190719 0.999998 -0.107576 0.446123 0.211517
FixedParameters: 0 0 0

#Transform 13
Transform: AffineTransform_float_3_3
Parameters: 1 0.00030211 0.000466578 -0.000302889 0.999998 0.00190886 -0.000465423 -0.00190814 0.999998 -0.0821312 0.0830146 0.116968
FixedParameters: 0 0 0

#Transform 14
Transform: AffineTransform_float_3_3
Parameters: 1 0.000302569 0.000567229 -0.00030343 0.999999 0.000758827 -0.000566769 -0.000759171 0.999999 -0.000578038 0.036756 -0.0899496
FixedParameters: 0 0 0

#Transform 15
Transform: AffineTransform_float_3_3
Parameters: 1 0.0011058 0.000262839 -0.0011062 0.999999 0.00075871 -0.000262161 -0.00075829 0.999999 -0.118928 -0.00883795 -0.118371
FixedParameters: 0 0 0

#Transform 16
Transform: AffineTransform_float_3_3
Parameters: 1 0.00098155 0.000385151 -0.000982451 0.999999 0.00117162 -0.00038385 -0.00117138 0.999999 -0.143977 0.408539 0.19337
FixedParameters: 0 0 0

#Transform 17
Transform: AffineTransform_float_3_3
Parameters: 1 6.31762e-05 0.000643081 -6.38236e-05 0.999999 0.00128096 -0.000642919 -0.00128104 0.999999 -0.148396 0.59265 0.262743
FixedParameters: 0 0 0

#Transform 18
Transform: AffineTransform_float_3_3
Parameters: 0.999999 -0.000305685 0.000780732 0.000305315 0.999999 0.000877239 -0.000781268 -0.000877761 1 0.0061034 0.164273 0.175507
FixedParameters: 0 0 0

#Transform 19
Transform: AffineTransform_float_3_3
Parameters: 1 -0.000528012 0.000147958 0.000527988 1 8.00781e-05 -0.000148042 -7.99218e-05 1 0.0583751 0.056026 -0.0745996
FixedParameters: 0 0 0

#Transform 20
Transform: AffineTransform_float_3_3
Parameters: 1 0.000154989 0.000622003 -0.000155011 1 1.79036e-05 -0.000621997 -1.80964e-05 1 0.00698257 -0.00756232 -0.0296641
FixedParameters: 0 0 0

#Transform 21
Transform: AffineTransform_float_3_3
Parameters: 1 -3.27586e-05 0.000622012 3.22413e-05 1 -0.00038798 -0.000621987 0.00038802 0.999999 -0.0681623 0.383907 0.113034
FixedParameters: 0 0 0

#Transform 22
Transform: AffineTransform_float_3_3
Parameters: 1 0.000175274 0.000621923 -0.000174726 1 -0.000440109 -0.000622077 0.000439891 0.999999 -0.0769469 0.488812 -0.00838965
FixedParameters: 0 0 0

#Transform 23
Transform: AffineTransform_float_3_3
Parameters: 1 0.000508985 -0.000196038 -0.000509015 1 -7.49002e-05 0.000195962 7.50997e-05 1 -0.0902011 0.00123504 -0.0527544
FixedParameters: 0 0 0

#Transform 24
Transform: AffineTransform_float_3_3
Parameters: 1 -2.70448e-05 0.000199994 2.69552e-05 1 0.000224005 -0.000200006 -0.000223995 1 -0.0707586 0.102037 0.0371469
FixedParameters: 0 0 0

#Transform 25
Transform: AffineTransform_float_3_3
Parameters: 1 0.000129981 0.000161015 -0.000130019 1 0.000118979 -0.000160985 -0.000119021 1 -0.105859 0.336597 0.135339
FixedParameters: 0 0 0

#Transform 26
Transform: AffineTransform_float_3_3
Parameters: 1 9.09605e-06 -9.19906e-05 -8.90395e-06 1 0.001044 9.20094e-05 -0.001044 1 -0.0597714 0.124176 0.0562363
FixedParameters: 0 0 0

#Transform 27
Transform: AffineTransform_float_3_3
Parameters: 1 -6.17973e-06 0.000130992 5.82026e-06 0.999999 0.001372 -0.000131008 -0.001372 0.999999 -0.0561144 0.152103 0.175195
FixedParameters: 0 0 0

#Transform 28
Transform: AffineTransform_float_3_3
Parameters: 1 -8.52248e-05 0.000163883 8.47751e-05 0.999999 0.00137101 -0.000164116 -0.00137099 0.999999 -0.0524701 0.442179 0.209587
FixedParameters: 0 0 0

#Transform 29
Transform: AffineTransform_float_3_3
Parameters: 1 -0.000528219 0.000251539 0.000527779 0.999999 0.000873132 -0.000252461 -0.000872866 0.999999 -0.0329475 0.212555 0.0953461
FixedParameters: 0 0 0

#Transform 30
Transform: AffineTransform_float_3_3
Parameters: 1 -3.18219e-05 -9.20618e-05 3.2178e-05 0.999998 0.001935 9.19379e-05 -0.001935 0.999998 -0.0246667 -0.013951 -0.00249262
FixedParameters: 0 0 0

#Transform 31
Transform: AffineTransform_float_3_3
Parameters: 1 0.000235227 -9.14176e-05 -0.000235774 0.999997 0.00247702 9.15843e-05 -0.00247698 0.999997 -0.0462947 0.245317 0.16009
FixedParameters: 0 0 0

#Transform 32
Transform: AffineTransform_float_3_3
Parameters: 1 0.000357236 -9.10804e-05 -0.000356764 0.999996 0.00257503 9.19189e-05 -0.00257497 0.999996 -0.115531 0.517271 0.256646
FixedParameters: 0 0 0

#Transform 33
Transform: AffineTransform_float_3_3
Parameters: 1 0.000242157 -9.15845e-05 -0.000241843 0.999998 0.00171602 9.14151e-05 -0.00171598 0.999998 -0.130383 0.326114 0.130641
FixedParameters: 0 0 0

#Transform 34
Transform: AffineTransform_float_3_3
Parameters: 1 0.000142095 -9.18536e-05 -0.000141905 1 0.00103101 9.21464e-05 -0.00103099 1 -0.0346714 0.0802704 0.0430223
FixedParameters: 0 0 0

#Transform 35
Transform: AffineTransform_float_3_3
Parameters: 0.999999 0.000497262 -0.000561767 -0.000497737 1 0.00046728 0.000562232 -0.00046672 0.999999 -0.0369396 -0.0919824 -0.11058
FixedParameters: 0 0 0

#Transform 36
Transform: AffineTransform_float_3_3
Parameters: 1 0.000142139 -0.000292932 -0.000141861 1 0.000475041 0.000293067 -0.000474958 1 -0.037348 0.330597 0.0916109
FixedParameters: 0 0 0

#Transform 37
Transform: AffineTransform_float_3_3
Parameters: 1 -0.000284961 -0.000262042 0.000285039 1 0.000148925 0.000261957 -0.000149075 1 -0.0193238 0.584994 0.169193
FixedParameters: 0 0 0

#Transform 38
Transform: AffineTransform_float_3_3
Parameters: 1 0.000141999 -0.000296 -0.000142001 1 -1.95797e-06 0.000296 2.04203e-06 1 -0.0373771 0.134614 0.053443
FixedParameters: 0 0 0

#Transform 39
Transform: AffineTransform_float_3_3
Parameters: 1 -0.000182713 -0.000562093 0.000182287 1 0.000510897 0.000561907 -0.000511103 0.999999 -0.0218529 -0.103741 -0.047723
FixedParameters: 0 0 0

#Transform 40
Transform: AffineTransform_float_3_3
Parameters: 1 0.000342626 -0.000378434 -0.000342374 0.999998 0.00165413 0.000378567 -0.00165387 0.999998 -0.046847 0.24724 0.14069
FixedParameters: 0 0 0

#Transform 41
Transform: AffineTransform_float_3_3
Parameters: 1 0.00014201 -8.83826e-06 -0.00014199 1 0.001139 9.16174e-06 -0.001139 1 -0.054212 0.474087 0.259843
FixedParameters: 0 0 0

#Transform 42
Transform: AffineTransform_float_3_3
Parameters: 1 0.000142074 -5.28026e-05 -0.000141926 0.999999 0.00139001 5.31973e-05 -0.00138999 0.999999 -0.0612944 0.264889 0.168068
FixedParameters: 0 0 0

#Transform 43
Transform: AffineTransform_float_3_3
Parameters: 1 -0.000164068 5.8812e-05 0.000163932 1 0.00114601 -5.91879e-05 -0.00114599 1 -0.051621 0.167953 0.188583
FixedParameters: 0 0 0

#Transform 44
Transform: AffineTransform_float_3_3
Parameters: 1 -0.00027093 -0.000140135 0.000271069 1 0.000496962 0.000139865 -0.000497038 1 -0.0341454 0.0686764 -0.111565
FixedParameters: 0 0 0

#Transform 45
Transform: AffineTransform_float_3_3
Parameters: 1 0.000141907 5.0264e-05 -0.000142095 0.999999 0.00185999 -5.07358e-05 -0.00186001 0.999999 -0.0424786 0.0517917 0.10612
FixedParameters: 0 0 0

#Transform 46
Transform: AffineTransform_float_3_3
Parameters: 1 3.57125e-05 0.000183056 -3.62874e-05 0.999999 0.00157099 -0.000182943 -0.00157101 0.999998 -0.0510937 0.466231 0.328275
FixedParameters: 0 0 0

#Transform 47
Transform: AffineTransform_float_3_3
Parameters: 1 0.000208072 -6.07529e-05 -0.000207927 1 0.00118801 6.12471e-05 -0.00118799 1 -0.0847987 0.556756 0.120741
FixedParameters: 0 0 0

#Transform 48
Transform: AffineTransform_float_3_3
Parameters: 1 -3.17158e-05 -0.000213043 3.22841e-05 0.999999 0.00133399 0.000212957 -0.00133401 0.999999 -0.0809076 0.165973 0.132881
FixedParameters: 0 0 0

#Transform 49
Transform: AffineTransform_float_3_3
Parameters: 1 -0.000132952 -9.10698e-05 0.000133048 1 0.000524988 9.09301e-05 -0.000525012 1 -0.0115547 0.132096 0.0548053
FixedParameters: 0 0 0

#Transform 50
Transform: AffineTransform_float_3_3
Parameters: 0.999999 0.000505743 -0.000561331 -0.000505257 0.999999 0.00132328 0.000561669 -0.00132372 0.999999 -0.0591095 -0.0220914 -0.0996923
FixedParameters: 0 0 0

#Transform 51
Transform: AffineTransform_float_3_3
Parameters: 1 0.000635339 -0.000164698 -0.00063466 0.999997 0.0020501 0.000166301 -0.00204989 0.999998 -0.0735686 0.18522 0.166322
FixedParameters: 0 0 0

#Transform 52
Transform: AffineTransform_float_3_3
Parameters: 1 -0.000283707 0.000329392 0.000283293 0.999997 0.00214609 -0.000329609 -0.00214591 0.999997 -0.0123708 0.723084 0.313036
FixedParameters: 0 0 0

#Transform 53
Transform: AffineTransform_float_3_3
Parameters: 0.999999 -0.000607451 -0.000562594 0.000608549 1 0.000976659 0.000561406 -0.000977342 1 -0.016 0.340098 0.157597
FixedParameters: 0 0 0

#Transform 54
Transform: AffineTransform_float_3_3
Parameters: 0.999999 -0.00068283 -0.000626278 0.00068417 0.999998 0.00187057 0.000624721 -0.00187043 0.999998 -0.00384135 -0.0167313 0.0704789
FixedParameters: 0 0 0

#Transform 55
Transform: AffineTransform_float_3_3
Parameters: 1 0.000214879 -0.000561664 -0.000213121 0.999999 0.00156412 0.000562334 -0.00156388 0.999998 -0.110191 -0.0720703 -0.0934203
FixedParameters: 0 0 0

#Transform 56
Transform: AffineTransform_float_3_3
Parameters: 1 -7.82338e-05 -0.000562248 7.97654e-05 0.999995 0.00314196 0.000561752 -0.00314204 0.999995 -0.0985675 0.379452 0.222421
FixedParameters: 0 0 0

#Transform 57
Transform: AffineTransform_float_3_3
Parameters: 1 -0.000142805 -0.000101276 0.000143195 0.999998 0.00193199 0.000100724 -0.00193201 0.999998 0.0198933 0.647852 0.293288
FixedParameters: 0 0 0

#Transform 58
Transform: AffineTransform_float_3_3
Parameters: 0.999999 -0.00023262 -0.000993323 0.00023438 0.999999 0.00138877 0.000993674 -0.00138923 0.999998 0.00132398 0.168091 0.100116
FixedParameters: 0 0 0

#Transform 59
Transform: AffineTransform_float_3_3
Parameters: 1 -2.47474e-05 -0.00117205 2.72525e-05 0.999998 0.00192197 0.00117195 -0.00192203 0.999998 -0.0491839 -0.0310516 0.0877577
FixedParameters: 0 0 0

#Transform 60
Transform: AffineTransform_float_3_3
Parameters: 1 -0.000549506 -0.000992829 0.000551492 0.999998 0.00150445 0.000991172 -0.00150555 0.999999 0.00909659 0.300138 0.159541
FixedParameters: 0 0 0

#Transform 61
Transform: AffineTransform_float_3_3
Parameters: 1 -0.000271198 -0.00115742 0.000272801 0.999999 0.00155669 0.00115658 -0.00155731 0.999998 -0.00208175 0.247594 0.133479
FixedParameters: 0 0 0

#Transform 62
Transform: AffineTransform_float_3_3
Parameters: 1 -0.000175294 -0.000570527 0.000176708 0.999995 0.0029929 0.000570474 -0.0029921 0.999996 -0.0519613 0.165013 0.288766
FixedParameters: 0 0 0

#Transform 63
Transform: AffineTransform_float_3_3
Parameters: 1 -8.89276e-05 -0.000486198 9.00718e-05 0.999997 0.00220596 0.000485803 -0.00220604 0.999998 -0.0473542 0.246998 0.201211
FixedParameters: 0 0 0

#Transform 64
Transform: AffineTransform_float_3_3
Parameters: 1 -0.000178809 -0.000499428 0.000180192 0.999997 0.00238591 0.000499571 -0.00238609 0.999997 -0.0190058 0.203859 0.152224
FixedParameters: 0 0 0

#Transform 65
Transform: AffineTransform_float_3_3
Parameters: 0.999999 -6.00863e-05 -0.000889993 5.99136e-05 1 -9.70533e-05 0.000890005 9.69465e-05 0.999999 -0.0040759 0.054587 -0.146418
FixedParameters: 0 0 0

#Transform 66
Transform: AffineTransform_float_3_3
Parameters: 0.999999 0.00125498 -0.000840545 -0.00125403 0.999999 0.00116006 0.000841454 -0.00115895 0.999999 -0.0833188 -0.0634496 -0.08958
FixedParameters: 0 0 0

#Transform 67
Transform: AffineTransform_float_3_3
Parameters: 0.999998 0.00110387 -0.0012154 -0.00110113 0.999996 0.00235834 0.0012186 -0.00235666 0.999997 -0.177317 0.453306 0.365608
FixedParameters: 0 0 0

#Transform 68
Transform: AffineTransform_float_3_3
Parameters: 0.999999 -0.000607531 -0.000665344 0.000608468 0.999998 0.0022096 0.000663657 -0.00221041 0.999998 -0.100873 0.689482 0.367865
FixedParameters: 0 0 0

#Transform 69
Transform: AffineTransform_float_3_3
Parameters: 0.999998 -0.000606067 -0.00153316 0.000608932 0.999998 0.00191307 0.00153184 -0.00191393 0.999997 -0.00967678 0.16962 0.0997985
FixedParameters: 0 0 0

#Transform 70
Transform: AffineTransform_float_3_3
Parameters: 0.999998 -0.00117813 -0.00121679 0.00118087 0.999997 0.00236157 0.00121421 -0.00236344 0.999997 0.0588936 0.0949817 0.113764
FixedParameters: 0 0 0

#Transform 71
Transform: AffineTransform_float_3_3
Parameters: 0.999999 -9.00781e-05 -0.00136013 9.19215e-05 0.999999 0.00141288 0.00135987 -0.00141312 0.999998 0.00493394 -0.0339552 -0.149007
FixedParameters: 0 0 0

#Transform 72
Transform: AffineTransform_float_3_3
Parameters: 0.999998 -0.00012643 -0.00171227 0.000130571 0.999998 0.00208578 0.00171173 -0.00208522 0.999997 -0.101412 0.0557662 -0.0322009
FixedParameters: 0 0 0

#Transform 73
Transform: AffineTransform_float_3_3
Parameters: 1 -0.000204503 -0.000644477 0.000206496 0.999998 0.00232387 0.000643522 -0.00232313 0.999997 -0.101015 0.525102 0.310659
FixedParameters: 0 0 0

#Transform 74
Transform: AffineTransform_float_3_3
Parameters: 0.999999 -0.000179965 -0.00148937 0.000183034 0.999998 0.00203773 0.00148863 -0.00203827 0.999997 -0.0591508 0.46686 0.201835
FixedParameters: 0 0 0

#Transform 75
Transform: AffineTransform_float_3_3
Parameters: 0.999998 -0.000462271 -0.00168902 0.000466727 0.999997 0.00220721 0.00168797 -0.00220878 0.999996 -0.0509343 0.14968 0.151519
FixedParameters: 0 0 0

#Transform 76
Transform: AffineTransform_float_3_3
Parameters: 0.999997 -1.14402e-05 -0.00267201 1.35607e-05 0.999999 0.000957967 0.00267299 -0.000958034 0.999996 -0.0991034 -0.0370756 -0.102242
FixedParameters: 0 0 0

#Transform 77
Transform: AffineTransform_float_3_3
Parameters: 0.999997 0.000129712 -0.00214478 -0.000126286 0.999998 0.00173127 0.00214522 -0.00173073 0.999996 -0.0998865 0.0452444 0.031093
FixedParameters: 0 0 0

#Transform 78
Transform: AffineTransform_float_3_3
Parameters: 1 -0.000654067 -0.000820744 0.000654933 0.999999 0.00113646 0.000820256 -0.00113754 0.999999 0.00912965 0.574554 0.351628
FixedParameters: 0 0 0

#Transform 79
Transform: AffineTransform_float_3_3
Parameters: 0.999997 -0.00105442 -0.00214627 0.00105658 0.999998 0.00119874 0.00214573 -0.00120127 0.999997 -0.000675207 0.356314 0.106113
FixedParameters: 0 0 0

#Transform 80
Transform: AffineTransform_float_3_3
Parameters: 0.999996 -0.000651096 -0.0028399 0.000654904 0.999999 0.00137415 0.0028391 -0.00137585 0.999995 -0.0402939 -0.0906095 -0.0186007
FixedParameters: 0 0 0

#Transform 81
Transform: AffineTransform_float_3_3
Parameters: 0.999997 -0.00111881 -0.0018066 0.00112319 0.999996 0.00231897 0.0018044 -0.00232102 0.999995 0.00345245 0.163124 0.196554
FixedParameters: 0 0 0

#Transform 82
Transform: AffineTransform_float_3_3
Parameters: 0.999999 -0.000902846 -0.00127881 0.000904154 0.999999 0.000901845 0.00127818 -0.000903155 0.999999 0.0120772 0.399941 0.233961
FixedParameters: 0 0 0

#Transform 83
Transform: AffineTransform_float_3_3
Parameters: 0.999995 -0.000649846 -0.00291715 0.000655153 0.999998 0.0017661 0.00291585 -0.0017679 0.999994 -0.0562239 0.097056 0.0318226
FixedParameters: 0 0 0

#Transform 84
Transform: AffineTransform_float_3_3
Parameters: 0.999998 -0.000927858 -0.00214723 0.000933144 0.999996 0.002395 0.00214577 -0.002397 0.999995 -0.0161062 0.156689 0.219539
FixedParameters: 0 0 0

#Transform 85
Transform: AffineTransform_float_3_3
Parameters: 0.999998 -0.000834198 -0.00214648 0.000838804 0.999998 0.0017712 0.00214552 -0.00177279 0.999996 -0.0326656 0.476124 0.1792
FixedParameters: 0 0 0

#Transform 86
Transform: AffineTransform_float_3_3
Parameters: 0.999997 -0.000807452 -0.00233627 0.000813547 0.999995 0.00280311 0.00233373 -0.00280489 0.999994 -0.0182455 0.143225 0.172905
FixedParameters: 0 0 0

#Transform 87
Transform: AffineTransform_float_3_3
Parameters: 0.999998 -0.000651858 -0.00153634 0.000655142 0.999997 0.002045 0.00153566 -0.002046 0.999996 -0.0377804 0.172889 0.271699
FixedParameters: 0 0 0

#Transform 88
Transform: AffineTransform_float_3_3
Parameters: 0.999998 -0.000652222 -0.00147623 0.000654777 0.999998 0.00188204 0.00147477 -0.00188296 0.999997 -0.0568697 0.349354 0.228132
FixedParameters: 0 0 0

#Transform 89
Transform: AffineTransform_float_3_3
Parameters: 0.999996 -0.000952509 -0.00239079 0.000957493 0.999998 0.00187872 0.00238921 -0.00188028 0.999996 -0.061773 0.133115 0.156635
FixedParameters: 0 0 0

#Transform 90
Transform: AffineTransform_float_3_3
Parameters: 0.999997 -0.000386461 -0.00243988 0.000392537 0.999998 0.00227005 0.00243812 -0.00227095 0.999995 -0.0365975 -0.0195837 -0.0585402
FixedParameters: 0 0 0

#Transform 91
Transform: AffineTransform_float_3_3
Parameters: 0.999998 -0.000648636 -0.00224984 0.000655363 0.999996 0.00282953 0.00224715 -0.00283046 0.999993 -0.00321765 0.292959 0.180046
FixedParameters: 0 0 0

#Transform 92
Transform: AffineTransform_float_3_3
Parameters: 0.999999 -0.00065238 -0.0012274 0.00065462 0.999998 0.0021362 0.0012256 -0.0021368 0.999997 0.0386865 0.560254 0.37202
FixedParameters: 0 0 0

#Transform 93
Transform: AffineTransform_float_3_3
Parameters: 0.999997 -0.000593488 -0.00205602 0.000597512 0.999999 0.00170778 0.00205498 -0.00170922 0.999997 -0.00714741 0.22008 0.205838
FixedParameters: 0 0 0

#Transform 94
Transform: AffineTransform_float_3_3
Parameters: 0.999997 -0.000883343 -0.00193513 0.000888657 0.999996 0.00240729 0.00193287 -0.00240871 0.999995 -0.0597006 0.116305 0.178583
FixedParameters: 0 0 0

#Transform 95
Transform: AffineTransform_float_3_3
Parameters: 0.999998 -0.000113793 -0.00158809 0.000115207 0.999999 0.000759818 0.00158791 -0.000760182 0.999999 -0.0563729 -0.0165258 -0.207827
FixedParameters: 0 0 0

#Transform 96
Transform: AffineTransform_float_3_3
Parameters: 0.999997 -0.000577276 -0.00259051 0.000583725 0.999997 0.0025955 0.00258949 -0.00259751 0.999994 -0.0458659 0.186981 0.107963
FixedParameters: 0 0 0

#Transform 97
Transform: AffineTransform_float_3_3
Parameters: 0.999999 -0.000557194 -0.00119484 0.000558806 0.999998 0.00151133 0.00119416 -0.00151267 0.999998 -0.00363048 0.533722 0.346214
FixedParameters: 0 0 0

#Transform 98
Transform: AffineTransform_float_3_3
Parameters: 0.999996 -0.00088812 -0.00243079 0.000892879 0.999997 0.00200684 0.00242921 -0.00200916 0.999995 0.0149359 0.193023 0.195057
FixedParameters: 0 0 0

#Transform 99
Transform: AffineTransform_float_3_3
Parameters: 0.999999 -0.000724463 -0.00125189 0.000725538 0.999999 0.00122809 0.00125111 -0.00122891 0.999999 0.0174488 0.102391 0.262206
FixedParameters: 0 0 0

#Transform 100
Transform: AffineTransform_float_3_3
Parameters: 0.999995 -0.000749892 -0.00307001 0.000754106 0.999999 0.00133669 0.00306899 -0.00133931 0.999995 0.0023532 0.157303 0.0888617
FixedParameters: 0 0 0

#Transform 101
Transform: AffineTransform_float_3_3
Parameters: 0.999997 -0.000923866 -0.00246431 0.000930132 0.999996 0.00248871 0.00246169 -0.00249128 0.999994 0.0221146 0.172495 0.146583
FixedParameters: 0 0 0

#Transform 102
Transform: AffineTransform_float_3_3
Parameters: 0.999994 -0.000633303 -0.00319274 0.000636696 0.999999 0.00115697 0.00319126 -0.00115903 0.999994 -0.0663351 0.209639 -0.0738881
FixedParameters: 0 0 0

#Transform 103
Transform: AffineTransform_float_3_3
Parameters: 0.999989 -0.000830683 -0.00447255 0.000839312 0.999998 0.00185727 0.00447045 -0.00186173 0.999989 -0.106422 0.230795 -0.0101065
FixedParameters: 0 0 0

#Transform 104
Transform: AffineTransform_float_3_3
Parameters: 0.999995 0.00016768 -0.00297742 -0.000157319 0.999993 0.00358648 0.00297858 -0.00358652 0.999989 -0.201629 0.397698 0.338696
FixedParameters: 0 0 0

#Transform 105
Transform: AffineTransform_float_3_3
Parameters: 0.999991 3.26904e-05 -0.00440793 -1.93089e-05 0.999996 0.00287911 0.00440808 -0.00287888 0.999986 -0.12953 0.265985 0.135414
FixedParameters: 0 0 0

#Transform 106
Transform: AffineTransform_float_3_3
Parameters: 0.999994 -0.00125429 -0.00324222 0.00126071 0.999997 0.00176092 0.00323978 -0.00176507 0.999993 0.0213362 0.166288 0.248453
FixedParameters: 0 0 0

#Transform 107
Transform: AffineTransform_float_3_3
Parameters: 0.999992 -0.00125388 -0.00398293 0.00126012 0.999998 0.00153499 0.00398107 -0.00154001 0.999991 0.0241177 0.12576 0.0694997
FixedParameters: 0 0 0

#Transform 108
Transform: AffineTransform_float_3_3
Parameters: 0.999993 -0.00124954 -0.00368057 0.00126046 0.999995 0.00283938 0.00367743 -0.00284462 0.999989 0.0384156 0.0242226 0.124347
FixedParameters: 0 0 0

#Transform 109
Transform: AffineTransform_float_3_3
Parameters: 0.999998 -0.000932081 -0.00175609 0.000935919 0.999997 0.00223236 0.00175391 -0.00223364 0.999996 -0.0281692 0.392086 0.3851
FixedParameters: 0 0 0

#Transform 110
Transform: AffineTransform_float_3_3
Parameters: 0.999991 -0.00118518 -0.0040319 0.00119482 0.999997 0.0024342 0.0040291 -0.0024388 0.999989 -0.0747334 0.372494 0.147568
FixedParameters: 0 0 0

#Transform 111
Transform: AffineTransform_float_3_3
Parameters: 0.999992 -0.00114358 -0.00377779 0.00115642 0.999994 0.00328766 0.00377422 -0.00329234 0.999988 -0.0746762 0.149436 0.240869
FixedParameters: 0 0 0

#Transform 112
Transform: AffineTransform_float_3_3
Parameters: 0.999989 -0.00103996 -0.00444889 0.00104704 0.999998 0.00180536 0.00444711 -0.00181064 0.999989 -0.0910259 0.095513 0.0122789
FixedParameters: 0 0 0

#Transform 113
Transform: AffineTransform_float_3_3
Parameters: 0.999992 -0.00114822 -0.0038912 0.00115878 0.999996 0.00276951 0.0038878 -0.00277349 0.999988 -0.014366 0.0523321 0.0972137
FixedParameters: 0 0 0

#Transform 114
Transform: AffineTransform_float_3_3
Parameters: 0.999999 -0.000806136 -0.00135331 0.000810862 0.999995 0.00285691 0.00135069 -0.00285809 0.999995 -0.0059898 0.445618 0.44239
FixedParameters: 0 0 0

#Transform 115
Transform: AffineTransform_float_3_3
Parameters: 0.999995 -0.000402924 -0.00311405 0.000411074 0.999996 0.00259273 0.00311294 -0.00259427 0.999992 -0.0753207 0.488578 0.235039
FixedParameters: 0 0 0

#Transform 116
Transform: AffineTransform_float_3_3
Parameters: 0.999992 -0.000968816 -0.00406968 0.000980182 0.999995 0.00274703 0.00406632 -0.00275096 0.999988 -0.0516977 0.0705523 0.0890024
FixedParameters: 0 0 0

#Transform 117
Transform: AffineTransform_float_3_3
Parameters: 0.99999 -0.000806786 -0.00423596 0.000817216 0.999997 0.00241056 0.00423404 -0.00241344 0.999988 -0.0603146 -0.00230367 0.0893203
FixedParameters: 0 0 0

#Transform 118
Transform: AffineTransform_float_3_3
Parameters: 0.999997 -0.000947575 -0.00232622 0.000953426 0.999997 0.00233179 0.00232478 -0.00233421 0.999994 -0.0116435 0.357696 0.354479
FixedParameters: 0 0 0

#Transform 119
Transform: AffineTransform_float_3_3
Parameters: 0.99999 -0.00119897 -0.00413221 0.00121003 0.999995 0.00266702 0.00412878 -0.00267197 0.999988 -0.0379467 0.480792 0.161691
FixedParameters: 0 0 0
