# transform file /out/sourcedata/freesurfer/sub-v2s0x29016_ses-1/mri/transforms/cc_up.lta
# created by oesteban on Tue Mar 10 09:49:25 2026

type      = 0 # LINEAR_VOX_TO_VOX
nxforms   = 1
mean      = 129.0000 105.0000 112.0000
sigma     = 10000.0000
1 4 4
9.996109604835510e-01 -1.696590334177017e-02 -2.214240096509457e-02 2.660824060440063e+00 
1.696174405515194e-02 9.998561739921570e-01 -3.757199447136372e-04 4.486154174804688e+01 
2.214558795094490e-02 0.000000000000000e+00 9.997548460960388e-01 2.416799163818359e+01 
0.000000000000000e+00 0.000000000000000e+00 0.000000000000000e+00 1.000000000000000e+00 
src volume info
valid = 1  # volume info valid
filename = /out/sourcedata/freesurfer/sub-v2s0x29016_ses-1/mri/norm.mgz
volume = 256 256 256
voxelsize = 1.000000000000000e+00 1.000000000000000e+00 1.000000000000000e+00
xras   = -1.000000000000000e+00 0.000000000000000e+00 0.000000000000000e+00
yras   = 0.000000000000000e+00 0.000000000000000e+00 -1.000000000000000e+00
zras   = 0.000000000000000e+00 1.000000000000000e+00 0.000000000000000e+00
cras   = 7.740631103515625e-01 3.845840454101562e+01 -2.197875976562500e+00
dst volume info
valid = 1  # volume info valid
filename = /out/sourcedata/freesurfer/sub-v2s0x29016_ses-1/mri/norm.mgz
volume = 256 256 256
voxelsize = 1.000000000000000e+00 1.000000000000000e+00 1.000000000000000e+00
xras   = -1.000000000000000e+00 0.000000000000000e+00 0.000000000000000e+00
yras   = 0.000000000000000e+00 0.000000000000000e+00 -1.000000000000000e+00
zras   = 0.000000000000000e+00 1.000000000000000e+00 0.000000000000000e+00
cras   = 7.740631103515625e-01 3.845840454101562e+01 -2.197875976562500e+00
