# transform file /out/sourcedata/freesurfer/sub-v2s0x29006_ses-1/mri/transforms/cc_up.lta
# created by oesteban on Thu Mar 12 18:04:42 2026

type      = 0 # LINEAR_VOX_TO_VOX
nxforms   = 1
mean      = 127.0000 106.0000 112.0000
sigma     = 10000.0000
1 4 4
9.989983439445496e-01 2.524937689304352e-02 -3.694317117333412e-02 2.230158090591431e+00 
-2.523212879896164e-02 9.996811747550964e-01 9.330895263701677e-04 4.314856338500977e+01 
3.695495054125786e-02 -5.820766091346741e-11 9.993169307708740e-01 3.336819458007812e+01 
0.000000000000000e+00 0.000000000000000e+00 0.000000000000000e+00 1.000000000000000e+00 
src volume info
valid = 1  # volume info valid
filename = /out/sourcedata/freesurfer/sub-v2s0x29006_ses-1/mri/norm.mgz
volume = 256 256 256
voxelsize = 1.000000000000000e+00 1.000000000000000e+00 1.000000000000000e+00
xras   = -1.000000000000000e+00 0.000000000000000e+00 0.000000000000000e+00
yras   = 0.000000000000000e+00 0.000000000000000e+00 -1.000000000000000e+00
zras   = 0.000000000000000e+00 1.000000000000000e+00 0.000000000000000e+00
cras   = -1.308670043945312e+00 2.721002197265625e+01 -1.272776794433594e+01
dst volume info
valid = 1  # volume info valid
filename = /out/sourcedata/freesurfer/sub-v2s0x29006_ses-1/mri/norm.mgz
volume = 256 256 256
voxelsize = 1.000000000000000e+00 1.000000000000000e+00 1.000000000000000e+00
xras   = -1.000000000000000e+00 0.000000000000000e+00 0.000000000000000e+00
yras   = 0.000000000000000e+00 0.000000000000000e+00 -1.000000000000000e+00
zras   = 0.000000000000000e+00 1.000000000000000e+00 0.000000000000000e+00
cras   = -1.308670043945312e+00 2.721002197265625e+01 -1.272776794433594e+01
