#Insight Transform File V1.0
#Transform 0
Transform: AffineTransform_float_3_3
Parameters: 0.999997 0.00130492 0.00169306 -0.00130508 0.999999 4.77905e-05 -0.00169293 -5.02092e-05 0.999998 -0.0841622 0.0155084 0.182324
FixedParameters: 0 0 0

#Transform 1
Transform: AffineTransform_float_3_3
Parameters: 1 0.000600114 0.000201661 -0.000599886 0.999999 -0.000565121 -0.000201339 0.000564879 1 -0.0797134 0.0186351 -0.0958309
FixedParameters: 0 0 0

#Transform 2
Transform: AffineTransform_float_3_3
Parameters: 1 0.000113027 0.000129977 -0.000112974 1 -0.000205015 -0.000129023 0.000204985 1 -0.0501069 0.0184395 -0.105911
FixedParameters: 0 0 0

#Transform 3
Transform: AffineTransform_float_3_3
Parameters: 1 -0.00028508 -0.000120812 0.000284921 0.999999 -0.000659034 0.000120188 0.000658965 1 -0.0347162 -0.00592598 -0.128802
FixedParameters: 0 0 0

#Transform 4
Transform: AffineTransform_float_3_3
Parameters: 1 0.000297916 -4.95119e-05 -0.000298086 0.999999 -0.00171799 4.94879e-05 0.00171801 0.999998 -0.0203415 -0.0380325 -0.0400844
FixedParameters: 0 0 0

#Transform 5
Transform: AffineTransform_float_3_3
Parameters: 1 -8.83048e-05 -0.000173846 8.76951e-05 0.999999 -0.00175202 0.000174154 0.00175199 0.999999 -0.038128 -0.0432044 -0.0498933
FixedParameters: 0 0 0

#Transform 6
Transform: AffineTransform_float_3_3
Parameters: 1 0.000402159 0.000240735 -0.000401841 0.999999 -0.000659096 -0.000241265 0.000658903 1 -0.0569279 0.0303072 0.0459471
FixedParameters: 0 0 0

#Transform 7
Transform: AffineTransform_float_3_3
Parameters: 1 0.000433943 -4.95047e-05 -0.000433058 0.999999 -0.00116298 4.94964e-05 0.00116302 1 -0.0206278 0.00206044 -0.00752734
FixedParameters: 0 0 0

#Transform 8
Transform: AffineTransform_float_3_3
Parameters: 1 0.000549907 -0.000188272 -0.000549093 0.999999 -0.000493897 0.000187729 0.000494103 1 -0.0285911 0.00622519 -0.00316553
FixedParameters: 0 0 0

#Transform 9
Transform: AffineTransform_float_3_3
Parameters: 1 0.000315611 -0.000469262 -0.000316388 0.999999 -0.000827852 0.000468738 0.000828148 1 -0.0366991 0.00279161 0.0350597
FixedParameters: 0 0 0

#Transform 10
Transform: AffineTransform_float_3_3
Parameters: 1 -0.000457132 -0.000200699 0.000456867 0.999999 -0.000659091 0.000201301 0.000658908 1 -0.0192016 -0.00737838 0.0170633
FixedParameters: 0 0 0

#Transform 11
Transform: AffineTransform_float_3_3
Parameters: 1 0.000565977 -0.000171076 -0.000566023 1 -0.000133903 0.000170924 0.000134097 1 -0.0274625 0.0288464 0.0545343
FixedParameters: 0 0 0

#Transform 12
Transform: AffineTransform_float_3_3
Parameters: 1 -9.99907e-06 -4.90002e-05 1.00009e-05 1 1.89995e-05 4.89998e-05 -1.90005e-05 1 0.0118332 -0.0100437 0.0262989
FixedParameters: 0 0 0

#Transform 13
Transform: AffineTransform_float_3_3
Parameters: 1 -0.000447153 -0.000497863 0.000446847 1 -0.000307222 0.000498137 0.000306777 1 0.0111059 -0.00528884 -0.0116897
FixedParameters: 0 0 0

#Transform 14
Transform: AffineTransform_float_3_3
Parameters: 1 6.09844e-05 -0.000113008 -6.10156e-05 1 -0.000137993 0.000112992 0.000138007 1 0.0270918 -0.00946356 0.0209816
FixedParameters: 0 0 0

#Transform 15
Transform: AffineTransform_float_3_3
Parameters: 1 -0.00047402 -4.88042e-05 0.00047398 1 -0.000413023 4.91957e-05 0.000412977 1 0.0371196 -0.028623 0.0493259
FixedParameters: 0 0 0

#Transform 16
Transform: AffineTransform_float_3_3
Parameters: 0.999999 -0.000835707 0.000260939 0.000836293 0.999999 -0.00112378 -0.000260061 0.00112322 1 0.104601 0.00265513 -0.0426675
FixedParameters: 0 0 0

#Transform 17
Transform: AffineTransform_float_3_3
Parameters: 1 -0.000836185 -0.000568731 0.000835818 1 -0.000322476 0.00056927 0.000322524 1 0.0972353 0.0108981 -0.0890222
FixedParameters: 0 0 0

#Transform 18
Transform: AffineTransform_float_3_3
Parameters: 0.999999 0.000760705 -0.000483464 -0.000760294 0.999999 -0.000609632 0.000482537 0.000609367 0.999999 -0.0473492 0.0238126 -0.0535682
FixedParameters: 0 0 0

#Transform 19
Transform: AffineTransform_float_3_3
Parameters: 1 0.000253712 -0.000211346 -0.000254288 0.999999 -0.00136395 0.000210653 0.00136405 0.999999 -0.0297555 -0.0575409 -0.166849
FixedParameters: 0 0 0

#Transform 20
Transform: AffineTransform_float_3_3
Parameters: 1 0.000111005 -0.000178997 -0.000110995 1 2.90199e-05 0.000179003 -2.89801e-05 1 0.0038321 0.00430969 -0.0222136
FixedParameters: 0 0 0

#Transform 21
Transform: AffineTransform_float_3_3
Parameters: 1 0.000110975 -4.90557e-05 -0.000111025 1 -0.000501994 4.89443e-05 0.000502005 1 -0.00582266 0.0372744 0.0702576
FixedParameters: 0 0 0

#Transform 22
Transform: AffineTransform_float_3_3
Parameters: 1 -0.000299988 5.00732e-05 0.000300012 1 -0.000243985 -4.99268e-05 0.000244015 1 0.0397664 0.0326448 0.0338461
FixedParameters: 0 0 0

#Transform 23
Transform: AffineTransform_float_3_3
Parameters: 0.999999 0.000750985 8.71269e-05 -0.000751014 0.999999 0.000168935 -8.6873e-05 -0.000169065 1 -0.0472452 0.0354765 0.0695824
FixedParameters: 0 0 0

#Transform 24
Transform: AffineTransform_float_3_3
Parameters: 1 0.000182986 0.000201012 -0.000183014 1 6.79632e-05 -0.000200988 -6.80368e-05 1 -0.0587304 0.0221515 -0.0207666
FixedParameters: 0 0 0

#Transform 25
Transform: AffineTransform_float_3_3
Parameters: 1 0.00035299 9.50353e-05 -0.000353009 1 9.99665e-05 -9.49647e-05 -0.000100034 1 -0.0502242 0.0135086 0.0441592
FixedParameters: 0 0 0

#Transform 26
Transform: AffineTransform_float_3_3
Parameters: 0.999999 0.00115027 0.000426268 -0.00114973 0.999999 -0.00063649 -0.000426731 0.00063551 0.999999 -0.0335923 -0.00441604 0.0394461
FixedParameters: 0 0 0

#Transform 27
Transform: AffineTransform_float_3_3
Parameters: 0.999999 0.00108033 0.00107867 -0.00108067 1 -0.000307166 -0.00107833 0.000305836 1 -0.0376568 0.0362112 -0.0181902
FixedParameters: 0 0 0

#Transform 28
Transform: AffineTransform_float_3_3
Parameters: 0.999999 0.000674819 0.00107974 -0.00067618 0.999999 0.00109327 -0.00107826 -0.00109473 0.999999 -0.072502 0.0351647 0.262768
FixedParameters: 0 0 0

#Transform 29
Transform: AffineTransform_float_3_3
Parameters: 1 0.000232695 0.00107907 -0.000232305 1 0.00028275 -0.00107894 -0.000283251 1 -0.024022 0.0403326 0.20026
FixedParameters: 0 0 0

#Transform 30
Transform: AffineTransform_float_3_3
Parameters: 1 7.16946e-05 0.00107902 -7.23053e-05 1 0.000282922 -0.00107898 -0.000283078 1 -0.0169394 0.00994774 0.0586579
FixedParameters: 0 0 0

#Transform 31
Transform: AffineTransform_float_3_3
Parameters: 0.999999 0.000658498 0.00107931 -0.000658502 0.999999 0.00046529 -0.00107869 -0.000465711 1 -0.0790991 0.00561092 0.0814006
FixedParameters: 0 0 0

#Transform 32
Transform: AffineTransform_float_3_3
Parameters: 0.999999 0.000675472 0.00127628 -0.000676527 0.999999 0.000413137 -0.00127572 -0.000413862 0.999999 -0.0607765 0.000963208 0.106724
FixedParameters: 0 0 0

#Transform 33
Transform: AffineTransform_float_3_3
Parameters: 1 0.000339949 0.00107933 -0.000340051 1 0.000973634 -0.00107867 -0.000974368 0.999999 -0.0419795 0.00550916 0.131528
FixedParameters: 0 0 0

#Transform 34
Transform: AffineTransform_float_3_3
Parameters: 0.999999 0.000643069 0.00107956 -0.000643932 1 0.000863306 -0.00107844 -0.000863695 0.999999 -0.041544 0.0552714 0.209211
FixedParameters: 0 0 0

#Transform 35
Transform: AffineTransform_float_3_3
Parameters: 0.999999 0.00107762 0.00107938 -0.00107838 1 0.000349837 -0.00107862 -0.000351163 1 -0.0480027 0.00044427 0.182395
FixedParameters: 0 0 0

#Transform 36
Transform: AffineTransform_float_3_3
Parameters: 0.999999 0.00111715 0.00107988 -0.00111785 0.999999 0.000785794 -0.00107812 -0.000787206 0.999999 -0.0824576 0.0484263 0.0635541
FixedParameters: 0 0 0

#Transform 37
Transform: AffineTransform_float_3_3
Parameters: 0.999999 0.0010857 0.00107931 -0.0010863 1 0.000281828 -0.00107869 -0.000283172 1 -0.093124 -0.000192721 0.0951714
FixedParameters: 0 0 0

#Transform 38
Transform: AffineTransform_float_3_3
Parameters: 0.999998 0.00120469 0.00107934 -0.0012053 0.999999 0.0002817 -0.00107866 -0.0002833 1 -0.0932423 0.0312706 0.0804726
FixedParameters: 0 0 0

#Transform 39
Transform: AffineTransform_float_3_3
Parameters: 0.999998 0.00107342 0.00127049 -0.00107358 1 0.000454637 -0.00127051 -0.000456365 0.999999 -0.0702834 -0.0162125 0.0575547
FixedParameters: 0 0 0

#Transform 40
Transform: AffineTransform_float_3_3
Parameters: 0.999998 0.0012395 0.00101561 -0.0012405 0.999999 0.000487741 -0.00101439 -0.000489258 1 -0.0595239 0.0309325 0.0526219
FixedParameters: 0 0 0

#Transform 41
Transform: AffineTransform_float_3_3
Parameters: 0.999998 0.00121007 0.00107892 -0.00120993 1 -6.33055e-05 -0.00107807 6.16955e-05 0.999999 -0.059206 0.019813 0.066878
FixedParameters: 0 0 0

#Transform 42
Transform: AffineTransform_float_3_3
Parameters: 0.999999 0.00107956 0.00132136 -0.00107945 1 0.000335574 -0.00132064 -0.000337426 0.999999 -0.065968 0.0358941 0.0470276
FixedParameters: 0 0 0

#Transform 43
Transform: AffineTransform_float_3_3
Parameters: 0.999998 0.00107081 0.00119017 -0.00107119 1 0.000154725 -0.00119083 -0.000156275 1 -0.0675466 0.0161332 0.14685
FixedParameters: 0 0 0

#Transform 44
Transform: AffineTransform_float_3_3
Parameters: 0.999999 0.000735055 0.00101896 -0.000734946 0.999999 -5.37489e-05 -0.00101904 5.3251e-05 1 -0.0403347 0.0253415 0.114221
FixedParameters: 0 0 0

#Transform 45
Transform: AffineTransform_float_3_3
Parameters: 0.999999 0.000796166 0.0012739 -0.000795833 0.999999 -0.000131014 -0.0012741 0.000129986 0.999999 -0.020134 0.0245342 0.0986726
FixedParameters: 0 0 0

#Transform 46
Transform: AffineTransform_float_3_3
Parameters: 0.999998 0.000625822 0.00162068 -0.000625177 0.999999 -0.000508014 -0.00162032 0.000506987 0.999999 -0.0249004 0.0208334 0.111423
FixedParameters: 0 0 0

#Transform 47
Transform: AffineTransform_float_3_3
Parameters: 0.999999 0.000355168 0.00129495 -0.000354831 1 -0.00013046 -0.00129405 0.000129541 0.999999 -0.00571029 0.0238497 0.0615385
FixedParameters: 0 0 0

#Transform 48
Transform: AffineTransform_float_3_3
Parameters: 0.999999 0.000504506 0.0012392 -0.000505493 1 0.000397374 -0.0012388 -0.000398625 0.999999 -0.0617939 0.0288966 0.0885876
FixedParameters: 0 0 0

#Transform 49
Transform: AffineTransform_float_3_3
Parameters: 0.999995 0.00277761 0.00192667 -0.00277639 0.999996 -0.000840354 -0.00192833 0.000834648 0.999998 -0.162379 0.0052432 0.0146021
FixedParameters: 0 0 0

#Transform 50
Transform: AffineTransform_float_3_3
Parameters: 0.99999 0.00248956 0.00364726 -0.00248644 0.999996 -0.000706075 -0.00364975 0.00069692 0.999993 -0.0730726 -0.0320402 -0.0284288
FixedParameters: 0 0 0

#Transform 51
Transform: AffineTransform_float_3_3
Parameters: 0.999995 1.10881e-06 0.003159 1.08814e-07 1 -0.000351001 -0.003159 0.000350998 0.999995 0.0417848 0.0181455 0.0351456
FixedParameters: 0 0 0

#Transform 52
Transform: AffineTransform_float_3_3
Parameters: 0.999998 -1.38879e-05 0.00189498 1.1112e-05 0.999999 0.00152402 -0.00189502 -0.00152398 0.999997 -0.0874173 0.0304773 0.28023
FixedParameters: 0 0 0

#Transform 53
Transform: AffineTransform_float_3_3
Parameters: 0.999997 0.00117723 0.00183678 -0.00117977 0.999998 0.00150884 -0.00183522 -0.00151116 0.999997 -0.177796 -0.00509365 0.263527
FixedParameters: 0 0 0

#Transform 54
Transform: AffineTransform_float_3_3
Parameters: 0.999996 0.00204761 0.00153453 -0.00205139 0.999996 0.00220886 -0.00153047 -0.00221214 0.999997 -0.254339 0.00381411 0.151912
FixedParameters: 0 0 0

#Transform 55
Transform: AffineTransform_float_3_3
Parameters: 0.999997 0.00204086 0.00143462 -0.00204214 0.999997 0.000793072 -0.00143338 -0.000795927 0.999998 -0.157162 -0.00501676 0.0883413
FixedParameters: 0 0 0

#Transform 56
Transform: AffineTransform_float_3_3
Parameters: 0.999998 0.00141999 0.00156791 -0.00142101 0.999999 0.000641773 -0.00156609 -0.000643225 0.999998 -0.127908 0.0168228 0.163095
FixedParameters: 0 0 0

#Transform 57
Transform: AffineTransform_float_3_3
Parameters: 0.999999 0.00118454 0.00143338 -0.00118546 0.999999 0.000319301 -0.00143362 -0.000320699 0.999999 -0.112506 -0.0109137 0.0849616
FixedParameters: 0 0 0

#Transform 58
Transform: AffineTransform_float_3_3
Parameters: 0.999998 0.00109837 0.00198935 -0.00109964 1 0.000318813 -0.00198965 -0.000320186 0.999998 -0.12834 0.0042213 0.00993333
FixedParameters: 0 0 0

#Transform 59
Transform: AffineTransform_float_3_3
Parameters: 0.999998 0.00144335 0.000820138 -0.00144364 0.999998 0.000787817 -0.000818863 -0.000788183 1 -0.170786 -0.00594137 0.178337
FixedParameters: 0 0 0

#Transform 60
Transform: AffineTransform_float_3_3
Parameters: 0.999999 0.00108891 0.00139307 -0.00108809 1 6.44843e-05 -0.00139293 -6.65169e-05 0.999999 -0.0799484 -0.0196715 0.0985546
FixedParameters: 0 0 0

#Transform 61
Transform: AffineTransform_float_3_3
Parameters: 0.999998 0.00119217 0.00170458 -0.00119283 0.999999 0.000486968 -0.00170442 -0.000489033 0.999999 -0.0673447 -0.00949382 0.022024
FixedParameters: 0 0 0

#Transform 62
Transform: AffineTransform_float_3_3
Parameters: 0.999999 0.000976196 0.00152487 -0.000975805 1 -0.000129488 -0.00152413 0.000127512 0.999999 -0.0275246 0.0152633 0.0613375
FixedParameters: 0 0 0

#Transform 63
Transform: AffineTransform_float_3_3
Parameters: 0.999997 0.000567965 0.00207101 -0.000568034 1 1.58236e-05 -0.00207099 -1.71763e-05 0.999998 -0.00444265 0.0125895 0.0159932
FixedParameters: 0 0 0

#Transform 64
Transform: AffineTransform_float_3_3
Parameters: 0.999998 0.000786046 0.00214935 -0.000786954 0.999999 0.000443309 -0.00214865 -0.00044469 0.999997 -0.0134581 0.015472 0.0445862
FixedParameters: 0 0 0

#Transform 65
Transform: AffineTransform_float_3_3
Parameters: 0.999997 0.00107509 0.00214946 -0.00107591 1 0.000423689 -0.00214954 -0.000426312 0.999997 -0.00692088 -0.0103148 0.102736
FixedParameters: 0 0 0

#Transform 66
Transform: AffineTransform_float_3_3
Parameters: 0.999997 0.000748981 0.00206201 -0.000749019 0.999999 8.45554e-06 -0.00206199 -9.54441e-06 0.999998 -0.0580386 -0.0445099 0.0621462
FixedParameters: 0 0 0

#Transform 67
Transform: AffineTransform_float_3_3
Parameters: 0.999997 0.000430863 0.00214903 -0.000431136 1 6.30736e-05 -0.00214897 -6.3926e-05 0.999997 -0.0165119 0.0123612 0.0700092
FixedParameters: 0 0 0

#Transform 68
Transform: AffineTransform_float_3_3
Parameters: 0.999999 0.000972323 0.0015858 -0.000972678 1 -0.000204543 -0.0015862 0.000202458 0.999998 -0.0353701 -0.0219575 0.0797258
FixedParameters: 0 0 0

#Transform 69
Transform: AffineTransform_float_3_3
Parameters: 0.999998 0.000597066 0.00191167 -0.000595934 0.999999 -0.00055814 -0.00191233 0.000556859 0.999998 -0.0612102 -0.0182399 0.0198574
FixedParameters: 0 0 0

#Transform 70
Transform: AffineTransform_float_3_3
Parameters: 0.999999 0.000595981 0.00176501 -0.000596019 1 9.94804e-06 -0.00176499 -1.10519e-05 0.999999 -0.0434738 0.0370504 0.0384377
FixedParameters: 0 0 0

#Transform 71
Transform: AffineTransform_float_3_3
Parameters: 0.999997 0.00123475 0.00182917 -0.00123525 0.999999 0.000134741 -0.00182883 -0.000137259 0.999999 -0.0386835 0.0341064 0.0605319
FixedParameters: 0 0 0

#Transform 72
Transform: AffineTransform_float_3_3
Parameters: 0.999997 0.000598437 0.00214832 -0.000596562 0.999999 -0.00113528 -0.00214868 0.00113372 0.999997 0.0288978 -0.00810028 -0.0293128
FixedParameters: 0 0 0

#Transform 73
Transform: AffineTransform_float_3_3
Parameters: 0.999998 0.000595917 0.00195403 -0.000596083 1 4.18353e-05 -0.00195397 -4.31645e-05 0.999998 -0.01696 0.0179653 0.0495153
FixedParameters: 0 0 0

#Transform 74
Transform: AffineTransform_float_3_3
Parameters: 0.999997 0.001107 0.002149 -0.001107 1 6.21048e-07 -0.002149 -2.37894e-06 0.999997 -0.0945148 0.00322347 0.130614
FixedParameters: 0 0 0

#Transform 75
Transform: AffineTransform_float_3_3
Parameters: 0.999993 0.000598137 0.00382367 -0.000596862 0.999999 -0.000560287 -0.00382334 0.000557717 0.999993 0.0695044 -0.0910048 -0.324428
FixedParameters: 0 0 0

#Transform 76
Transform: AffineTransform_float_3_3
Parameters: 0.99999 0.000154836 0.0044409 -0.000152161 1 -0.000639682 -0.0044401 0.000638319 0.99999 0.101412 -0.0885296 -0.279264
FixedParameters: 0 0 0

#Transform 77
Transform: AffineTransform_float_3_3
Parameters: 0.999994 0.000149453 0.00342211 -0.000151545 0.999999 0.000743485 -0.00342189 -0.000744515 0.999994 -0.108237 0.0276241 0.295925
FixedParameters: 0 0 0

#Transform 78
Transform: AffineTransform_float_3_3
Parameters: 0.999996 0.000350112 0.00287011 -0.000350888 1 0.000308994 -0.00286989 -0.000310006 0.999996 -0.125574 0.0318902 0.311427
FixedParameters: 0 0 0

#Transform 79
Transform: AffineTransform_float_3_3
Parameters: 0.99999 0.00126669 0.00424439 -0.00126831 0.999999 0.00030562 -0.00424361 -0.000311378 0.999991 -0.128605 0.00935923 0.0541128
FixedParameters: 0 0 0

#Transform 80
Transform: AffineTransform_float_3_3
Parameters: 0.99999 0.00151472 0.00416347 -0.00151628 0.999999 0.00030469 -0.00416253 -0.000311308 0.999992 -0.0909701 0.0253959 0.0362607
FixedParameters: 0 0 0

#Transform 81
Transform: AffineTransform_float_3_3
Parameters: 0.999991 0.00129374 0.0040854 -0.00129526 0.999999 0.000305711 -0.0040846 -0.000311287 0.999991 -0.048191 0.00232842 0.0948639
FixedParameters: 0 0 0

#Transform 82
Transform: AffineTransform_float_3_3
Parameters: 0.999993 0.00108488 0.00364134 -0.00108613 1 0.000307047 -0.00364166 -0.000310953 0.999994 -0.0833599 0.0130619 0.0648203
FixedParameters: 0 0 0

#Transform 83
Transform: AffineTransform_float_3_3
Parameters: 0.999994 0.000961543 0.00350113 -0.000961457 1 0.000128635 -0.00350088 -0.000132367 0.999994 -0.0557877 0.0109622 0.116991
FixedParameters: 0 0 0

#Transform 84
Transform: AffineTransform_float_3_3
Parameters: 0.999992 0.000963546 0.00386987 -0.000962454 0.999999 -0.000142726 -0.00387014 0.000139272 0.999993 -0.04294 -0.00225082 0.0679699
FixedParameters: 0 0 0

#Transform 85
Transform: AffineTransform_float_3_3
Parameters: 0.999994 0.0014439 0.0031705 -0.0014451 0.999999 0.00034542 -0.0031695 -0.000349578 0.999995 -0.0516113 0.0287609 0.143769
FixedParameters: 0 0 0

#Transform 86
Transform: AffineTransform_float_3_3
Parameters: 0.999991 0.00137677 0.00415141 -0.00137823 0.999999 0.000294281 -0.00415059 -0.000299717 0.999992 -0.0276191 0.00239147 0.0669355
FixedParameters: 0 0 0

#Transform 87
Transform: AffineTransform_float_3_3
Parameters: 0.99999 0.00102236 0.00421315 -0.00102264 1 0.000148693 -0.00421284 -0.000153309 0.999991 -0.0387168 -0.020161 0.0278551
FixedParameters: 0 0 0

#Transform 88
Transform: AffineTransform_float_3_3
Parameters: 0.999997 0.000894688 0.00203002 -0.000897311 0.999999 0.00113818 -0.00202898 -0.00113982 0.999998 -0.0898769 0.011568 0.254
FixedParameters: 0 0 0

#Transform 89
Transform: AffineTransform_float_3_3
Parameters: 0.999993 0.000892967 0.00342206 -0.000897032 0.999999 0.00117694 -0.00342095 -0.00118006 0.999994 -0.0624025 0.0301526 0.136599
FixedParameters: 0 0 0

#Transform 90
Transform: AffineTransform_float_3_3
Parameters: 0.999994 0.000841705 0.0032046 -0.000844296 1 0.000715298 -0.00320339 -0.0007177 0.999994 -0.0973764 -0.00567928 0.0931505
FixedParameters: 0 0 0

#Transform 91
Transform: AffineTransform_float_3_3
Parameters: 0.999993 0.00139563 0.00349854 -0.00139637 0.999999 0.000388117 -0.00349745 -0.000392884 0.999994 -0.0857765 0.00245969 0.122456
FixedParameters: 0 0 0

#Transform 92
Transform: AffineTransform_float_3_3
Parameters: 0.999992 0.00134518 0.00373302 -0.00134782 0.999999 0.000752974 -0.00373198 -0.000758026 0.999992 -0.10956 -0.0394914 0.0679483
FixedParameters: 0 0 0

#Transform 93
Transform: AffineTransform_float_3_3
Parameters: 0.999993 0.00149917 0.00323438 -0.00149983 0.999999 0.00025315 -0.00323362 -0.000257849 0.999994 -0.0621529 -0.0114709 0.0768439
FixedParameters: 0 0 0

#Transform 94
Transform: AffineTransform_float_3_3
Parameters: 0.999992 0.00141811 0.00367373 -0.00141989 0.999999 0.000511788 -0.00367227 -0.000517212 0.999993 -0.0596332 0.00348886 -0.0320832
FixedParameters: 0 0 0

#Transform 95
Transform: AffineTransform_float_3_3
Parameters: 0.999991 0.00172189 0.0038585 -0.00172311 0.999999 0.000284354 -0.00385851 -0.000290647 0.999993 -0.0749048 -0.0119835 -0.0422105
FixedParameters: 0 0 0

#Transform 96
Transform: AffineTransform_float_3_3
Parameters: 0.999991 0.00139711 0.00396596 -0.00139689 0.999999 -2.95403e-05 -0.00396604 2.44592e-05 0.999992 -0.058396 -0.00356755 0.041026
FixedParameters: 0 0 0

#Transform 97
Transform: AffineTransform_float_3_3
Parameters: 0.999997 0.00131692 0.00171206 -0.00131708 0.999999 4.47452e-05 -0.00171194 -4.72546e-05 0.999998 -0.0885875 -0.000552773 0.215017
FixedParameters: 0 0 0

#Transform 98
Transform: AffineTransform_float_3_3
Parameters: 0.999991 0.00126497 0.00422961 -0.00126703 0.999999 0.000476646 -0.00422839 -0.000482354 0.999991 -0.050159 0.000377258 0.0492995
FixedParameters: 0 0 0

#Transform 99
Transform: AffineTransform_float_3_3
Parameters: 0.999994 0.00126561 0.00340652 -0.00126739 0.999999 0.000406685 -0.00340648 -0.000411314 0.999994 -0.0581483 -0.027856 -0.0216014
FixedParameters: 0 0 0

#Transform 100
Transform: AffineTransform_float_3_3
Parameters: 0.999998 0.0017165 0.000507317 -0.0017165 0.999998 -0.000980873 -0.000508683 0.000980129 1 -0.23603 -0.0229896 -0.322115
FixedParameters: 0 0 0

#Transform 101
Transform: AffineTransform_float_3_3
Parameters: 0.999998 0.00111196 0.00162562 -0.00110704 0.999994 -0.0030518 -0.00162839 0.00305019 0.999994 -0.114608 -0.0833126 -0.469998
FixedParameters: 0 0 0

#Transform 102
Transform: AffineTransform_float_3_3
Parameters: 0.999991 0.000850658 0.00398243 -0.000847344 1 -0.00066838 -0.00398356 0.000665617 0.999992 -0.00742438 0.00818447 0.0778755
FixedParameters: 0 0 0

#Transform 103
Transform: AffineTransform_float_3_3
Parameters: 0.999998 0.00155051 0.000388944 -0.00155049 0.999998 0.0012534 -0.000387057 -0.0012536 0.999999 -0.162891 0.0846027 0.528903
FixedParameters: 0 0 0

#Transform 104
Transform: AffineTransform_float_3_3
Parameters: 0.999997 0.001739 0.00159899 -0.00173899 0.999998 -4.78065e-06 -0.001599 1.21933e-06 0.999998 -0.175573 0.0259457 0.22926
FixedParameters: 0 0 0

#Transform 105
Transform: AffineTransform_float_3_3
Parameters: 0.999991 0.0018906 0.0037727 -0.0018914 0.999998 0.000367868 -0.0037723 -0.000375135 0.999993 -0.152185 0.0330555 0.0599176
FixedParameters: 0 0 0

#Transform 106
Transform: AffineTransform_float_3_3
Parameters: 0.999988 0.00189076 0.00450552 -0.00189125 0.999998 0.000272482 -0.00450548 -0.000280522 0.99999 -0.075737 0.0117958 0.0763184
FixedParameters: 0 0 0

#Transform 107
Transform: AffineTransform_float_3_3
Parameters: 0.99999 0.00135379 0.00429738 -0.00135521 0.999999 0.000279179 -0.00429662 -0.00028482 0.99999 -0.0758655 0.0195367 -0.0108165
FixedParameters: 0 0 0

#Transform 108
Transform: AffineTransform_float_3_3
Parameters: 0.999991 0.00191993 0.00380154 -0.00192107 0.999998 0.000277699 -0.00380146 -0.000285301 0.999992 -0.1038 -0.00842698 -0.0129282
FixedParameters: 0 0 0

#Transform 109
Transform: AffineTransform_float_3_3
Parameters: 0.999996 0.0025095 -0.000537796 -0.00251249 0.999986 -0.00469766 0.000525203 0.00469833 0.999989 -0.255103 -0.0945264 -0.71831
FixedParameters: 0 0 0

#Transform 110
Transform: AffineTransform_float_3_3
Parameters: 0.999995 0.00310555 0.000317216 -0.00310446 0.999984 -0.00476201 -0.000331786 0.00476099 0.999988 -0.313818 -0.0560127 -0.670504
FixedParameters: 0 0 0

#Transform 111
Transform: AffineTransform_float_3_3
Parameters: 0.999999 0.000925831 0.00119813 -0.000926168 0.999999 0.00013989 -0.00119787 -0.000141109 1 -0.116298 0.0630796 0.341326
FixedParameters: 0 0 0

#Transform 112
Transform: AffineTransform_float_3_3
Parameters: 0.999999 0.000321041 0.00126025 -0.00032196 0.999999 0.000761595 -0.00126076 -0.000761405 0.999999 -0.0287366 0.0969233 0.374622
FixedParameters: 0 0 0

#Transform 113
Transform: AffineTransform_float_3_3
Parameters: 0.999991 0.000696578 0.00402324 -0.000697418 0.999999 0.000351197 -0.00402375 -0.000354806 0.999992 -0.0128684 0.0770143 0.0422717
FixedParameters: 0 0 0

#Transform 114
Transform: AffineTransform_float_3_3
Parameters: 0.99999 0.00270882 0.00336795 -0.00271018 0.999997 0.000344876 -0.00336705 -0.000354124 0.999995 -0.151971 0.0112713 0.0116479
FixedParameters: 0 0 0

#Transform 115
Transform: AffineTransform_float_3_3
Parameters: 0.999996 0.00280767 0.00114159 -0.00280333 0.999988 -0.00407022 -0.00115342 0.00406678 0.999991 -0.296866 -0.0604833 -0.577924
FixedParameters: 0 0 0

#Transform 116
Transform: AffineTransform_float_3_3
Parameters: 0.99999 0.00378175 0.00233064 -0.00377125 0.999983 -0.00460083 -0.00234736 0.00459217 0.999986 -0.383186 -0.0235511 -0.546127
FixedParameters: 0 0 0

#Transform 117
Transform: AffineTransform_float_3_3
Parameters: 0.999996 0.0018436 0.00186538 -0.0018454 0.999998 0.00074656 -0.00186462 -0.00074944 0.999998 -0.192601 0.0976283 0.407692
FixedParameters: 0 0 0

#Transform 118
Transform: AffineTransform_float_3_3
Parameters: 0.999999 -0.000822718 0.000913561 0.000819282 0.999996 0.00297075 -0.000916438 -0.00297025 0.999995 0.0983898 0.142079 0.632126
FixedParameters: 0 0 0

#Transform 119
Transform: AffineTransform_float_3_3
Parameters: 0.999998 0.00135747 0.00160285 -0.00136253 0.999995 0.00282982 -0.00159915 -0.00283218 0.999994 -0.0699638 0.105607 0.454354
FixedParameters: 0 0 0
