#Insight Transform File V1.0
#Transform 0
Transform: AffineTransform_float_3_3
Parameters: 0.999998 3.13315e-06 -0.001892 1.33161e-07 0.999998 0.001656 0.001892 -0.001656 0.999997 0.00806929 -0.0704898 -0.150254
FixedParameters: 0 0 0

#Transform 1
Transform: AffineTransform_float_3_3
Parameters: 0.999996 8.6131e-06 -0.00257799 -3.86821e-07 0.999995 0.00334101 0.00257802 -0.00334099 0.999991 0.0112074 -0.0641218 -0.0977038
FixedParameters: 0 0 0

#Transform 2
Transform: AffineTransform_float_3_3
Parameters: 0.999997 5.35682e-06 -0.00220899 3.5685e-07 0.999997 0.002425 0.002209 -0.00242499 0.999994 0.0257942 -0.0458474 -0.0958844
FixedParameters: 0 0 0

#Transform 3
Transform: AffineTransform_float_3_3
Parameters: 0.999997 -0.000166153 -0.00220929 0.000169845 0.999998 0.00174063 0.00220871 -0.00174137 0.999996 0.0224709 -0.0438328 -0.082236
FixedParameters: 0 0 0

#Transform 4
Transform: AffineTransform_float_3_3
Parameters: 0.999999 -8.42167e-07 -0.001058 1.57831e-07 0.999999 -0.000796 0.001058 0.000795999 0.999999 0.011806 -0.00470723 -0.0863892
FixedParameters: 0 0 0

#Transform 5
Transform: AffineTransform_float_3_3
Parameters: 1 0.000241095 -0.000336932 -0.000240905 1 0.000282081 0.000337068 -0.000281919 1 0.0300488 0.0332599 -0.105363
FixedParameters: 0 0 0

#Transform 6
Transform: AffineTransform_float_3_3
Parameters: 1 5.77148e-07 -0.001009 -4.22851e-07 1 0.000572001 0.001009 -0.000572 1 0.0357376 -0.0634705 -0.21091
FixedParameters: 0 0 0

#Transform 7
Transform: AffineTransform_float_3_3
Parameters: 0.999999 8.80039e-08 -0.000897999 8.80039e-08 1 9.79999e-05 0.000897999 -9.79999e-05 0.999999 -0.0458069 -0.000836757 -0.143315
FixedParameters: 0 0 0

#Transform 8
Transform: AffineTransform_float_3_3
Parameters: 1 9.4991e-05 -0.000560001 -9.50089e-05 1 -1.59468e-05 0.000559998 1.60532e-05 1 -0.069285 -0.00972087 0.108017
FixedParameters: 0 0 0

#Transform 9
Transform: AffineTransform_float_3_3
Parameters: 1 -2.8784e-07 -0.00056 -2.8784e-07 1 -0.000514 0.00056 0.000514 0.999999 -0.0548559 0.0240745 0.0595463
FixedParameters: 0 0 0

#Transform 10
Transform: AffineTransform_float_3_3
Parameters: 1 0.000349842 -0.000560098 -0.000350158 1 -0.000281804 0.000559901 0.000281196 1 0.0121068 0.0186025 0.0662083
FixedParameters: 0 0 0

#Transform 11
Transform: AffineTransform_float_3_3
Parameters: 1 0.000382995 2.10919e-05 -0.000383005 1 0.000239992 -2.09081e-05 -0.000240008 1 -0.0510397 0.00419827 -0.0687011
FixedParameters: 0 0 0

#Transform 12
Transform: AffineTransform_float_3_3
Parameters: 1 0.00083115 -0.000876857 -0.00083085 0.999999 0.000171729 0.000877143 -0.000171271 0.999999 0.0211352 -0.0374319 -0.0985915
FixedParameters: 0 0 0

#Transform 13
Transform: AffineTransform_float_3_3
Parameters: 0.999999 0.000226416 -0.000876892 -0.000226584 1 0.000474199 0.000877107 -0.000474801 0.999999 -0.0501065 -0.0562077 -0.182064
FixedParameters: 0 0 0

#Transform 14
Transform: AffineTransform_float_3_3
Parameters: 0.999999 1.0638e-06 -0.000876999 6.3802e-08 1 0.001213 0.000877 -0.001213 0.999999 -0.00143973 0.000648001 -0.108816
FixedParameters: 0 0 0

#Transform 15
Transform: AffineTransform_float_3_3
Parameters: 1 0.000536617 -0.000876012 -0.000535384 0.999998 0.00184447 0.000876989 -0.00184453 0.999998 0.0392475 -0.0541295 -0.0531288
FixedParameters: 0 0 0

#Transform 16
Transform: AffineTransform_float_3_3
Parameters: 0.999999 1.53037e-06 -0.000876998 -4.69631e-07 0.999999 0.001745 0.000877002 -0.001745 0.999998 0.00662147 -0.068163 -0.117029
FixedParameters: 0 0 0

#Transform 17
Transform: AffineTransform_float_3_3
Parameters: 1 0.000570304 -0.000876152 -0.000568694 0.999998 0.0014885 0.000877847 -0.0014875 0.999998 0.0176216 -0.0298736 -0.109839
FixedParameters: 0 0 0

#Transform 18
Transform: AffineTransform_float_3_3
Parameters: 0.999999 9.45406e-07 -0.000876999 -5.4593e-08 1 0.001078 0.000877 -0.001078 0.999999 -0.0012127 -0.0452887 -0.102003
FixedParameters: 0 0 0

#Transform 19
Transform: AffineTransform_float_3_3
Parameters: 0.999999 0.000556024 -0.000728981 -0.000555975 1 3.34053e-05 0.000729018 -3.25946e-05 0.999999 0.032902 -0.0083066 -0.0903702
FixedParameters: 0 0 0

#Transform 20
Transform: AffineTransform_float_3_3
Parameters: 1 1.18011e-07 -0.000417 1.18011e-07 1 0.000283 0.000417 -0.000283 1 0.0184104 -0.0104099 -0.0184311
FixedParameters: 0 0 0

#Transform 21
Transform: AffineTransform_float_3_3
Parameters: 1 0.000294393 -0.000346667 -0.000293607 1 0.0011321 0.000347333 -0.0011319 1 0.0402092 -0.0480058 -0.0166486
FixedParameters: 0 0 0

#Transform 22
Transform: AffineTransform_float_3_3
Parameters: 1 -1.94878e-07 0.000278 -1.94878e-07 1 0.000701 -0.000278 -0.000701 0.999999 -0.0242698 0.00691107 -0.013185
FixedParameters: 0 0 0

#Transform 23
Transform: AffineTransform_float_3_3
Parameters: 1 2.35e-10 0.000235 2.35e-10 1 -1e-06 -0.000235 1e-06 1 -0.00713964 -0.00784863 -0.0553042
FixedParameters: 0 0 0

#Transform 24
Transform: AffineTransform_float_3_3
Parameters: 1 -0.000270184 0.000392873 0.000270816 1 0.000469106 -0.000393127 -0.000468894 1 -0.0187785 -0.0402853 -0.0873603
FixedParameters: 0 0 0

#Transform 25
Transform: AffineTransform_float_3_3
Parameters: 1 0.000403871 0.000114456 -0.000404129 1 0.00112895 -0.000113544 -0.00112905 1 0.0181809 -0.0290063 -0.00264642
FixedParameters: 0 0 0

#Transform 26
Transform: AffineTransform_float_3_3
Parameters: 1 -0.00064115 0.000100038 0.000640849 0.999998 0.00150006 -0.000100961 -0.00149993 0.999999 -0.0395737 -0.0595288 -0.0255322
FixedParameters: 0 0 0

#Transform 27
Transform: AffineTransform_float_3_3
Parameters: 1 0.000180929 -0.000555699 -0.000180071 0.999998 0.0016701 0.000556302 -0.0016709 0.999999 -0.0569366 0.0120605 -0.0409575
FixedParameters: 0 0 0

#Transform 28
Transform: AffineTransform_float_3_3
Parameters: 1 0.000600734 -0.00104558 -0.000599265 0.999999 0.000702627 0.00104642 -0.000701372 0.999999 0.00874636 0.0184582 -0.0100155
FixedParameters: 0 0 0

#Transform 29
Transform: AffineTransform_float_3_3
Parameters: 1 0.000600842 -0.000722301 -0.000600159 0.999999 0.00116443 0.0007227 -0.00116457 0.999999 0.0153862 -0.0611544 -0.0377571
FixedParameters: 0 0 0

#Transform 30
Transform: AffineTransform_float_3_3
Parameters: 1 0.00054103 -3.55396e-05 -0.000540969 0.999999 0.000851019 3.64604e-05 -0.00085098 0.999999 0.0232495 -0.079558 -0.051393
FixedParameters: 0 0 0

#Transform 31
Transform: AffineTransform_float_3_3
Parameters: 1 0.000546473 -0.000884092 -0.000545527 0.999998 0.00166548 0.00088491 -0.00166452 0.999998 0.0336621 -0.118211 -0.087653
FixedParameters: 0 0 0

#Transform 32
Transform: AffineTransform_float_3_3
Parameters: 1 0.000601704 -0.00104502 -0.000599295 0.999998 0.00163063 0.00104598 -0.00162937 0.999998 0.0292328 -0.0345698 -0.0895955
FixedParameters: 0 0 0

#Transform 33
Transform: AffineTransform_float_3_3
Parameters: 0.999999 0.000600851 -0.000592137 -0.000600148 0.999999 0.00143736 0.000592863 -0.00143664 0.999999 0.0311055 -0.0352661 -0.103502
FixedParameters: 0 0 0

#Transform 34
Transform: AffineTransform_float_3_3
Parameters: 1 -0.000130135 -0.00104636 0.000132867 0.999996 0.00273886 0.00104664 -0.00273914 0.999995 0.0226536 -0.0154763 -0.223056
FixedParameters: 0 0 0

#Transform 35
Transform: AffineTransform_float_3_3
Parameters: 0.999999 -0.0001254 -0.00142569 0.000132601 0.999986 0.00533181 0.00142531 -0.00533218 0.999985 0.0512477 -0.0476074 -0.106194
FixedParameters: 0 0 0

#Transform 36
Transform: AffineTransform_float_3_3
Parameters: 0.999999 -0.000871058 -0.00104429 0.00086894 0.999997 -0.00196991 0.00104671 0.00196909 0.999998 0.144853 -0.0366378 0.0479816
FixedParameters: 0 0 0

#Transform 37
Transform: AffineTransform_float_3_3
Parameters: 0.999999 0.000505391 -0.000638482 -0.000505608 1 -0.000953678 0.000637518 0.000954323 1 -0.00601078 -0.0592451 -0.0189079
FixedParameters: 0 0 0

#Transform 38
Transform: AffineTransform_float_3_3
Parameters: 0.999997 0.00261774 -0.000317971 -0.00261726 0.999994 0.00230384 0.00032403 -0.00230316 0.999998 -0.0683719 -0.06764 -0.0683694
FixedParameters: 0 0 0

#Transform 39
Transform: AffineTransform_float_3_3
Parameters: 0.999999 0.000697927 -0.000324158 -0.000698073 0.999999 -0.000225774 0.000323843 0.000225226 1 -0.00521037 -0.0279815 -0.00382188
FixedParameters: 0 0 0

#Transform 40
Transform: AffineTransform_float_3_3
Parameters: 1 0.000394978 0.000234036 -0.000395021 1 9.19075e-05 -0.000233964 -9.20924e-05 1 -0.0177007 -0.0244811 -0.0142125
FixedParameters: 0 0 0

#Transform 41
Transform: AffineTransform_float_3_3
Parameters: 1 0.000395072 -0.000186847 -0.000394928 1 0.000387074 0.000186153 -0.000386926 1 -0.012724 0.00160826 -0.016802
FixedParameters: 0 0 0

#Transform 42
Transform: AffineTransform_float_3_3
Parameters: 1 0.000395297 -0.000146198 -0.000394701 0.999998 0.00202906 0.000147801 -0.00202894 0.999998 -0.0131327 -0.0205059 -0.0658307
FixedParameters: 0 0 0

#Transform 43
Transform: AffineTransform_float_3_3
Parameters: 1 0.000394731 0.000169627 -0.000395269 0.999998 0.00158693 -0.000169373 -0.00158707 0.999998 -0.0169799 -0.0285436 0.00970979
FixedParameters: 0 0 0

#Transform 44
Transform: AffineTransform_float_3_3
Parameters: 1 0.000394209 0.000498626 -0.000394791 0.999998 0.0015868 -0.000498374 -0.0015872 0.999998 -0.0049073 -0.0538303 -0.00126726
FixedParameters: 0 0 0

#Transform 45
Transform: AffineTransform_float_3_3
Parameters: 1 0.000870667 0.000799362 -0.000870332 0.999999 0.000415304 -0.000798638 -0.000416695 0.999999 0.010394 0.0346444 -0.114216
FixedParameters: 0 0 0

#Transform 46
Transform: AffineTransform_float_3_3
Parameters: 0.999999 0.000393586 0.00085765 -0.000395414 0.999998 0.00164866 -0.000857349 -0.00164934 0.999999 -0.000108017 -0.0551911 -0.00152717
FixedParameters: 0 0 0

#Transform 47
Transform: AffineTransform_float_3_3
Parameters: 1 0.000734516 0.000909202 -0.000736485 0.999999 0.00163333 -0.000907799 -0.00163367 0.999999 0.0566735 -0.0464511 0.0508065
FixedParameters: 0 0 0

#Transform 48
Transform: AffineTransform_float_3_3
Parameters: 0.999999 0.00071205 0.00105097 -0.00071195 0.999999 -4.77482e-05 -0.00105103 4.72516e-05 0.999999 -0.00472821 -0.0321657 -0.0752812
FixedParameters: 0 0 0

#Transform 49
Transform: AffineTransform_float_3_3
Parameters: 0.999999 0.000680751 0.00073223 -0.000681247 0.999999 0.000338501 -0.000731768 -0.000339498 0.999999 -0.0586586 -0.0180861 -0.144749
FixedParameters: 0 0 0

#Transform 50
Transform: AffineTransform_float_3_3
Parameters: 0.999999 0.000935713 0.000921308 -0.000937286 0.999998 0.00139714 -0.000919691 -0.00139786 0.999998 -0.0222671 -0.0483008 -0.0366417
FixedParameters: 0 0 0

#Transform 51
Transform: AffineTransform_float_3_3
Parameters: 1 0.000393821 0.00105344 -0.000395178 1 0.00111858 -0.00105256 -0.00111942 0.999999 -0.0342677 -0.0289292 0.0793135
FixedParameters: 0 0 0

#Transform 52
Transform: AffineTransform_float_3_3
Parameters: 0.999998 0.000858887 0.00202947 -0.000860115 1 0.000548256 -0.00202853 -0.000549744 0.999998 -0.017532 0.037625 0.0316556
FixedParameters: 0 0 0

#Transform 53
Transform: AffineTransform_float_3_3
Parameters: 1 0.000394469 0.0010562 -0.000395532 1 0.000503583 -0.0010558 -0.000503417 1 -0.0138918 0.0069554 -0.176896
FixedParameters: 0 0 0

#Transform 54
Transform: AffineTransform_float_3_3
Parameters: 1 0.000392188 0.000978133 -0.000394811 0.999996 0.00287562 -0.000976869 -0.00287639 0.999996 -0.0129693 -0.0555023 -0.161052
FixedParameters: 0 0 0

#Transform 55
Transform: AffineTransform_float_3_3
Parameters: 1 0.000394231 0.000498609 -0.000394769 0.999998 0.0015428 -0.000498391 -0.0015432 0.999998 -0.0611169 0.00879385 0.01821
FixedParameters: 0 0 0

#Transform 56
Transform: AffineTransform_float_3_3
Parameters: 1 0.000394448 0.000236922 -0.000394553 0.999997 0.00233591 -0.000236079 -0.00233609 0.999997 -0.0155044 -0.0841555 -0.122362
FixedParameters: 0 0 0

#Transform 57
Transform: AffineTransform_float_3_3
Parameters: 0.999999 0.000396792 -0.0005908 -0.000395207 0.999996 0.00303024 0.000592201 -0.00303077 0.999995 -0.0523623 -0.0534233 0.0513055
FixedParameters: 0 0 0

#Transform 58
Transform: AffineTransform_float_3_3
Parameters: 1 0.00039467 -0.000447291 -0.000395329 0.999999 -0.000736823 0.000446708 0.000737176 0.999999 0.00582268 -0.0803238 0.179727
FixedParameters: 0 0 0

#Transform 59
Transform: AffineTransform_float_3_3
Parameters: 1 0.000252906 -0.000477049 -0.000253093 1 -0.000195879 0.00047695 0.000196121 1 0.0110739 -0.0153358 -0.120882
FixedParameters: 0 0 0

#Transform 60
Transform: AffineTransform_float_3_3
Parameters: 1 0.000395003 -0.00011599 -0.000394997 1 2.50458e-05 0.00011601 -2.49542e-05 1 0.032493 0.00263198 -0.214834
FixedParameters: 0 0 0

#Transform 61
Transform: AffineTransform_float_3_3
Parameters: 1 0.000138733 0.000300123 -0.000138267 0.999999 0.000889958 -0.000299877 -0.000890041 0.999999 0.0193093 -0.0792301 -0.139078
FixedParameters: 0 0 0

#Transform 62
Transform: AffineTransform_float_3_3
Parameters: 1 0.000394788 0.000300278 -0.000395211 0.999999 0.000704881 -0.000299721 -0.000705118 0.999999 -0.0507138 -0.0175412 -0.174937
FixedParameters: 0 0 0

#Transform 63
Transform: AffineTransform_float_3_3
Parameters: 1 0.000196582 0.000529155 -0.000197418 0.999999 0.000789895 -0.000528844 -0.000790103 0.999999 -0.02093 -0.0659787 -0.162015
FixedParameters: 0 0 0

#Transform 64
Transform: AffineTransform_float_3_3
Parameters: 0.999999 0.000394376 0.00116121 -0.000394623 1 0.000536542 -0.00116079 -0.000537458 0.999999 -0.0245458 0.0358243 -0.103589
FixedParameters: 0 0 0

#Transform 65
Transform: AffineTransform_float_3_3
Parameters: 0.999998 0.000142632 0.00173628 -0.000146369 0.999998 0.00193975 -0.00173672 -0.00194025 0.999996 -0.0316215 -0.0940825 -0.0829027
FixedParameters: 0 0 0

#Transform 66
Transform: AffineTransform_float_3_3
Parameters: 0.999998 0.000286415 0.00209508 -0.000286586 1 0.0002794 -0.00209492 -0.000279601 0.999998 -0.00928757 -0.0453178 -0.0535525
FixedParameters: 0 0 0

#Transform 67
Transform: AffineTransform_float_3_3
Parameters: 0.999998 0.00039811 0.00198338 -0.000394889 0.999998 -0.00156879 -0.00198362 0.00156721 0.999997 -0.00785212 0.0339902 -0.0526757
FixedParameters: 0 0 0

#Transform 68
Transform: AffineTransform_float_3_3
Parameters: 0.999998 -1.58097e-05 0.00198404 1.91901e-05 0.999998 -0.00211197 -0.00198396 0.00211203 0.999996 -0.0776842 -0.0296894 0.0480187
FixedParameters: 0 0 0

#Transform 69
Transform: AffineTransform_float_3_3
Parameters: 0.999997 0.000398334 0.00238545 -0.000394665 0.999999 -0.00139795 -0.00238655 0.00139705 0.999996 -0.074376 0.0316762 0.0918725
FixedParameters: 0 0 0

#Transform 70
Transform: AffineTransform_float_3_3
Parameters: 0.999998 0.000397045 0.00198359 -0.000394957 1 -0.00103079 -0.00198341 0.00103022 0.999998 -0.0698712 0.0252854 -0.0710627
FixedParameters: 0 0 0

#Transform 71
Transform: AffineTransform_float_3_3
Parameters: 1 0.000395092 0.000215831 -0.000394908 1 -0.000427085 -0.000216169 0.000426915 1 -0.0610714 -0.00077682 -0.17617
FixedParameters: 0 0 0

#Transform 72
Transform: AffineTransform_float_3_3
Parameters: 1 0.000395199 0.00056486 -0.0003948 1 -0.000353223 -0.000565139 0.000352777 1 -0.0531436 -0.0255013 -0.127572
FixedParameters: 0 0 0

#Transform 73
Transform: AffineTransform_float_3_3
Parameters: 0.999998 0.000394472 0.00163313 -0.000395527 1 0.000322354 -0.00163287 -0.000323644 0.999998 -0.000569041 -0.0336767 -0.0919638
FixedParameters: 0 0 0

#Transform 74
Transform: AffineTransform_float_3_3
Parameters: 0.999999 -0.000230354 0.000938912 0.000229646 1 0.000377216 -0.000939086 -0.000376784 0.999999 -0.065872 0.0260353 0.179575
FixedParameters: 0 0 0

#Transform 75
Transform: AffineTransform_float_3_3
Parameters: 0.999991 0.000402173 0.00418132 -0.000394826 0.999999 -0.00171667 -0.00418168 0.00171433 0.99999 0.0244431 0.0704298 0.115764
FixedParameters: 0 0 0

#Transform 76
Transform: AffineTransform_float_3_3
Parameters: 0.999987 0.00106788 0.00486741 -0.00105612 0.999997 -0.00244217 -0.00487059 0.00243683 0.999985 -0.00199044 -0.00317306 3.5749e-05
FixedParameters: 0 0 0

#Transform 77
Transform: AffineTransform_float_3_3
Parameters: 0.99999 0.000601662 0.00441569 -0.000591335 0.999998 -0.00218963 -0.0044173 0.00218636 0.999988 -0.0846136 -0.0188989 0.0471244
FixedParameters: 0 0 0

#Transform 78
Transform: AffineTransform_float_3_3
Parameters: 0.999981 0.000975569 0.00600861 -0.000967431 0.999998 -0.00142884 -0.00600938 0.00142316 0.999981 -0.0365525 -0.000280676 0.0882965
FixedParameters: 0 0 0

#Transform 79
Transform: AffineTransform_float_3_3
Parameters: 0.999977 0.0012764 0.00657288 -0.0012556 0.999994 -0.00325933 -0.00657612 0.00325068 0.999973 -0.00955508 0.00212596 0.0344357
FixedParameters: 0 0 0

#Transform 80
Transform: AffineTransform_float_3_3
Parameters: 0.999973 0.00106286 0.00723654 -0.00103914 0.999994 -0.00329961 -0.00724047 0.00329239 0.999969 -0.101811 -0.009802 0.0185365
FixedParameters: 0 0 0

#Transform 81
Transform: AffineTransform_float_3_3
Parameters: 0.999972 0.00105626 0.00740156 -0.00103875 0.999996 -0.00233475 -0.00740344 0.00232724 0.99997 -0.101602 -0.0043515 0.0498346
FixedParameters: 0 0 0

#Transform 82
Transform: AffineTransform_float_3_3
Parameters: 0.99997 0.00150064 0.00761057 -0.00147836 0.999995 -0.00297934 -0.00761543 0.00296866 0.999966 -0.0862048 0.0207585 0.0735888
FixedParameters: 0 0 0

#Transform 83
Transform: AffineTransform_float_3_3
Parameters: 0.999966 0.00204558 0.00806305 -0.00201842 0.999992 -0.00342739 -0.00806995 0.00341061 0.999961 -0.0170963 0.0332739 0.0313056
FixedParameters: 0 0 0

#Transform 84
Transform: AffineTransform_float_3_3
Parameters: 0.99996 0.00104066 0.00888858 -0.00101133 0.999994 -0.00334112 -0.00889242 0.00333188 0.999955 -0.0512774 -0.0492977 0.0350939
FixedParameters: 0 0 0

#Transform 85
Transform: AffineTransform_float_3_3
Parameters: 0.999957 0.00162122 0.00914621 -0.00159378 0.999995 -0.00298271 -0.00915078 0.00296829 0.999953 -0.0784427 -0.0132513 0.0554779
FixedParameters: 0 0 0

#Transform 86
Transform: AffineTransform_float_3_3
Parameters: 0.999948 0.00261415 0.00984038 -0.00257085 0.999986 -0.00449653 -0.00985263 0.00447148 0.999942 -0.0108987 0.0299641 0.0402055
FixedParameters: 0 0 0

#Transform 87
Transform: AffineTransform_float_3_3
Parameters: 0.999948 0.00176309 0.0100511 -0.0017349 0.999994 -0.00280358 -0.0100569 0.00278541 0.999945 0.0530548 -0.0686473 -0.075332
FixedParameters: 0 0 0

#Transform 88
Transform: AffineTransform_float_3_3
Parameters: 0.999955 0.00255938 0.00914138 -0.00253163 0.999993 -0.00300428 -0.00914862 0.00298172 0.999953 -0.04575 -0.0840829 0.0291626
FixedParameters: 0 0 0

#Transform 89
Transform: AffineTransform_float_3_3
Parameters: 0.999954 0.00354314 0.00897143 -0.00350587 0.999985 -0.00415165 -0.00898558 0.00412036 0.999951 -0.0984824 -0.0207186 0.0409908
FixedParameters: 0 0 0

#Transform 90
Transform: AffineTransform_float_3_3
Parameters: 0.99996 0.00210579 0.00870613 -0.0020722 0.99999 -0.00377419 -0.00871386 0.0037558 0.999955 -0.0838978 -0.0390955 0.0283289
FixedParameters: 0 0 0

#Transform 91
Transform: AffineTransform_float_3_3
Parameters: 0.999954 0.00369842 0.0088692 -0.00367058 0.999988 -0.0032187 -0.0088818 0.0031863 0.999955 -0.0466569 -0.031444 0.0818661
FixedParameters: 0 0 0

#Transform 92
Transform: AffineTransform_float_3_3
Parameters: 0.999954 0.00247289 0.00932948 -0.00242911 0.999986 -0.00471288 -0.00934053 0.00469012 0.999946 -0.0187501 0.0167875 0.109428
FixedParameters: 0 0 0

#Transform 93
Transform: AffineTransform_float_3_3
Parameters: 0.999955 0.00352742 0.00888232 -0.00347958 0.999979 -0.00534915 -0.00890069 0.00531785 0.999946 0.0195411 0.0220861 0.00908834
FixedParameters: 0 0 0

#Transform 94
Transform: AffineTransform_float_3_3
Parameters: 0.999956 0.00328867 0.00878146 -0.00325532 0.999988 -0.00384676 -0.00879354 0.00381725 0.999954 -0.0710011 -0.112472 -0.0467052
FixedParameters: 0 0 0

#Transform 95
Transform: AffineTransform_float_3_3
Parameters: 0.999949 0.00742788 0.00675797 -0.00735811 0.99992 -0.0103082 -0.00683402 0.0102578 0.999924 -0.0122305 0.00418898 0.105806
FixedParameters: 0 0 0

#Transform 96
Transform: AffineTransform_float_3_3
Parameters: 0.999947 0.00688047 0.00765467 -0.00679854 0.999919 -0.0107476 -0.00772734 0.0106954 0.999913 0.0584683 -0.0841748 0.11357
FixedParameters: 0 0 0

#Transform 97
Transform: AffineTransform_float_3_3
Parameters: 0.999928 0.00336742 0.0115122 -0.00327157 0.99996 -0.00838427 -0.0115408 0.00834574 0.999898 -0.0202783 0.0731911 0.0939243
FixedParameters: 0 0 0

#Transform 98
Transform: AffineTransform_float_3_3
Parameters: 0.999919 0.00466019 0.0117974 -0.00456879 0.999959 -0.00774552 -0.0118336 0.00769047 0.999901 0.0176294 0.145518 0.115865
FixedParameters: 0 0 0

#Transform 99
Transform: AffineTransform_float_3_3
Parameters: 0.999907 0.00510695 0.0126346 -0.00502105 0.999964 -0.00682507 -0.0126694 0.00676093 0.999897 -0.00486738 -0.0579365 0.127514
FixedParameters: 0 0 0

#Transform 100
Transform: AffineTransform_float_3_3
Parameters: 0.999876 0.00514032 0.0149338 -0.00503768 0.999963 -0.0069481 -0.0149692 0.00687191 0.999865 0.0183956 -0.0481816 0.149346
FixedParameters: 0 0 0

#Transform 101
Transform: AffineTransform_float_3_3
Parameters: 0.999873 0.00276828 0.015728 -0.00264673 0.999966 -0.00778962 -0.015749 0.00774739 0.999846 -0.0103929 -0.0205578 0.194944
FixedParameters: 0 0 0

#Transform 102
Transform: AffineTransform_float_3_3
Parameters: 0.999874 0.00352222 0.0154478 -0.00338677 0.999956 -0.00877142 -0.0154782 0.00871758 0.999842 -0.100766 0.0104977 0.212624
FixedParameters: 0 0 0

#Transform 103
Transform: AffineTransform_float_3_3
Parameters: 0.999853 0.00510763 0.0163599 -0.00498435 0.999959 -0.00758966 -0.0163981 0.00750635 0.999838 -0.0766669 -0.0420361 0.146583
FixedParameters: 0 0 0

#Transform 104
Transform: AffineTransform_float_3_3
Parameters: 0.999848 0.00396968 0.0169435 -0.00383333 0.99996 -0.00809117 -0.0169744 0.00802583 0.999823 -0.0356527 -0.0056639 0.169859
FixedParameters: 0 0 0

#Transform 105
Transform: AffineTransform_float_3_3
Parameters: 0.999856 0.00358212 0.0166262 -0.00340189 0.999936 -0.0108491 -0.0166638 0.0107909 0.999803 -0.0308071 0.0525348 0.274351
FixedParameters: 0 0 0

#Transform 106
Transform: AffineTransform_float_3_3
Parameters: 0.999866 0.00494562 0.0156106 -0.00472138 0.999886 -0.0143926 -0.0156804 0.0143174 0.999774 -0.0773554 0.0420533 0.375026
FixedParameters: 0 0 0

#Transform 107
Transform: AffineTransform_float_3_3
Parameters: 0.999841 0.00487367 0.0171887 -0.00465132 0.999906 -0.012913 -0.0172503 0.012831 0.999769 -0.0611053 0.0906813 0.324021
FixedParameters: 0 0 0

#Transform 108
Transform: AffineTransform_float_3_3
Parameters: 0.99984 0.00441756 0.0172973 -0.00417743 0.999894 -0.0139195 -0.0173567 0.0138445 0.999753 -0.0801626 0.125843 0.340268
FixedParameters: 0 0 0

#Transform 109
Transform: AffineTransform_float_3_3
Parameters: 0.999832 0.00563162 0.0174077 -0.00537437 0.999876 -0.014811 -0.0174892 0.014715 0.999739 -0.00058024 0.0395799 0.277649
FixedParameters: 0 0 0

#Transform 110
Transform: AffineTransform_float_3_3
Parameters: 0.999808 0.00666708 0.0183882 -0.00641491 0.999885 -0.0137886 -0.0184778 0.0136674 0.999736 0.0320532 -0.0115397 0.283525
FixedParameters: 0 0 0

#Transform 111
Transform: AffineTransform_float_3_3
Parameters: 0.999801 0.00551146 0.0191748 -0.00521753 0.999868 -0.0153731 -0.0192572 0.0152699 0.999698 0.0369423 0.0996138 0.428514
FixedParameters: 0 0 0

#Transform 112
Transform: AffineTransform_float_3_3
Parameters: 0.999789 0.0067593 0.019403 -0.0064657 0.999863 -0.0151907 -0.0195031 0.0150624 0.999697 0.0761001 -0.0444126 0.376953
FixedParameters: 0 0 0

#Transform 113
Transform: AffineTransform_float_3_3
Parameters: 0.99978 0.00648889 0.0199558 -0.00618211 0.999863 -0.0154018 -0.0200532 0.0152752 0.999682 -0.0627339 -0.0644365 0.331066
FixedParameters: 0 0 0

#Transform 114
Transform: AffineTransform_float_3_3
Parameters: 0.999784 0.00646828 0.0197809 -0.00615672 0.999857 -0.0157572 -0.0198801 0.0156318 0.99968 -0.04722 -0.0605605 0.413063
FixedParameters: 0 0 0

#Transform 115
Transform: AffineTransform_float_3_3
Parameters: 0.999765 0.00649052 0.0206813 -0.00615647 0.99985 -0.0161501 -0.0207827 0.0160189 0.999655 1.44366e-05 -0.0815443 0.44986
FixedParameters: 0 0 0

#Transform 116
Transform: AffineTransform_float_3_3
Parameters: 0.999766 0.00648583 0.0206275 -0.00615618 0.999853 -0.0159647 -0.0207275 0.0158343 0.99966 -0.0238888 -0.0975272 0.37406
FixedParameters: 0 0 0

#Transform 117
Transform: AffineTransform_float_3_3
Parameters: 0.99976 0.00649378 0.0209345 -0.00615623 0.999851 -0.0161118 -0.0210355 0.0159792 0.999651 -0.00355473 -0.0968362 0.420987
FixedParameters: 0 0 0

#Transform 118
Transform: AffineTransform_float_3_3
Parameters: 0.999792 0.00404514 0.0200019 -0.00365386 0.999802 -0.0195532 -0.0200771 0.0194758 0.999608 0.02442 0.00781627 0.535663
FixedParameters: 0 0 0

#Transform 119
Transform: AffineTransform_float_3_3
Parameters: 0.99977 0.00511187 0.0208367 -0.00468413 0.999778 -0.0205323 -0.0209363 0.0204297 0.999572 0.0833491 -0.0385258 0.579599
FixedParameters: 0 0 0
