#Insight Transform File V1.0
#Transform 0
Transform: AffineTransform_float_3_3
Parameters: 0.999999 7.2072e-07 -0.00143 -2.79279e-07 1 0.000504001 0.00143 -0.000503999 0.999999 -0.0145489 0.00679471 0.112517
FixedParameters: 0 0 0

#Transform 1
Transform: AffineTransform_float_3_3
Parameters: 0.999999 -0.000180681 -0.00175093 0.00018032 1 -0.000388316 0.00175107 0.000388684 0.999999 -0.0228956 0.0977014 0.0286946
FixedParameters: 0 0 0

#Transform 2
Transform: AffineTransform_float_3_3
Parameters: 0.999999 -0.000333919 -0.00132077 0.00033308 0.999999 -0.00069644 0.00132123 0.000695559 0.999999 -0.0276163 0.114836 -0.042298
FixedParameters: 0 0 0

#Transform 3
Transform: AffineTransform_float_3_3
Parameters: 0.999999 -0.000433745 -0.00060947 0.000433255 0.999999 -0.00122226 0.00060953 0.00122174 0.999999 -0.0283694 0.0403955 -0.116043
FixedParameters: 0 0 0

#Transform 4
Transform: AffineTransform_float_3_3
Parameters: 0.999999 -0.000578918 -0.000498936 0.000578081 0.999998 -0.00183929 0.000500064 0.00183871 0.999998 -0.0225231 0.0461752 -0.00767239
FixedParameters: 0 0 0

#Transform 5
Transform: AffineTransform_float_3_3
Parameters: 0.999999 -0.000604955 -0.000609052 0.000604044 0.999998 -0.00156737 0.000609947 0.00156663 0.999998 -0.00852759 -0.0647917 0.0909124
FixedParameters: 0 0 0

#Transform 6
Transform: AffineTransform_float_3_3
Parameters: 1 -0.000910841 -0.000608744 0.000910159 0.999998 -0.00138055 0.000610257 0.00137944 0.999999 -0.0151345 0.00674041 0.0762143
FixedParameters: 0 0 0

#Transform 7
Transform: AffineTransform_float_3_3
Parameters: 0.999999 -0.000433692 -0.000609508 0.000432308 1 -0.00113526 0.000609491 0.00113474 0.999999 -0.0449957 0.114823 0.0708988
FixedParameters: 0 0 0

#Transform 8
Transform: AffineTransform_float_3_3
Parameters: 0.999999 -0.000433663 -0.000609528 0.000432337 1 -0.00108826 0.000609471 0.00108774 0.999999 -0.0463664 0.0476014 0.0575183
FixedParameters: 0 0 0

#Transform 9
Transform: AffineTransform_float_3_3
Parameters: 0.999999 -0.000658253 -0.000609726 0.000657746 0.999999 -0.000416401 0.000610273 0.000415598 0.999999 -0.041321 -0.00238035 0.0660441
FixedParameters: 0 0 0

#Transform 10
Transform: AffineTransform_float_3_3
Parameters: 0.999999 -0.000864241 -0.000384459 0.000863759 1 -0.000626332 0.000384541 0.000626668 0.999999 -0.0426924 0.027804 0.0696503
FixedParameters: 0 0 0

#Transform 11
Transform: AffineTransform_float_3_3
Parameters: 1 -0.000864029 -0.00060996 0.000863972 0.999999 -4.6527e-05 0.000610041 4.64729e-05 1 -0.0354288 0.0629901 0.047185
FixedParameters: 0 0 0

#Transform 12
Transform: AffineTransform_float_3_3
Parameters: 1 -0.000125276 -0.000440921 0.000125724 1 -0.000626055 0.000441079 0.000626944 0.999999 0.0102701 0.00570773 0.0861211
FixedParameters: 0 0 0

#Transform 13
Transform: AffineTransform_float_3_3
Parameters: 1 -0.000293354 -0.00060983 0.000292646 1 -0.000580178 0.000610169 0.000579821 0.999999 0.00252979 0.065032 -0.0111597
FixedParameters: 0 0 0

#Transform 14
Transform: AffineTransform_float_3_3
Parameters: 0.999999 -0.0005732 -0.000609812 0.0005728 1 -0.000327349 0.000610187 0.00032765 1 -0.045549 0.0679255 0.0158595
FixedParameters: 0 0 0

#Transform 15
Transform: AffineTransform_float_3_3
Parameters: 1 -0.000443022 -0.000310968 0.000442978 1 -7.11378e-05 0.000311031 7.08622e-05 1 -0.045944 0.0627986 0.0617067
FixedParameters: 0 0 0

#Transform 16
Transform: AffineTransform_float_3_3
Parameters: 1 -0.000472214 -0.000325689 0.000471785 0.999999 -0.000658153 0.00032631 0.000657846 0.999999 -0.0245587 -0.00190306 0.0743226
FixedParameters: 0 0 0

#Transform 17
Transform: AffineTransform_float_3_3
Parameters: 0.999999 -0.00072223 -0.000338509 0.000721769 0.999999 -0.000680244 0.000338491 0.000679755 0.999999 -0.0372553 0.0564419 0.0399052
FixedParameters: 0 0 0

#Transform 18
Transform: AffineTransform_float_3_3
Parameters: 1 -0.000626058 -0.000115685 0.000625941 0.999999 -0.000503072 0.000116315 0.000502927 1 -0.0352406 0.0927552 0.120502
FixedParameters: 0 0 0

#Transform 19
Transform: AffineTransform_float_3_3
Parameters: 1 -0.000642002 -8.99852e-05 0.000641998 1 -2.30578e-05 9.00147e-05 2.29422e-05 1 -0.0377494 0.0300985 0.0377705
FixedParameters: 0 0 0

#Transform 20
Transform: AffineTransform_float_3_3
Parameters: 1 -0.000426045 -0.00027793 0.000425954 1 -0.000164118 0.00027807 0.000163882 1 -0.0107883 0.00642511 -0.00767406
FixedParameters: 0 0 0

#Transform 21
Transform: AffineTransform_float_3_3
Parameters: 1 -0.000225068 -0.000237935 0.000224932 1 -0.000287053 0.000238065 0.000286946 1 0.00174103 0.00881184 -0.0049885
FixedParameters: 0 0 0

#Transform 22
Transform: AffineTransform_float_3_3
Parameters: 1 -0.000465058 -0.000321916 0.000464942 1 -0.00018015 0.000322084 0.00017985 1 -0.050795 0.0663893 0.0674738
FixedParameters: 0 0 0

#Transform 23
Transform: AffineTransform_float_3_3
Parameters: 1 -0.000299554 -0.000610218 0.000299445 0.999999 0.000729817 0.000609781 -0.000730182 0.999999 -0.0402747 -0.0468237 -0.0688576
FixedParameters: 0 0 0

#Transform 24
Transform: AffineTransform_float_3_3
Parameters: 1 -0.00042591 -0.000329117 0.00042609 1 0.00027386 0.000328883 -0.00027414 1 -0.0525289 0.0620464 0.014605
FixedParameters: 0 0 0

#Transform 25
Transform: AffineTransform_float_3_3
Parameters: 1 -0.000427027 -0.000449974 0.000426973 1 -6.01921e-05 0.000450025 5.98078e-05 1 -0.0548052 0.137114 0.130545
FixedParameters: 0 0 0

#Transform 26
Transform: AffineTransform_float_3_3
Parameters: 0.999999 -0.00038946 -0.000610345 0.000390539 0.999999 0.000884762 0.000609655 -0.000885238 1 -0.0510599 0.0134687 -0.00853893
FixedParameters: 0 0 0

#Transform 27
Transform: AffineTransform_float_3_3
Parameters: 0.999999 -0.000452001 -0.000609999 0.000451999 1 -2.27572e-06 0.000610001 1.72428e-06 1 -0.0551478 0.0306029 0.0106026
FixedParameters: 0 0 0

#Transform 28
Transform: AffineTransform_float_3_3
Parameters: 0.999999 -0.000667983 -0.000251045 0.000668017 1 6.78323e-05 0.000250954 -6.81676e-05 1 -0.0591334 0.0293681 0.0523065
FixedParameters: 0 0 0

#Transform 29
Transform: AffineTransform_float_3_3
Parameters: 0.999999 -0.000614876 -0.000409186 0.000615124 1 0.000302748 0.000409813 -0.000303252 1 -0.0549649 0.0247712 0.0551354
FixedParameters: 0 0 0

#Transform 30
Transform: AffineTransform_float_3_3
Parameters: 1 -0.000249932 -0.000263065 0.000250068 1 0.000258934 0.000262935 -0.000259066 1 -0.0287447 0.0138647 0.0435982
FixedParameters: 0 0 0

#Transform 31
Transform: AffineTransform_float_3_3
Parameters: 1 -0.000274775 0.000500123 0.000275225 1 -0.000449862 -0.000499876 0.000450137 1 -0.0653862 0.0392807 0.0912205
FixedParameters: 0 0 0

#Transform 32
Transform: AffineTransform_float_3_3
Parameters: 1 -0.000137915 0.000500023 0.000138084 1 -0.000168931 -0.000499977 0.000169069 1 -0.0623571 0.0514339 0.111579
FixedParameters: 0 0 0

#Transform 33
Transform: AffineTransform_float_3_3
Parameters: 0.999999 -0.000554952 0.000500052 0.000555047 1 -9.47224e-05 -0.000499947 9.52774e-05 1 -0.0571751 0.0394271 0.114353
FixedParameters: 0 0 0

#Transform 34
Transform: AffineTransform_float_3_3
Parameters: 0.999999 -0.00060042 0.00113131 0.00060158 0.999999 -0.00051232 -0.00113069 0.000512679 0.999999 -0.0580875 0.0429475 0.186914
FixedParameters: 0 0 0

#Transform 35
Transform: AffineTransform_float_3_3
Parameters: 0.999998 -0.000256754 0.00189331 0.000259248 1 -0.00118651 -0.0018937 0.00118649 0.999998 -0.0699184 0.0537041 0.078192
FixedParameters: 0 0 0

#Transform 36
Transform: AffineTransform_float_3_3
Parameters: 0.999999 -0.000378336 0.00118553 0.000380665 0.999999 -0.00140355 -0.00118547 0.00140445 0.999999 -0.0617877 0.0409649 0.00939031
FixedParameters: 0 0 0

#Transform 37
Transform: AffineTransform_float_3_3
Parameters: 1 -0.000574596 0.000852272 0.000574404 0.999999 -0.00047351 -0.000851728 0.000474489 0.999999 -0.0437289 0.0274007 0.0461526
FixedParameters: 0 0 0

#Transform 38
Transform: AffineTransform_float_3_3
Parameters: 1 -0.000642066 0.00085195 0.000641934 1 7.75469e-05 -0.000851049 -7.64536e-05 0.999999 -0.0441935 0.0291719 0.0887908
FixedParameters: 0 0 0

#Transform 39
Transform: AffineTransform_float_3_3
Parameters: 1 6.29544e-05 0.000592005 -6.30456e-05 1 7.69627e-05 -0.000591995 -7.70373e-05 1 -0.0405977 0.00473334 0.0704854
FixedParameters: 0 0 0

#Transform 40
Transform: AffineTransform_float_3_3
Parameters: 1 5.32288e-05 0.00041297 -5.27712e-05 1 -0.000554022 -0.000413029 0.000553978 1 0.00506035 -0.0120043 -0.0624415
FixedParameters: 0 0 0

#Transform 41
Transform: AffineTransform_float_3_3
Parameters: 0.999999 0.000236246 0.000778925 -0.000235754 1 -0.000315184 -0.000779074 0.000315816 0.999999 -0.0338189 0.0513583 0.0434143
FixedParameters: 0 0 0

#Transform 42
Transform: AffineTransform_float_3_3
Parameters: 1 0.000236073 0.000378955 -0.000235927 1 -0.000192089 -0.000379045 0.000191911 1 -0.0264522 0.0161377 0.114308
FixedParameters: 0 0 0

#Transform 43
Transform: AffineTransform_float_3_3
Parameters: 1 8.92831e-05 0.000403937 -8.87167e-05 1 -0.000701035 -0.000404062 0.000700964 0.999999 -0.0300262 0.00848375 -0.0415564
FixedParameters: 0 0 0

#Transform 44
Transform: AffineTransform_float_3_3
Parameters: 1 9.80271e-05 0.000297991 -9.79729e-05 1 -9.10292e-05 -0.000298009 9.09708e-05 1 -0.0388987 0.0169833 0.0921304
FixedParameters: 0 0 0

#Transform 45
Transform: AffineTransform_float_3_3
Parameters: 0.999999 0.000236095 0.00100298 -0.000235904 1 -9.52366e-05 -0.00100302 9.47632e-05 0.999999 -0.047527 0.0839939 0.157694
FixedParameters: 0 0 0

#Transform 46
Transform: AffineTransform_float_3_3
Parameters: 0.999998 0.000238837 0.00202967 -0.000236163 0.999999 -0.00139748 -0.00203033 0.00139752 0.999997 -0.0819294 0.0498321 0.00221637
FixedParameters: 0 0 0

#Transform 47
Transform: AffineTransform_float_3_3
Parameters: 0.999998 0.000237658 0.00202981 -0.000236341 0.999999 -0.000817481 -0.00203019 0.000816519 0.999997 -0.0904295 0.110602 -0.0142647
FixedParameters: 0 0 0

#Transform 48
Transform: AffineTransform_float_3_3
Parameters: 0.999998 0.000236592 0.00162291 -0.000236409 1 -0.000364384 -0.00162309 0.000364616 0.999998 -0.0652353 0.0585094 0.191146
FixedParameters: 0 0 0

#Transform 49
Transform: AffineTransform_float_3_3
Parameters: 0.999997 0.000237886 0.00234381 -0.000236112 0.999999 -0.000805555 -0.00234419 0.000804444 0.999997 -0.0861491 0.109145 0.183894
FixedParameters: 0 0 0

#Transform 50
Transform: AffineTransform_float_3_3
Parameters: 0.999998 0.000238701 0.00202968 -0.000236297 0.999999 -0.00133148 -0.00203032 0.00133052 0.999997 -0.114843 0.0565971 -0.00886304
FixedParameters: 0 0 0

#Transform 51
Transform: AffineTransform_float_3_3
Parameters: 0.999997 0.000239255 0.00244568 -0.000236745 0.999999 -0.00133158 -0.00244532 0.00133042 0.999996 -0.128516 0.101287 -0.0379497
FixedParameters: 0 0 0

#Transform 52
Transform: AffineTransform_float_3_3
Parameters: 0.999997 0.000238256 0.00215675 -0.000236745 1 -0.00104551 -0.00215725 0.00104549 0.999997 -0.0342528 0.0475725 0.120017
FixedParameters: 0 0 0

#Transform 53
Transform: AffineTransform_float_3_3
Parameters: 0.999998 0.000322747 0.00158805 -0.000322252 1 0.000158488 -0.00158795 -0.000159513 0.999998 -0.0213095 0.0475297 0.11153
FixedParameters: 0 0 0

#Transform 54
Transform: AffineTransform_float_3_3
Parameters: 0.999997 0.000237424 0.00216884 -0.000236574 1 -0.000657515 -0.00216916 0.000656487 0.999998 -0.0850179 -0.024164 0.0830518
FixedParameters: 0 0 0

#Transform 55
Transform: AffineTransform_float_3_3
Parameters: 0.999998 0.000405446 0.00158763 -0.000403554 0.999999 -0.000910642 -0.00158837 0.000910357 0.999999 -0.068951 0.038275 -0.0371612
FixedParameters: 0 0 0

#Transform 56
Transform: AffineTransform_float_3_3
Parameters: 0.999997 0.000461987 0.00238962 -0.000460012 0.999999 -0.000832101 -0.00239038 0.000830898 0.999997 -0.0819058 0.0454327 0.0745793
FixedParameters: 0 0 0

#Transform 57
Transform: AffineTransform_float_3_3
Parameters: 0.999997 0.000528348 0.00257952 -0.00052665 0.999999 -0.000911361 -0.00258048 0.000909639 0.999997 -0.086937 0.065839 0.140151
FixedParameters: 0 0 0

#Transform 58
Transform: AffineTransform_float_3_3
Parameters: 0.999996 0.000456617 0.0029993 -0.000452385 0.999998 -0.00153936 -0.0029997 0.00153864 0.999995 -0.128764 0.0676271 0.13215
FixedParameters: 0 0 0

#Transform 59
Transform: AffineTransform_float_3_3
Parameters: 0.999999 0.000464188 0.000783296 -0.00046281 0.999998 -0.00151736 -0.000784702 0.00151664 0.999998 -0.0959503 0.0348908 -0.161469
FixedParameters: 0 0 0

#Transform 60
Transform: AffineTransform_float_3_3
Parameters: 1 0.000236322 -0.000430823 -0.000236678 0.999999 0.000747102 0.000431177 -0.000746898 0.999999 -0.0762893 -0.08743 -0.304085
FixedParameters: 0 0 0

#Transform 61
Transform: AffineTransform_float_3_3
Parameters: 0.999999 0.000826124 0.000990895 -0.000825875 0.999999 -0.000126818 -0.000991103 0.000125181 0.999999 -0.0822779 0.0415097 0.118028
FixedParameters: 0 0 0

#Transform 62
Transform: AffineTransform_float_3_3
Parameters: 0.999999 0.000516431 0.000600629 -0.000515569 0.999999 -0.000718309 -0.00060037 0.00071769 0.999999 -0.0802881 0.139956 0.237474
FixedParameters: 0 0 0

#Transform 63
Transform: AffineTransform_float_3_3
Parameters: 0.999999 0.000810191 0.000581128 -0.000810807 0.999998 0.00139153 -0.000579871 -0.00139247 0.999999 -0.0796493 -0.0402497 -0.136348
FixedParameters: 0 0 0

#Transform 64
Transform: AffineTransform_float_3_3
Parameters: 1 0.000810764 0.000580331 -0.000810237 0.999999 0.00040753 -0.00057967 -0.00040747 0.999999 -0.0799496 0.0348298 0.08846
FixedParameters: 0 0 0

#Transform 65
Transform: AffineTransform_float_3_3
Parameters: 1 0.000810951 0.000580068 -0.000810049 0.999999 8.35301e-05 -0.000579932 -8.44703e-05 1 -0.0977634 0.0864352 0.116759
FixedParameters: 0 0 0

#Transform 66
Transform: AffineTransform_float_3_3
Parameters: 1 0.000810435 0.000715641 -0.000810565 1 0.000789421 -0.00071436 -0.00079058 1 -0.0882575 -0.0173148 0.0904104
FixedParameters: 0 0 0

#Transform 67
Transform: AffineTransform_float_3_3
Parameters: 1 0.000810809 0.000580268 -0.000810191 0.999999 0.00032953 -0.000579733 -0.00033047 1 -0.0477298 0.0274796 0.132823
FixedParameters: 0 0 0

#Transform 68
Transform: AffineTransform_float_3_3
Parameters: 1 0.000812132 -0.000824887 -0.000810868 0.999998 0.00137167 0.000826113 -0.00137133 0.999998 -0.0283815 -0.0480251 -0.240817
FixedParameters: 0 0 0

#Transform 69
Transform: AffineTransform_float_3_3
Parameters: 1 0.000528915 -0.000935921 -0.000526086 0.999998 0.00204449 0.000937078 -0.0020445 0.999997 -0.0442272 -0.0119749 -0.106
FixedParameters: 0 0 0

#Transform 70
Transform: AffineTransform_float_3_3
Parameters: 0.999999 0.000562296 -0.000586716 -0.000562704 0.999999 0.00050433 0.000587284 -0.00050467 0.999999 -0.0575871 0.124041 0.331122
FixedParameters: 0 0 0

#Transform 71
Transform: AffineTransform_float_3_3
Parameters: 1 0.000811296 -0.000586591 -0.000810704 0.999999 0.000504475 0.000587409 -0.000504523 0.999999 -0.0440485 0.00466458 -0.0103648
FixedParameters: 0 0 0

#Transform 72
Transform: AffineTransform_float_3_3
Parameters: 1 0.000634974 -0.000170096 -0.000635026 1 -0.000151892 0.000169903 0.000152108 1 -0.0543468 0.0201607 -0.119098
FixedParameters: 0 0 0

#Transform 73
Transform: AffineTransform_float_3_3
Parameters: 0.999999 0.000515708 0.000729499 -0.000515292 1 -0.000971377 -0.0007295 0.000970625 1 -0.0863539 0.0420744 0.0431494
FixedParameters: 0 0 0

#Transform 74
Transform: AffineTransform_float_3_3
Parameters: 0.999999 0.000369727 0.000764649 -0.000368275 1 -0.000949283 -0.00076435 0.000949718 1 -0.0749398 0.0247701 0.14341
FixedParameters: 0 0 0

#Transform 75
Transform: AffineTransform_float_3_3
Parameters: 0.999999 -3.67704e-05 0.00124704 3.72295e-05 0.999999 -0.000985954 -0.00124696 0.000986046 0.999998 -0.0479752 0.0177104 0.179249
FixedParameters: 0 0 0

#Transform 76
Transform: AffineTransform_float_3_3
Parameters: 0.999999 -6.63386e-05 0.00155707 6.86623e-05 1 -0.0010669 -0.00155793 0.00106711 0.999998 -0.0921774 0.0138985 0.115984
FixedParameters: 0 0 0

#Transform 77
Transform: AffineTransform_float_3_3
Parameters: 0.999997 -0.000138785 0.00250007 0.000140215 1 -0.000485651 -0.00249993 0.000486348 0.999997 -0.067882 0.0170162 0.0396797
FixedParameters: 0 0 0

#Transform 78
Transform: AffineTransform_float_3_3
Parameters: 0.999998 -6.26023e-05 0.0022501 6.63995e-05 0.999999 -0.00151085 -0.0022499 0.00151014 0.999997 -0.125497 0.0612791 0.0620936
FixedParameters: 0 0 0

#Transform 79
Transform: AffineTransform_float_3_3
Parameters: 0.999998 2.22086e-05 0.00225598 -2.07913e-05 1 -0.00097905 -0.00225602 0.000978953 0.999997 -0.0559705 0.0568948 0.0503432
FixedParameters: 0 0 0

#Transform 80
Transform: AffineTransform_float_3_3
Parameters: 0.999999 0.000212835 0.00142302 -0.000213165 1 0.000115697 -0.00142298 -0.000116303 0.999999 -0.0584956 0.0251877 0.153417
FixedParameters: 0 0 0

#Transform 81
Transform: AffineTransform_float_3_3
Parameters: 1 0.000147881 0.00118489 -0.000146118 0.999999 -0.000744173 -0.00118511 0.000743825 0.999999 -0.0470296 0.0034896 -0.0922226
FixedParameters: 0 0 0

#Transform 82
Transform: AffineTransform_float_3_3
Parameters: 1 -0.000140091 8.58512e-05 0.000139909 1 0.00106301 -8.61488e-05 -0.00106299 1 -0.0242143 -0.0846522 -0.193602
FixedParameters: 0 0 0

#Transform 83
Transform: AffineTransform_float_3_3
Parameters: 1 0.000286058 0.000394958 -0.000285941 1 -0.000148113 -0.000395042 0.000147887 1 -0.0141852 0.044984 0.158803
FixedParameters: 0 0 0

#Transform 84
Transform: AffineTransform_float_3_3
Parameters: 0.999999 0.000272544 0.000718794 -0.000272456 0.999999 -0.000756196 -0.000719207 0.000756804 1 -0.0242796 0.123394 0.198343
FixedParameters: 0 0 0

#Transform 85
Transform: AffineTransform_float_3_3
Parameters: 1 0.000227749 0.000668085 -0.000227251 1 0.000375848 -0.000667914 -0.000376152 0.999999 -0.0941411 0.0338592 0.125112
FixedParameters: 0 0 0

#Transform 86
Transform: AffineTransform_float_3_3
Parameters: 1 0.000202 1.00687e-06 -0.000202 1 3.39998e-05 -9.93132e-07 -3.40002e-05 1 -0.0985864 -0.00142047 -0.105046
FixedParameters: 0 0 0

#Transform 87
Transform: AffineTransform_float_3_3
Parameters: 1 0.000284997 -0.000101009 -0.000285003 1 -3.19712e-05 0.000100991 3.20288e-05 1 -0.089242 0.0220431 -0.0942629
FixedParameters: 0 0 0

#Transform 88
Transform: AffineTransform_float_3_3
Parameters: 0.999999 0.000547619 0.000603439 -0.000546382 1 -0.00102533 -0.000603561 0.00102567 1 -0.0543365 0.0540397 0.0984935
FixedParameters: 0 0 0

#Transform 89
Transform: AffineTransform_float_3_3
Parameters: 1 0.000303518 -0.000363568 -0.000303482 0.999999 0.00142311 0.000364432 -0.00142289 0.999999 -0.0423907 -0.0889728 -0.185086
FixedParameters: 0 0 0

#Transform 90
Transform: AffineTransform_float_3_3
Parameters: 1 0.000494997 0.000188008 -0.000495003 1 1.69069e-05 -0.000187992 -1.70931e-05 1 -0.0354631 0.0727014 0.117287
FixedParameters: 0 0 0

#Transform 91
Transform: AffineTransform_float_3_3
Parameters: 0.999999 0.000748849 -0.000302909 -0.00074815 0.999996 0.00279423 0.000305091 -0.00279377 0.999996 -0.0556276 0.0822002 0.303155
FixedParameters: 0 0 0

#Transform 92
Transform: AffineTransform_float_3_3
Parameters: 0.999999 0.000747531 0.000589594 -0.000747468 1 0.00079456 -0.000588405 -0.00079544 0.999999 -0.0688324 0.0290659 0.186805
FixedParameters: 0 0 0

#Transform 93
Transform: AffineTransform_float_3_3
Parameters: 1 0.000409073 5.04114e-05 -0.000408928 0.999999 -0.00143902 -5.05885e-05 0.00143898 0.999999 -0.0575024 0.0878647 -0.163502
FixedParameters: 0 0 0

#Transform 94
Transform: AffineTransform_float_3_3
Parameters: 1 0.000747539 0.000869396 -0.00074746 0.999999 0.00052935 -0.000868604 -0.000530649 0.999999 -0.0389968 0.060785 0.0699861
FixedParameters: 0 0 0

#Transform 95
Transform: AffineTransform_float_3_3
Parameters: 0.999999 0.00074827 0.000351425 -0.00074773 1 -0.000768263 -0.000351575 0.000768737 0.999999 -0.0496915 -0.0357821 -0.0753192
FixedParameters: 0 0 0

#Transform 96
Transform: AffineTransform_float_3_3
Parameters: 0.999999 0.000665046 0.00120242 -0.000663954 1 -0.000869799 -0.00120358 0.000869201 0.999999 -0.047427 0.0524251 0.0141725
FixedParameters: 0 0 0

#Transform 97
Transform: AffineTransform_float_3_3
Parameters: 1 0.000353572 0.000556637 -0.000353428 0.999999 -0.0010272 -0.000556363 0.0010268 1 -0.0464135 0.0638284 0.199398
FixedParameters: 0 0 0

#Transform 98
Transform: AffineTransform_float_3_3
Parameters: 0.999999 0.000821115 0.000351729 -0.000820883 0.999999 -0.000330289 -0.000351271 0.000329712 1 -0.0287929 0.0292691 0.160178
FixedParameters: 0 0 0

#Transform 99
Transform: AffineTransform_float_3_3
Parameters: 1 0.000530838 -0.000201427 -0.000531162 0.999999 -0.000803892 0.000201573 0.000804106 0.999999 -0.0356352 -0.00671584 -0.158672
FixedParameters: 0 0 0

#Transform 100
Transform: AffineTransform_float_3_3
Parameters: 0.999999 0.000459424 0.000845769 -0.000459575 1 -0.000502389 -0.000845231 0.000501612 1 -0.0237315 0.0372438 0.0349847
FixedParameters: 0 0 0

#Transform 101
Transform: AffineTransform_float_3_3
Parameters: 1 0.000649116 0.000194612 -0.000648883 0.999999 -0.000597126 -0.000195387 0.000596873 1 -0.0375425 0.101928 0.221798
FixedParameters: 0 0 0

#Transform 102
Transform: AffineTransform_float_3_3
Parameters: 1 0.000582506 -0.000385747 -0.000582493 0.999999 -0.00128178 0.000384254 0.00128122 0.999999 -0.0164016 0.0215984 -0.129642
FixedParameters: 0 0 0

#Transform 103
Transform: AffineTransform_float_3_3
Parameters: 1 0.000540013 3.68137e-05 -0.000539987 1 -0.00034502 -3.71863e-05 0.00034498 1 -0.0108942 0.0557051 -0.076527
FixedParameters: 0 0 0

#Transform 104
Transform: AffineTransform_float_3_3
Parameters: 1 0.000613029 0.000175898 -0.000612971 1 -0.000166108 -0.000176102 0.000165892 1 -0.0274275 0.00257631 0.182992
FixedParameters: 0 0 0

#Transform 105
Transform: AffineTransform_float_3_3
Parameters: 0.999999 0.000781023 1.69448e-05 -0.000781976 0.999999 -0.00135101 -1.80565e-05 0.00135099 0.999999 -0.0128289 0.025511 0.0047398
FixedParameters: 0 0 0

#Transform 106
Transform: AffineTransform_float_3_3
Parameters: 0.999999 0.000677935 0.000635001 -0.000677063 0.999998 -0.00147343 -0.000635997 0.00147257 0.999998 -0.0154692 0.0420334 0.054879
FixedParameters: 0 0 0

#Transform 107
Transform: AffineTransform_float_3_3
Parameters: 1 0.000628019 0.000220944 -0.00062798 1 -8.91387e-05 -0.000221056 8.88612e-05 1 -0.0147708 0.0357365 0.112666
FixedParameters: 0 0 0

#Transform 108
Transform: AffineTransform_float_3_3
Parameters: 0.999999 0.000732056 0.000136695 -0.000731942 0.999999 -0.0004161 -0.000137304 0.000415899 1 -0.00623937 0.0122892 0.0959283
FixedParameters: 0 0 0

#Transform 109
Transform: AffineTransform_float_3_3
Parameters: 1 0.00056112 0.00011944 -0.00056088 1 -0.000998068 -0.00012056 0.000997933 1 -0.000510507 0.015183 -0.0384138
FixedParameters: 0 0 0

#Transform 110
Transform: AffineTransform_float_3_3
Parameters: 1 0.000593109 0.000205685 -0.00059289 0.999999 -0.000531122 -0.000206315 0.000530877 1 -0.0101067 0.023006 0.0979475
FixedParameters: 0 0 0

#Transform 111
Transform: AffineTransform_float_3_3
Parameters: 1 0.000631996 3.80689e-05 -0.000632004 1 0.000108976 -3.79311e-05 -0.000109024 1 -0.00877642 -0.0328245 0.0927782
FixedParameters: 0 0 0

#Transform 112
Transform: AffineTransform_float_3_3
Parameters: 0.999999 0.000739027 2.00334e-05 -0.000738973 0.999999 -0.00130802 -2.09666e-05 0.00130798 0.999999 -0.00205332 0.000107757 0.091091
FixedParameters: 0 0 0

#Transform 113
Transform: AffineTransform_float_3_3
Parameters: 0.999999 0.000776077 0.000226734 -0.000775922 0.999999 -0.000343176 -0.000227266 0.000342824 1 -0.0176506 0.0850974 0.104845
FixedParameters: 0 0 0

#Transform 114
Transform: AffineTransform_float_3_3
Parameters: 0.999999 0.000878988 5.71749e-05 -0.000879011 0.999999 0.00019895 -5.6825e-05 -0.00019905 1 -0.00555278 0.0650855 0.102505
FixedParameters: 0 0 0

#Transform 115
Transform: AffineTransform_float_3_3
Parameters: 0.999999 0.000876065 0.000157635 -0.000875934 0.999999 -0.000416138 -0.000157364 0.000415862 1 -0.010618 -0.00198109 0.0740157
FixedParameters: 0 0 0

#Transform 116
Transform: AffineTransform_float_3_3
Parameters: 1 9.63476e-05 0.000500933 -9.56527e-05 1 -0.000693048 -0.000501066 0.000693951 0.999999 -0.0468561 0.0620613 -0.00591339
FixedParameters: 0 0 0

#Transform 117
Transform: AffineTransform_float_3_3
Parameters: 1 0.00026608 0.000219903 -0.00026592 1 -0.000364058 -0.000220097 0.000363941 1 -0.0463454 0.0724678 0.153767
FixedParameters: 0 0 0

#Transform 118
Transform: AffineTransform_float_3_3
Parameters: 1 0.00035609 0.000275884 -0.00035591 1 -0.000326098 -0.000276116 0.000325902 1 -0.0374296 0.0317677 0.100786
FixedParameters: 0 0 0

#Transform 119
Transform: AffineTransform_float_3_3
Parameters: 1 0.000344 -7.7744e-08 -0.000344 1 -0.000226 -7.7744e-08 0.000226 1 -0.0347356 0.0686644 -0.092998
FixedParameters: 0 0 0
