# transform file /out/sourcedata/freesurfer/sub-v2s0x29053_ses-1/mri/transforms/cc_up.lta
# created by oesteban on Tue Mar 10 14:27:41 2026

type      = 0 # LINEAR_VOX_TO_VOX
nxforms   = 1
mean      = 125.0000 117.0000 122.0000
sigma     = 10000.0000
1 4 4
9.865944385528564e-01 -1.592488735914230e-01 3.565424308180809e-02 2.082284545898438e+01 
1.591449826955795e-01 9.872384667396545e-01 5.751293618232012e-03 6.380100727081299e+00 
-3.611512854695320e-02 0.000000000000000e+00 9.993476271629333e-01 2.445323562622070e+01 
0.000000000000000e+00 0.000000000000000e+00 0.000000000000000e+00 1.000000000000000e+00 
src volume info
valid = 1  # volume info valid
filename = /out/sourcedata/freesurfer/sub-v2s0x29053_ses-1/mri/norm.mgz
volume = 256 256 256
voxelsize = 1.000000000000000e+00 1.000000000000000e+00 1.000000000000000e+00
xras   = -1.000000000000000e+00 0.000000000000000e+00 0.000000000000000e+00
yras   = 0.000000000000000e+00 0.000000000000000e+00 -1.000000000000000e+00
zras   = 0.000000000000000e+00 1.000000000000000e+00 0.000000000000000e+00
cras   = 7.740631103515625e-01 3.883880615234375e+01 4.186380767822266e+01
dst volume info
valid = 1  # volume info valid
filename = /out/sourcedata/freesurfer/sub-v2s0x29053_ses-1/mri/norm.mgz
volume = 256 256 256
voxelsize = 1.000000000000000e+00 1.000000000000000e+00 1.000000000000000e+00
xras   = -1.000000000000000e+00 0.000000000000000e+00 0.000000000000000e+00
yras   = 0.000000000000000e+00 0.000000000000000e+00 -1.000000000000000e+00
zras   = 0.000000000000000e+00 1.000000000000000e+00 0.000000000000000e+00
cras   = 7.740631103515625e-01 3.883880615234375e+01 4.186380767822266e+01
