#Insight Transform File V1.0
#Transform 0
Transform: AffineTransform_float_3_3
Parameters: 0.999998 0.00120329 -0.0019243 -0.00118572 0.999959 0.00895931 0.0019347 -0.0089577 0.999958 -0.0781929 0.0979074 0.319982
FixedParameters: 0 0 0

#Transform 1
Transform: AffineTransform_float_3_3
Parameters: 0.999992 0.00344458 -0.00226098 -0.00346642 0.999949 -0.00953925 0.00222802 0.00954776 0.999952 0.141727 -0.231359 1.16298
FixedParameters: 0 0 0

#Transform 2
Transform: AffineTransform_float_3_3
Parameters: 0.999991 0.00431614 -0.000783265 -0.00432086 0.99997 -0.00631167 0.000755739 0.00631432 0.99998 0.169559 0.153265 0.674438
FixedParameters: 0 0 0

#Transform 3
Transform: AffineTransform_float_3_3
Parameters: 0.999997 0.00189132 0.00160039 -0.00188468 0.999988 -0.00456403 -0.00160962 0.00456097 0.999989 0.061191 0.179434 -1.25347
FixedParameters: 0 0 0

#Transform 4
Transform: AffineTransform_float_3_3
Parameters: 0.999998 -0.0014678 -0.000675097 0.0014662 0.999996 -0.00266099 0.000678903 0.00266001 0.999996 -0.298304 -0.134885 -0.833417
FixedParameters: 0 0 0

#Transform 5
Transform: AffineTransform_float_3_3
Parameters: 0.999997 -0.00158036 0.00142388 0.00156263 0.999917 0.0128083 -0.00144413 -0.0128057 0.999917 -0.0455637 -0.0648502 1.15382
FixedParameters: 0 0 0

#Transform 6
Transform: AffineTransform_float_3_3
Parameters: 0.999996 0.000895519 -0.00276917 -0.000844465 0.999834 0.0181914 0.00278582 -0.0181886 0.99983 0.0643522 0.328427 0.29447
FixedParameters: 0 0 0

#Transform 7
Transform: AffineTransform_float_3_3
Parameters: 0.999958 0.00815911 -0.00418802 -0.00809789 0.999864 0.0144075 0.00430498 -0.0143725 0.999888 0.039703 0.464869 0.558273
FixedParameters: 0 0 0

#Transform 8
Transform: AffineTransform_float_3_3
Parameters: 0.999979 0.00622705 0.00134696 -0.00622394 0.999978 -0.00225943 -0.00136104 0.00225157 0.999997 0.281501 0.155907 0.478326
FixedParameters: 0 0 0

#Transform 9
Transform: AffineTransform_float_3_3
Parameters: 0.999996 -0.00203924 0.00159416 0.00205076 0.999971 -0.00741076 -0.00157884 0.00741325 0.999972 0.0207389 -0.202409 -1.18048
FixedParameters: 0 0 0

#Transform 10
Transform: AffineTransform_float_3_3
Parameters: 0.999999 -0.00119661 0.00048348 0.00120039 0.999974 -0.00707643 -0.000474518 0.00707657 0.999975 -0.00310984 -0.276778 -0.269893
FixedParameters: 0 0 0

#Transform 11
Transform: AffineTransform_float_3_3
Parameters: 0.999999 0.000247743 -0.00130781 -0.000252257 0.999994 -0.00325567 0.00130719 0.00325633 0.999994 0.0098349 -0.0110884 -0.0608316
FixedParameters: 0 0 0

#Transform 12
Transform: AffineTransform_float_3_3
Parameters: 1 -0.00020808 -0.000247095 0.00020692 0.999991 -0.00436306 0.000247905 0.00436295 0.999991 0.0636619 -0.031368 -0.14254
FixedParameters: 0 0 0

#Transform 13
Transform: AffineTransform_float_3_3
Parameters: 1 0.000560809 0.00098384 -0.000557196 0.999993 -0.00386655 -0.000985162 0.00386645 0.999992 -0.085078 -0.0616107 -0.157028
FixedParameters: 0 0 0

#Transform 14
Transform: AffineTransform_float_3_3
Parameters: 0.999999 0.000432299 0.000716217 -0.000430701 0.999999 -0.00181331 -0.000716782 0.00181269 0.999998 -0.0303841 -0.00192466 -0.224441
FixedParameters: 0 0 0

#Transform 15
Transform: AffineTransform_float_3_3
Parameters: 0.999999 -0.00085771 0.000132886 0.00085829 0.999997 -0.00219889 -0.000131114 0.00219811 0.999997 0.0717012 -0.0434796 -0.165779
FixedParameters: 0 0 0

#Transform 16
Transform: AffineTransform_float_3_3
Parameters: 0.999999 -0.000793036 -8.16502e-05 0.000792964 0.999999 -0.000441065 8.13496e-05 0.000440935 1 0.0198535 0.0502889 0.066816
FixedParameters: 0 0 0

#Transform 17
Transform: AffineTransform_float_3_3
Parameters: 1 -0.000495411 -0.000356429 0.000494589 0.999999 -0.00115318 0.00035657 0.00115282 1 0.0201619 0.0465922 0.00212296
FixedParameters: 0 0 0

#Transform 18
Transform: AffineTransform_float_3_3
Parameters: 1 -6.23451e-05 -0.000290926 6.16548e-05 1 -0.00118602 0.000291073 0.00118598 1 0.0385532 -0.00214983 -0.0664725
FixedParameters: 0 0 0

#Transform 19
Transform: AffineTransform_float_3_3
Parameters: 1 -0.000237013 0.000130976 0.000236987 1 0.000100031 -0.000131024 -9.99689e-05 1 0.0684298 0.0731529 -0.0689567
FixedParameters: 0 0 0

#Transform 20
Transform: AffineTransform_float_3_3
Parameters: 1 -6.20609e-05 0.000130971 6.19391e-05 1 0.000465008 -0.000131029 -0.000464992 1 0.0153051 0.02766 -0.00286985
FixedParameters: 0 0 0

#Transform 21
Transform: AffineTransform_float_3_3
Parameters: 1 -0.000486965 -0.000342051 0.000487035 1 0.000103833 0.00034195 -0.000103167 1 0.0299877 0.0194711 0.0663789
FixedParameters: 0 0 0

#Transform 22
Transform: AffineTransform_float_3_3
Parameters: 1 -0.000688993 -2.91585e-05 0.000689007 0.999999 0.00022998 2.98415e-05 -0.000230021 1 0.0453803 0.106444 0.0874386
FixedParameters: 0 0 0

#Transform 23
Transform: AffineTransform_float_3_3
Parameters: 1 -0.000857809 -0.000617266 0.000858191 0.999999 0.00030947 0.000616734 -0.000310529 1 0.03759 0.0702271 0.0889241
FixedParameters: 0 0 0

#Transform 24
Transform: AffineTransform_float_3_3
Parameters: 1 -0.00029213 -0.000362895 0.00029187 1 -0.000358106 0.000362104 0.000357894 1 0.0490615 -0.0125188 0.0449894
FixedParameters: 0 0 0

#Transform 25
Transform: AffineTransform_float_3_3
Parameters: 1 -0.000328176 -0.000151619 0.000327823 1 -0.00116105 0.000152381 0.00116095 1 0.0414379 0.0515025 -0.0452709
FixedParameters: 0 0 0

#Transform 26
Transform: AffineTransform_float_3_3
Parameters: 1 -0.00017516 -0.000372925 0.00017484 1 -0.000428065 0.000373075 0.000427935 1 0.0316886 0.038933 -0.0762557
FixedParameters: 0 0 0

#Transform 27
Transform: AffineTransform_float_3_3
Parameters: 1 -0.000248691 -0.000594712 0.00024731 1 -0.00116115 0.000594287 0.00116085 0.999999 0.0324318 0.0385677 -0.039693
FixedParameters: 0 0 0

#Transform 28
Transform: AffineTransform_float_3_3
Parameters: 1 -0.00024804 -8.88891e-05 0.00024796 1 -0.000447022 8.91108e-05 0.000446978 1 0.0560313 0.0664039 0.105032
FixedParameters: 0 0 0

#Transform 29
Transform: AffineTransform_float_3_3
Parameters: 1 -0.000247921 -0.000220089 0.000247079 1 0.000359946 0.000219911 -0.000360054 1 0.0368955 0.093222 0.053684
FixedParameters: 0 0 0

#Transform 30
Transform: AffineTransform_float_3_3
Parameters: 1 8.71256e-05 -0.000348969 -8.68743e-05 1 0.00036003 0.000349031 -0.00035997 1 -0.0228276 0.0724462 0.0540422
FixedParameters: 0 0 0

#Transform 31
Transform: AffineTransform_float_3_3
Parameters: 1 8.71403e-05 -0.000500975 -8.68597e-05 1 0.000280043 0.000501024 -0.000279956 1 0.0188084 0.0466108 0.0506739
FixedParameters: 0 0 0

#Transform 32
Transform: AffineTransform_float_3_3
Parameters: 1 8.30114e-05 -1.49367e-05 -8.29885e-05 0.999999 0.000763001 1.50633e-05 -0.000762998 0.999999 -0.00158015 0.140355 0.126783
FixedParameters: 0 0 0

#Transform 33
Transform: AffineTransform_float_3_3
Parameters: 0.999999 0.000112343 -0.000732101 -0.000113657 0.999999 -0.000897917 0.000731898 0.000897082 1 0.0276984 -0.005056 -0.0279563
FixedParameters: 0 0 0

#Transform 34
Transform: AffineTransform_float_3_3
Parameters: 1 0.000358328 -0.000540446 -0.000358671 0.999999 -0.00124281 0.000539554 0.00124319 0.999999 -0.0181077 0.0802414 -0.0350104
FixedParameters: 0 0 0

#Transform 35
Transform: AffineTransform_float_3_3
Parameters: 1 0.000384787 -0.000424193 -0.000384213 1 -0.000502837 0.000423807 0.000503163 1 -0.0163364 0.0467713 0.00338526
FixedParameters: 0 0 0

#Transform 36
Transform: AffineTransform_float_3_3
Parameters: 1 0.000252912 -0.000456049 -0.000253089 1 -0.000193885 0.000456951 0.000193116 1 -0.0172182 -0.0281779 -0.0816563
FixedParameters: 0 0 0

#Transform 37
Transform: AffineTransform_float_3_3
Parameters: 0.999987 -0.000244243 -0.00522118 0.000247761 0.999999 0.000719716 0.00522083 -0.000720285 0.999986 -0.422528 0.118499 -0.699604
FixedParameters: 0 0 0

#Transform 38
Transform: AffineTransform_float_3_3
Parameters: 0.999993 -0.000490678 -0.0037573 0.000492322 0.999999 0.000617154 0.00375669 -0.000618847 0.999993 -0.205524 0.0237708 -0.0888228
FixedParameters: 0 0 0

#Transform 39
Transform: AffineTransform_float_3_3
Parameters: 0.999999 -0.000954511 -0.000983505 0.000953488 0.999999 -0.000519938 0.000984496 0.000519061 1 0.2082 0.0849619 0.747926
FixedParameters: 0 0 0

#Transform 40
Transform: AffineTransform_float_3_3
Parameters: 0.999996 -0.000471571 -0.00258474 0.000459427 0.999988 -0.0048622 0.00258726 0.0048608 0.999985 -0.0127783 0.171219 -0.0223844
FixedParameters: 0 0 0

#Transform 41
Transform: AffineTransform_float_3_3
Parameters: 0.999997 -0.000276688 -0.00233392 0.000275311 1 -0.000295643 0.00233408 0.000294355 0.999997 -0.0181796 -0.0220147 0.0347494
FixedParameters: 0 0 0

#Transform 42
Transform: AffineTransform_float_3_3
Parameters: 0.999996 -0.00010448 -0.00300099 0.000104519 1 -0.000160314 0.00300102 0.000159687 0.999996 -0.0342518 0.00677157 0.0100391
FixedParameters: 0 0 0

#Transform 43
Transform: AffineTransform_float_3_3
Parameters: 0.999997 -0.000395654 -0.00237456 0.000393347 1 -0.00111794 0.00237444 0.00111706 0.999996 -0.0219398 0.0535505 -0.0159413
FixedParameters: 0 0 0

#Transform 44
Transform: AffineTransform_float_3_3
Parameters: 0.999994 0.000727526 -0.00321379 -0.000731473 0.999999 -0.00107966 0.00321321 0.00108234 0.999995 -0.118409 -0.0671435 -0.0681728
FixedParameters: 0 0 0

#Transform 45
Transform: AffineTransform_float_3_3
Parameters: 0.999995 0.000544724 -0.00287781 -0.000549274 0.999998 -0.00148442 0.00287719 0.00148657 0.999995 -0.11437 0.0339871 -0.0416346
FixedParameters: 0 0 0

#Transform 46
Transform: AffineTransform_float_3_3
Parameters: 0.999997 -0.000417969 -0.00218081 0.00041703 1 -0.000444911 0.00218119 0.00044409 0.999998 -0.0191125 0.0418077 0.105888
FixedParameters: 0 0 0

#Transform 47
Transform: AffineTransform_float_3_3
Parameters: 0.999997 -0.000610303 -0.0020682 0.000610698 1 0.000336738 0.00206879 -0.000337263 0.999998 -0.00868144 0.113938 0.146282
FixedParameters: 0 0 0

#Transform 48
Transform: AffineTransform_float_3_3
Parameters: 0.999996 -1.74791e-06 -0.003001 1.25208e-06 1 8.39967e-05 0.003001 -8.40057e-05 0.999996 -0.0519148 0.0803565 0.00619003
FixedParameters: 0 0 0

#Transform 49
Transform: AffineTransform_float_3_3
Parameters: 0.999996 -0.000832236 -0.00265161 0.000830764 1 -0.000467205 0.00265239 0.000464795 0.999997 -0.00494687 0.0745819 0.00227543
FixedParameters: 0 0 0

#Transform 50
Transform: AffineTransform_float_3_3
Parameters: 0.999996 -0.000552025 -0.00271679 0.000550974 1 -0.000378498 0.00271721 0.000376501 0.999996 0.0153227 0.0642578 0.0414409
FixedParameters: 0 0 0

#Transform 51
Transform: AffineTransform_float_3_3
Parameters: 0.999996 -0.000363585 -0.00300057 0.000359415 0.999999 -0.00119508 0.00300143 0.00119391 0.999995 0.00345185 0.0556705 -0.0748502
FixedParameters: 0 0 0

#Transform 52
Transform: AffineTransform_float_3_3
Parameters: 0.999995 -0.000469414 -0.00310409 0.000470588 1 0.00018854 0.00310491 -0.000189458 0.999995 0.0577827 0.0616172 -0.0423915
FixedParameters: 0 0 0

#Transform 53
Transform: AffineTransform_float_3_3
Parameters: 0.999995 -0.000361874 -0.00300077 0.000359125 0.999999 -0.000625081 0.00300122 0.000623917 0.999996 -0.00870375 0.0328131 0.0246672
FixedParameters: 0 0 0

#Transform 54
Transform: AffineTransform_float_3_3
Parameters: 0.999997 -0.000363257 -0.00263155 0.000359744 0.999999 -0.00123795 0.00263145 0.00123705 0.999996 -0.0181337 0.023564 0.0759406
FixedParameters: 0 0 0

#Transform 55
Transform: AffineTransform_float_3_3
Parameters: 0.999997 -0.000568961 -0.00233125 0.00057004 0.999999 0.000445672 0.00233075 -0.000446327 0.999997 -0.0206497 0.128959 0.172787
FixedParameters: 0 0 0

#Transform 56
Transform: AffineTransform_float_3_3
Parameters: 0.999995 -0.000765958 -0.00325077 0.00076504 0.999999 -0.000296488 0.00325123 0.000293511 0.999994 -0.0644488 0.07971 0.0113073
FixedParameters: 0 0 0

#Transform 57
Transform: AffineTransform_float_3_3
Parameters: 0.999992 -0.000362723 -0.00384974 0.000359279 0.999999 -0.000707388 0.00385025 0.000706609 0.999993 -0.0645505 -0.0190043 -0.0603485
FixedParameters: 0 0 0

#Transform 58
Transform: AffineTransform_float_3_3
Parameters: 0.999993 0.00021479 -0.00368013 -0.00021721 1 -0.000600205 0.00367987 0.000600794 0.999993 -0.0477632 0.0284221 0.0243519
FixedParameters: 0 0 0

#Transform 59
Transform: AffineTransform_float_3_3
Parameters: 0.999993 -0.000172496 -0.00367998 0.000171502 1 -0.000135632 0.00367902 0.000134366 0.999993 -0.0860137 0.107003 0.0440527
FixedParameters: 0 0 0

#Transform 60
Transform: AffineTransform_float_3_3
Parameters: 0.999994 -0.000361417 -0.00345285 0.000359582 1 -0.000411244 0.00345315 0.000409754 0.999994 -0.015017 0.0271461 0.0374456
FixedParameters: 0 0 0

#Transform 61
Transform: AffineTransform_float_3_3
Parameters: 0.999994 -0.000359469 -0.00343106 0.000359533 1 0.000154767 0.00343094 -0.000155234 0.999994 -0.0169855 -0.0228806 0.0707197
FixedParameters: 0 0 0

#Transform 62
Transform: AffineTransform_float_3_3
Parameters: 0.999995 -0.000361391 -0.00315084 0.000359609 1 -0.000442135 0.00315116 0.000440863 0.999995 -0.00837116 0.0786615 0.0255677
FixedParameters: 0 0 0

#Transform 63
Transform: AffineTransform_float_3_3
Parameters: 0.999994 -0.000362977 -0.00324867 0.000360022 0.999999 -0.000917174 0.00324933 0.000915825 0.999995 -0.00106933 0.00100725 0.0568746
FixedParameters: 0 0 0

#Transform 64
Transform: AffineTransform_float_3_3
Parameters: 0.999996 -0.000232161 -0.00302384 0.00022984 0.999999 -0.000714698 0.00302417 0.000714301 0.999995 0.0078361 0.0916511 0.021617
FixedParameters: 0 0 0

#Transform 65
Transform: AffineTransform_float_3_3
Parameters: 0.999996 -0.000867121 -0.00250292 0.000863877 0.999999 -0.00124817 0.00250408 0.00124583 0.999996 0.0231658 0.0870197 -0.042265
FixedParameters: 0 0 0

#Transform 66
Transform: AffineTransform_float_3_3
Parameters: 0.999995 -0.00023383 -0.00308664 0.000229172 0.999998 -0.00156471 0.00308636 0.00156429 0.999994 0.00562381 0.0642334 -0.0139954
FixedParameters: 0 0 0

#Transform 67
Transform: AffineTransform_float_3_3
Parameters: 0.999996 0.000465496 -0.00274126 -0.000466503 0.999999 -0.000547723 0.00274075 0.000549278 0.999996 -0.0104293 0.0555189 0.0499086
FixedParameters: 0 0 0

#Transform 68
Transform: AffineTransform_float_3_3
Parameters: 0.999996 -0.000332963 -0.00274101 0.000332037 1 1.30899e-05 0.002741 -1.39127e-05 0.999996 -0.00328368 0.037876 0.0412998
FixedParameters: 0 0 0

#Transform 69
Transform: AffineTransform_float_3_3
Parameters: 0.999996 9.63514e-05 -0.00274092 -9.46478e-05 0.999999 0.000858262 0.00274108 -0.000857739 0.999996 -0.0833766 0.111403 0.146648
FixedParameters: 0 0 0

#Transform 70
Transform: AffineTransform_float_3_3
Parameters: 0.999995 -2.83665e-05 -0.00338701 2.86332e-05 1 0.000186904 0.003387 -0.000187097 0.999994 -0.0403159 0.0589001 0.0112894
FixedParameters: 0 0 0

#Transform 71
Transform: AffineTransform_float_3_3
Parameters: 0.999995 -2.90905e-05 -0.003356 2.89092e-05 1 -2.70972e-05 0.003356 2.69025e-05 0.999995 -0.0491816 0.0453869 0.0570268
FixedParameters: 0 0 0

#Transform 72
Transform: AffineTransform_float_3_3
Parameters: 0.999995 -2.75879e-05 -0.00323101 2.84118e-05 1 0.00043691 0.00323099 -0.000437091 0.999994 -0.0317731 0.0925783 0.0229109
FixedParameters: 0 0 0

#Transform 73
Transform: AffineTransform_float_3_3
Parameters: 0.999994 -2.95484e-05 -0.003472 2.84512e-05 1 -0.0001581 0.003472 0.000157898 0.999994 -0.0345314 0.0536277 0.0350309
FixedParameters: 0 0 0

#Transform 74
Transform: AffineTransform_float_3_3
Parameters: 0.999994 -2.95103e-05 -0.00327199 2.84927e-05 1 -0.000155094 0.003272 0.000155904 0.999994 -0.0321282 0.104406 0.0275712
FixedParameters: 0 0 0

#Transform 75
Transform: AffineTransform_float_3_3
Parameters: 0.999995 -0.000244511 -0.00311188 0.000243489 1 -0.00048576 0.00311212 0.000485241 0.999995 -0.0203212 0.0171704 0.0012988
FixedParameters: 0 0 0

#Transform 76
Transform: AffineTransform_float_3_3
Parameters: 0.999994 -3.19022e-05 -0.00344697 2.80974e-05 0.999999 -0.000842101 0.00344702 0.000841894 0.999993 -0.0249289 0.019326 0.037734
FixedParameters: 0 0 0

#Transform 77
Transform: AffineTransform_float_3_3
Parameters: 0.999995 0.000149735 -0.00321606 -0.000150263 1 -0.000392519 0.00321594 0.000393483 0.999995 -0.00409169 0.0454469 0.0469175
FixedParameters: 0 0 0

#Transform 78
Transform: AffineTransform_float_3_3
Parameters: 0.999995 3.13108e-05 -0.00323501 -3.26921e-05 1 -0.000213895 0.00323499 0.000213102 0.999994 -0.0224673 0.075426 0.0396623
FixedParameters: 0 0 0

#Transform 79
Transform: AffineTransform_float_3_3
Parameters: 0.999994 0.000106085 -0.00349097 -0.000104917 1 0.000310368 0.00349103 -0.000310631 0.999994 -0.0278661 0.0241744 0.0220939
FixedParameters: 0 0 0

#Transform 80
Transform: AffineTransform_float_3_3
Parameters: 0.999993 -9.66218e-05 -0.00393201 9.73767e-05 1 9.56179e-05 0.00393199 -9.63807e-05 0.999993 -0.0245314 0.0221601 0.0252741
FixedParameters: 0 0 0

#Transform 81
Transform: AffineTransform_float_3_3
Parameters: 0.999994 -0.000342253 -0.00349097 0.000341746 1 -7.31935e-05 0.00349102 7.18056e-05 0.999994 -0.0123536 0.0254581 0.0239874
FixedParameters: 0 0 0

#Transform 82
Transform: AffineTransform_float_3_3
Parameters: 0.999994 -0.000341488 -0.00349105 0.000342511 1 0.000145805 0.00349095 -0.000147193 0.999994 0.0102029 0.0470429 0.0220541
FixedParameters: 0 0 0

#Transform 83
Transform: AffineTransform_float_3_3
Parameters: 0.999994 -0.000341237 -0.00342608 0.000341762 1 0.00022183 0.00342592 -0.00022317 0.999994 -0.00739203 0.0190353 0.0745843
FixedParameters: 0 0 0

#Transform 84
Transform: AffineTransform_float_3_3
Parameters: 0.999994 7.45016e-05 -0.00341499 -7.34976e-05 1 0.000147252 0.00341501 -0.000146746 0.999994 -0.0195677 0.0459162 0.0499124
FixedParameters: 0 0 0

#Transform 85
Transform: AffineTransform_float_3_3
Parameters: 0.999993 -0.000609581 -0.00349038 0.000605419 1 -0.00102712 0.00349062 0.00102488 0.999994 0.00216866 0.051977 0.0512347
FixedParameters: 0 0 0

#Transform 86
Transform: AffineTransform_float_3_3
Parameters: 0.999991 -0.000468766 -0.00425569 0.000466233 0.999999 -0.00065099 0.0042563 0.00064901 0.99999 -0.0103604 0.0253783 0.0319262
FixedParameters: 0 0 0

#Transform 87
Transform: AffineTransform_float_3_3
Parameters: 0.999992 0.00050643 -0.00398295 -0.00050657 1 0.000109019 0.00398305 -0.000106984 0.999992 -0.0492723 0.0684588 0.0800896
FixedParameters: 0 0 0

#Transform 88
Transform: AffineTransform_float_3_3
Parameters: 0.999993 -0.000297902 -0.00369477 0.000295097 0.999999 -0.000786095 0.00369523 0.000784904 0.999993 -0.0206635 0.0742125 0.0316061
FixedParameters: 0 0 0

#Transform 89
Transform: AffineTransform_float_3_3
Parameters: 0.999994 -0.000109659 -0.00349098 0.00010934 1 -0.000189383 0.00349102 0.000188618 0.999994 -0.0252376 0.0807791 0.0326901
FixedParameters: 0 0 0

#Transform 90
Transform: AffineTransform_float_3_3
Parameters: 0.999994 0.000271077 -0.00349092 -0.000269923 1 0.000308944 0.00349108 -0.000308055 0.999994 -0.0501855 0.0533746 0.0331995
FixedParameters: 0 0 0

#Transform 91
Transform: AffineTransform_float_3_3
Parameters: 0.999994 0.000270791 -0.00349094 -0.000270209 1 0.000226945 0.00349106 -0.000226056 0.999994 -0.0533929 0.0505774 0.0817958
FixedParameters: 0 0 0

#Transform 92
Transform: AffineTransform_float_3_3
Parameters: 0.999994 0.00015295 -0.00349091 -0.000151051 1 0.00055853 0.00349108 -0.000558469 0.999994 -0.053221 0.0173781 0.131974
FixedParameters: 0 0 0

#Transform 93
Transform: AffineTransform_float_3_3
Parameters: 0.999994 0.000284517 -0.00349088 -0.000283483 1 0.000434992 0.00349112 -0.000434009 0.999994 -0.0620948 0.0588644 0.11471
FixedParameters: 0 0 0

#Transform 94
Transform: AffineTransform_float_3_3
Parameters: 0.999992 0.00015991 -0.004045 -0.000160088 1 -2.13526e-05 0.00404499 2.2647e-05 0.999992 -0.0558728 0.0670616 0.0430908
FixedParameters: 0 0 0

#Transform 95
Transform: AffineTransform_float_3_3
Parameters: 0.999994 0.000220337 -0.00349098 -0.000219663 1 9.67674e-05 0.00349102 -9.62314e-05 0.999994 -0.0488917 0.0628666 0.0778564
FixedParameters: 0 0 0

#Transform 96
Transform: AffineTransform_float_3_3
Parameters: 0.999994 0.000575988 -0.00347118 -0.000571011 0.999999 0.00143799 0.00347182 -0.00143601 0.999993 -0.0819577 0.131998 0.196487
FixedParameters: 0 0 0

#Transform 97
Transform: AffineTransform_float_3_3
Parameters: 0.999993 -7.01944e-05 -0.00390802 7.18045e-05 1 0.000205721 0.00390799 -0.000206276 0.999993 -0.04519 0.0460945 0.109869
FixedParameters: 0 0 0

#Transform 98
Transform: AffineTransform_float_3_3
Parameters: 0.999993 -6.45956e-05 -0.00387398 6.34073e-05 1 -0.000411249 0.00387403 0.000411753 0.999993 0.0150816 0.0671001 0.0202027
FixedParameters: 0 0 0

#Transform 99
Transform: AffineTransform_float_3_3
Parameters: 0.999994 0.000342293 -0.00349087 -0.000341706 1 0.000371195 0.00349113 -0.000369807 0.999994 -0.0414977 0.0884632 -0.0705746
FixedParameters: 0 0 0

#Transform 100
Transform: AffineTransform_float_3_3
Parameters: 0.999993 0.000398117 -0.00387099 -0.000397885 1 3.05405e-05 0.00387102 -2.94591e-05 0.999993 -0.0605785 0.0671703 -0.086581
FixedParameters: 0 0 0

#Transform 101
Transform: AffineTransform_float_3_3
Parameters: 0.999994 0.0001597 -0.00349106 -0.000161301 1 -0.000372439 0.00349094 0.00037256 0.999994 -0.0393729 0.0371072 0.00413899
FixedParameters: 0 0 0

#Transform 102
Transform: AffineTransform_float_3_3
Parameters: 0.999993 0.000118256 -0.00374096 -0.000116742 1 0.000336439 0.00374104 -0.00033556 0.999993 -0.0426954 0.0306872 0.0529729
FixedParameters: 0 0 0

#Transform 103
Transform: AffineTransform_float_3_3
Parameters: 0.999995 0.000508553 -0.00333416 -0.000502449 0.999999 0.00166569 0.00333484 -0.00166431 0.999993 -0.0543881 0.0551194 0.180837
FixedParameters: 0 0 0

#Transform 104
Transform: AffineTransform_float_3_3
Parameters: 0.999992 0.000119091 -0.00386694 -0.000116911 1 0.000540456 0.00386706 -0.000540544 0.999993 -0.036046 0.0843422 0.0776259
FixedParameters: 0 0 0

#Transform 105
Transform: AffineTransform_float_3_3
Parameters: 0.999992 0.000120606 -0.00395489 -0.000117392 1 0.000912472 0.00395511 -0.00091153 0.999992 -0.0433256 0.105115 0.0876815
FixedParameters: 0 0 0

#Transform 106
Transform: AffineTransform_float_3_3
Parameters: 0.999991 0.000119668 -0.00411292 -0.00011733 1 0.000649488 0.00411208 -0.000648513 0.999992 -0.0415068 0.0662713 0.113347
FixedParameters: 0 0 0

#Transform 107
Transform: AffineTransform_float_3_3
Parameters: 0.999992 0.000428804 -0.0039367 -0.000425193 0.999999 0.000713679 0.0039373 -0.000711317 0.999992 -0.0514005 0.0663407 0.123805
FixedParameters: 0 0 0

#Transform 108
Transform: AffineTransform_float_3_3
Parameters: 0.999993 0.000657274 -0.00349132 -0.000659727 0.999999 -0.0004937 0.00349067 0.000495297 0.999994 -0.0467955 0.00062184 0.0438662
FixedParameters: 0 0 0

#Transform 109
Transform: AffineTransform_float_3_3
Parameters: 0.999994 0.000462305 -0.00343436 -0.000464696 0.999999 -0.000784408 0.00343364 0.000785592 0.999994 -0.013221 0.0274863 -0.00230266
FixedParameters: 0 0 0

#Transform 110
Transform: AffineTransform_float_3_3
Parameters: 0.999994 -0.000165732 -0.00349106 0.00016727 1 0.000363418 0.00349094 -0.000363581 0.999994 -0.0242603 0.0803796 0.0675079
FixedParameters: 0 0 0

#Transform 111
Transform: AffineTransform_float_3_3
Parameters: 0.999996 0.000842084 -0.00279017 -0.000835915 0.999998 0.00218134 0.00279183 -0.00217866 0.999993 -0.0677787 0.129505 0.324365
FixedParameters: 0 0 0

#Transform 112
Transform: AffineTransform_float_3_3
Parameters: 0.999995 0.000258377 -0.00322749 -0.000251623 0.999998 0.00197582 0.0032285 -0.00197518 0.999993 -0.0401474 0.258604 0.209132
FixedParameters: 0 0 0

#Transform 113
Transform: AffineTransform_float_3_3
Parameters: 0.999994 0.000139485 -0.0034909 -0.000137517 0.999999 0.000711484 0.0034911 -0.000711517 0.999993 -0.045961 0.108603 0.0228519
FixedParameters: 0 0 0

#Transform 114
Transform: AffineTransform_float_3_3
Parameters: 0.999994 -0.000151607 -0.00349119 0.000156391 0.999999 0.00125746 0.00349081 -0.00125854 0.999993 -0.0484402 -0.029603 0.0612915
FixedParameters: 0 0 0

#Transform 115
Transform: AffineTransform_float_3_3
Parameters: 0.999992 -6.71583e-05 -0.00387605 6.98444e-05 0.999999 0.000733735 0.00387595 -0.000733266 0.999992 -0.0575935 0.0174457 0.105859
FixedParameters: 0 0 0

#Transform 116
Transform: AffineTransform_float_3_3
Parameters: 0.999994 6.91275e-05 -0.00349094 -6.58716e-05 0.999999 0.000896235 0.00349106 -0.000895763 0.999993 -0.0733068 0.0646578 0.0957041
FixedParameters: 0 0 0

#Transform 117
Transform: AffineTransform_float_3_3
Parameters: 0.999994 0.00112709 -0.00328231 -0.0011279 1 -0.000273299 0.00328169 0.0002777 0.999994 -0.12142 0.0677106 0.0184649
FixedParameters: 0 0 0

#Transform 118
Transform: AffineTransform_float_3_3
Parameters: 0.999995 0.00074631 -0.00313669 -0.000744688 0.999999 0.000419338 0.00313731 -0.000416661 0.999995 -0.0917459 0.057766 0.00709566
FixedParameters: 0 0 0

#Transform 119
Transform: AffineTransform_float_3_3
Parameters: 0.999996 -0.00077022 -0.00298376 0.000776783 0.999997 0.00227269 0.00298224 -0.00227431 0.999993 -0.00156201 0.153888 0.239342
FixedParameters: 0 0 0
