#Insight Transform File V1.0
#Transform 0
Transform: AffineTransform_float_3_3
Parameters: 1 0.000419347 -0.00109064 -0.000421652 0.999999 -0.00151554 0.00108936 0.00151646 0.999999 -0.058033 0.177399 -0.0701585
FixedParameters: 0 0 0

#Transform 1
Transform: AffineTransform_float_3_3
Parameters: 0.999999 0.00026079 -0.000799068 -0.000260209 1 -0.000261792 0.000798931 0.000262208 0.999999 -0.0463706 0.0752967 -0.0701748
FixedParameters: 0 0 0

#Transform 2
Transform: AffineTransform_float_3_3
Parameters: 1 0.000252599 -0.000660153 -0.0002534 1 -0.000606832 0.000659846 0.000607166 0.999999 -0.0339645 0.123591 -0.0874279
FixedParameters: 0 0 0

#Transform 3
Transform: AffineTransform_float_3_3
Parameters: 1 0.000186302 -0.000603216 -0.000186698 1 -0.00115789 0.000602784 0.00115811 0.999999 -0.0235163 0.324125 -0.143275
FixedParameters: 0 0 0

#Transform 4
Transform: AffineTransform_float_3_3
Parameters: 1 0.000110527 -0.000468112 -0.000110473 1 -0.00100995 0.000467889 0.00101005 1 -0.0124783 0.184611 -0.125961
FixedParameters: 0 0 0

#Transform 5
Transform: AffineTransform_float_3_3
Parameters: 0.999999 0.000399996 -0.000719002 -0.000400003 1 -4.7124e-06 0.000718998 5.2876e-06 0.999999 -0.0361569 0.00408998 0.0168099
FixedParameters: 0 0 0

#Transform 6
Transform: AffineTransform_float_3_3
Parameters: 1 0.000138642 -0.000444112 -0.000139358 0.999999 -0.000805938 0.000443888 0.000806061 0.999999 -0.0191665 0.298395 -0.0498386
FixedParameters: 0 0 0

#Transform 7
Transform: AffineTransform_float_3_3
Parameters: 1 2.74808e-05 -0.000701061 -2.95211e-05 0.999997 -0.00216698 0.000701938 0.00216702 0.999998 -0.016644 0.450937 -0.179267
FixedParameters: 0 0 0

#Transform 8
Transform: AffineTransform_float_3_3
Parameters: 1 2.18321e-05 -0.000342011 -2.21679e-05 1 -0.000490992 0.000341989 0.000491007 1 -0.0119453 0.0110005 -0.0269991
FixedParameters: 0 0 0

#Transform 9
Transform: AffineTransform_float_3_3
Parameters: 1 -4.0111e-06 -0.000444 3.9889e-06 1 -2.50018e-05 0.000444 2.49982e-05 1 -0.0119151 0.057604 -0.0147041
FixedParameters: 0 0 0

#Transform 10
Transform: AffineTransform_float_3_3
Parameters: 1 -1.5146e-06 -0.000443999 1.4854e-06 1 -0.001159 0.000444002 0.001159 0.999999 -0.0120133 0.418604 -0.115042
FixedParameters: 0 0 0

#Transform 11
Transform: AffineTransform_float_3_3
Parameters: 1 0.000399922 -8.23807e-05 -0.000400078 1 -0.000951967 8.16191e-05 0.000952033 0.999999 -0.00269284 0.0992337 -0.0293288
FixedParameters: 0 0 0

#Transform 12
Transform: AffineTransform_float_3_3
Parameters: 1 -4.41577e-05 -0.000224969 4.38423e-05 1 -0.00070101 0.000225031 0.00070099 0.999999 -0.000428268 0.165172 -0.0221978
FixedParameters: 0 0 0

#Transform 13
Transform: AffineTransform_float_3_3
Parameters: 1 -4.09123e-05 -0.000443917 4.00875e-05 0.999998 -0.00205502 0.000444083 0.00205498 0.999998 -0.00132515 0.390978 -0.140624
FixedParameters: 0 0 0

#Transform 14
Transform: AffineTransform_float_3_3
Parameters: 1 -3.90417e-05 -0.000124987 3.89582e-05 1 -0.000334005 0.000125013 0.000333995 1 0.0191087 -0.0872336 0.0393065
FixedParameters: 0 0 0

#Transform 15
Transform: AffineTransform_float_3_3
Parameters: 1 -1.32961e-05 -0.000443991 1.27038e-05 1 -0.000667005 0.000444008 0.000666994 0.999999 -0.0166994 0.224471 0.00389669
FixedParameters: 0 0 0

#Transform 16
Transform: AffineTransform_float_3_3
Parameters: 1 0.000399012 -0.000444888 -0.000399988 0.999998 -0.00222282 0.000444112 0.00222318 0.999998 -0.0162894 0.390573 -0.15634
FixedParameters: 0 0 0

#Transform 17
Transform: AffineTransform_float_3_3
Parameters: 0.999999 3.11391e-05 -0.000776994 -3.08609e-05 1 0.000179024 0.000777005 -0.000178976 0.999999 -0.0060548 0.074788 0.00457995
FixedParameters: 0 0 0

#Transform 18
Transform: AffineTransform_float_3_3
Parameters: 1 -4.42624e-06 -0.000443996 3.57376e-06 0.999999 -0.000960002 0.000444004 0.000959998 1 0.00424624 0.307999 -0.0402896
FixedParameters: 0 0 0

#Transform 19
Transform: AffineTransform_float_3_3
Parameters: 1 7.37286e-05 -0.000241083 -7.32713e-05 1 -0.00112598 0.000240918 0.00112602 1 0.00282188 0.21356 -0.0914667
FixedParameters: 0 0 0

#Transform 20
Transform: AffineTransform_float_3_3
Parameters: 1 -0.000143823 -0.000350073 0.000144177 1 0.000504949 0.000349927 -0.00050505 1 0.0125473 0.000844461 0.0221484
FixedParameters: 0 0 0

#Transform 21
Transform: AffineTransform_float_3_3
Parameters: 1 -4.95517e-06 -0.000458991 4.04481e-06 0.999998 -0.002081 0.000459009 0.002081 0.999997 0.0166214 0.447234 -0.196618
FixedParameters: 0 0 0

#Transform 22
Transform: AffineTransform_float_3_3
Parameters: 1 -4.01377e-06 -1.19954e-05 3.98622e-06 1 -0.001148 1.20046e-05 0.001148 1 0.0231295 0.154875 -0.0622897
FixedParameters: 0 0 0

#Transform 23
Transform: AffineTransform_float_3_3
Parameters: 1 0.000521001 -1.19437e-05 -0.000520999 1 0.000108006 1.20563e-05 -0.000107994 1 -0.00368963 -0.00809736 -0.0427563
FixedParameters: 0 0 0

#Transform 24
Transform: AffineTransform_float_3_3
Parameters: 1 -0.000260021 -1.1538e-05 0.000259978 0.999999 -0.001777 1.2462e-05 0.001777 0.999999 -0.010296 0.389938 -0.168363
FixedParameters: 0 0 0

#Transform 25
Transform: AffineTransform_float_3_3
Parameters: 1 0.000542984 -1.27075e-05 -0.000543016 0.999999 -0.00130299 1.22925e-05 0.00130301 0.999999 -0.0373745 0.166918 -0.147352
FixedParameters: 0 0 0

#Transform 26
Transform: AffineTransform_float_3_3
Parameters: 1 0.000519992 -1.23188e-05 -0.000520008 0.999999 -0.000612993 1.26812e-05 0.000613006 1 -0.0333733 -0.0169265 -0.0170864
FixedParameters: 0 0 0

#Transform 27
Transform: AffineTransform_float_3_3
Parameters: 1 0.000245979 -1.24337e-05 -0.000246023 0.999999 -0.001763 1.25663e-05 0.001763 0.999999 -0.0207476 0.34746 -0.119618
FixedParameters: 0 0 0

#Transform 28
Transform: AffineTransform_float_3_3
Parameters: 1 0.000519984 -1.26567e-05 -0.000520016 0.999999 -0.00126299 1.23432e-05 0.00126301 0.999999 -0.0251187 0.140675 -0.0740159
FixedParameters: 0 0 0

#Transform 29
Transform: AffineTransform_float_3_3
Parameters: 1 0.00032306 0.000441956 -0.00032294 1 -0.000135143 -0.000442043 0.000134857 1 -0.00947188 -0.0928823 0.00732042
FixedParameters: 0 0 0

#Transform 30
Transform: AffineTransform_float_3_3
Parameters: 1 0.000186906 -6.02918e-05 -0.000187093 0.999999 -0.00156099 5.9708e-05 0.00156101 0.999999 -0.0259007 0.434195 -0.122378
FixedParameters: 0 0 0

#Transform 31
Transform: AffineTransform_float_3_3
Parameters: 1 0.000521065 0.000435729 -0.000520934 0.999997 -0.00244123 -0.000437273 0.00244077 0.999997 -0.00177422 0.40063 -0.204778
FixedParameters: 0 0 0

#Transform 32
Transform: AffineTransform_float_3_3
Parameters: 1 0.000364224 0.000307734 -0.000363775 0.999999 -0.000729112 -0.000308265 0.000728887 0.999999 -0.000135685 -0.125929 -0.0439493
FixedParameters: 0 0 0

#Transform 33
Transform: AffineTransform_float_3_3
Parameters: 1 0.000519936 -6.05501e-05 -0.000520063 1 -0.00105797 5.94498e-05 0.00105803 1 -0.0370875 0.208935 -0.131212
FixedParameters: 0 0 0

#Transform 34
Transform: AffineTransform_float_3_3
Parameters: 1 0.000114132 6.27614e-05 -0.000113868 0.999998 -0.00209201 -6.32383e-05 0.00209199 0.999998 -0.00101491 0.461274 -0.221959
FixedParameters: 0 0 0

#Transform 35
Transform: AffineTransform_float_3_3
Parameters: 1 0.000260468 0.000348651 -0.000260531 0.999999 -0.00134209 -0.00034935 0.00134191 0.999999 -0.0187971 0.0547324 -0.0953747
FixedParameters: 0 0 0

#Transform 36
Transform: AffineTransform_float_3_3
Parameters: 1 0.000212116 0.000439944 -0.000211884 1 -0.000263093 -0.000440056 0.000262907 1 -0.043977 0.0136551 0.012451
FixedParameters: 0 0 0

#Transform 37
Transform: AffineTransform_float_3_3
Parameters: 1 -3.36436e-05 0.000219055 3.43563e-05 0.999998 -0.00162699 -0.000218944 0.00162701 0.999998 0.00106378 0.419234 -0.17492
FixedParameters: 0 0 0

#Transform 38
Transform: AffineTransform_float_3_3
Parameters: 1 -3.33871e-05 0.000439047 3.46132e-05 0.999999 -0.00139698 -0.000438952 0.00139601 0.999999 -0.0240212 0.199436 -0.152968
FixedParameters: 0 0 0

#Transform 39
Transform: AffineTransform_float_3_3
Parameters: 1 -3.39102e-05 0.000607005 3.40898e-05 1 -0.000147979 -0.000606995 0.000148021 1 0.0312836 0.0260639 -0.0342488
FixedParameters: 0 0 0

#Transform 40
Transform: AffineTransform_float_3_3
Parameters: 0.999999 0.000495023 0.000681257 -0.000493975 0.999998 -0.00150234 -0.000682742 0.00150166 0.999998 -0.0256631 0.428308 -0.128223
FixedParameters: 0 0 0

#Transform 41
Transform: AffineTransform_float_3_3
Parameters: 0.999999 2.21765e-06 0.000882997 -7.8234e-07 0.999999 -0.001379 -0.000883001 0.001379 0.999998 -0.00684535 0.0613971 -0.0486438
FixedParameters: 0 0 0

#Transform 42
Transform: AffineTransform_float_3_3
Parameters: 0.999999 6.22224e-05 0.000753981 -6.17775e-05 1 -0.000295047 -0.000754018 0.000294953 0.999999 -0.00306276 0.026254 -0.00356601
FixedParameters: 0 0 0

#Transform 43
Transform: AffineTransform_float_3_3
Parameters: 1 -7.28565e-06 0.000428013 7.71432e-06 0.999998 -0.001669 -0.000427987 0.001669 0.999998 -0.0193911 0.446712 -0.0405942
FixedParameters: 0 0 0

#Transform 44
Transform: AffineTransform_float_3_3
Parameters: 0.999999 8.54678e-05 0.000761947 -8.5532e-05 1 -0.000614065 -0.000762052 0.000613935 0.999999 0.00430004 0.160574 -0.065171
FixedParameters: 0 0 0

#Transform 45
Transform: AffineTransform_float_3_3
Parameters: 0.999999 8.66986e-05 0.000761921 -8.53011e-05 0.999999 -0.000917065 -0.000762079 0.000916934 1 -0.00059889 0.119962 -0.0644133
FixedParameters: 0 0 0

#Transform 46
Transform: AffineTransform_float_3_3
Parameters: 1 5.56517e-05 0.000505929 -5.53482e-05 0.999999 -0.00128803 -0.000506072 0.00128797 0.999999 0.00975416 0.355908 -0.139388
FixedParameters: 0 0 0

#Transform 47
Transform: AffineTransform_float_3_3
Parameters: 0.999999 -7.422e-05 0.000924063 7.47797e-05 0.999999 -0.000843931 -0.000923937 0.000844069 0.999999 0.0276362 -0.00073486 -0.0266105
FixedParameters: 0 0 0

#Transform 48
Transform: AffineTransform_float_3_3
Parameters: 1 0.000569374 0.000859753 -0.000568627 0.999999 -0.000434489 -0.000860247 0.00043451 0.999999 0.000118011 0.083091 0.0123999
FixedParameters: 0 0 0

#Transform 49
Transform: AffineTransform_float_3_3
Parameters: 1 1.47696e-05 0.000415973 -1.42304e-05 0.999999 -0.00185001 -0.000416027 0.00184999 0.999998 -0.0293095 0.489277 -0.141496
FixedParameters: 0 0 0

#Transform 50
Transform: AffineTransform_float_3_3
Parameters: 0.999999 0.000190617 0.000713836 -0.000190383 0.999999 -0.000864136 -0.000714165 0.000863864 1 -0.0158295 0.108323 -0.102132
FixedParameters: 0 0 0

#Transform 51
Transform: AffineTransform_float_3_3
Parameters: 0.999999 0.000497223 0.000836866 -0.000496776 1 -0.000267416 -0.000837132 0.000266584 0.999999 -0.030036 0.0151521 -0.076364
FixedParameters: 0 0 0

#Transform 52
Transform: AffineTransform_float_3_3
Parameters: 0.999999 0.000527385 0.000781066 -0.000525615 0.999999 -0.00177241 -0.000781932 0.00177159 0.999998 -0.0161971 0.336603 -0.169078
FixedParameters: 0 0 0

#Transform 53
Transform: AffineTransform_float_3_3
Parameters: 1 0.000474507 0.000969753 -0.000474492 1 -0.000523461 -0.000970249 0.00052254 1 -0.0270114 0.137372 -0.0678103
FixedParameters: 0 0 0

#Transform 54
Transform: AffineTransform_float_3_3
Parameters: 1 0.000303988 0.000958688 -0.000303012 1 -0.00103029 -0.000959313 0.00102971 0.999999 -0.018446 0.198329 -0.0604071
FixedParameters: 0 0 0

#Transform 55
Transform: AffineTransform_float_3_3
Parameters: 0.999999 0.000310207 0.000781522 -0.000308794 0.999999 -0.00154324 -0.000781477 0.00154376 0.999998 -0.0133682 0.358992 -0.193299
FixedParameters: 0 0 0

#Transform 56
Transform: AffineTransform_float_3_3
Parameters: 0.999999 0.000430846 0.00138374 -0.000430152 0.999999 -0.000612596 -0.00138426 0.000611404 0.999999 -0.000527057 0.0268569 -0.0228567
FixedParameters: 0 0 0

#Transform 57
Transform: AffineTransform_float_3_3
Parameters: 1 0.000431414 0.00105842 -0.000430585 0.999999 -0.00133646 -0.00105958 0.00133554 0.999998 0.00194101 0.162079 -0.0970268
FixedParameters: 0 0 0

#Transform 58
Transform: AffineTransform_float_3_3
Parameters: 0.999999 0.000215658 0.00102265 -0.000214341 0.999998 -0.00162122 -0.00102335 0.00162078 0.999998 0.0104806 0.278458 -0.119012
FixedParameters: 0 0 0

#Transform 59
Transform: AffineTransform_float_3_3
Parameters: 1 0.000431321 0.00104846 -0.000429679 0.999999 -0.00126045 -0.00104854 0.00125955 0.999998 -0.0291344 0.106436 -0.0906467
FixedParameters: 0 0 0

#Transform 60
Transform: AffineTransform_float_3_3
Parameters: 0.999999 0.00023346 0.00128073 -0.000231539 1 -0.0011403 -0.00128126 0.0011397 0.999998 -0.0148714 0.127238 -0.0688171
FixedParameters: 0 0 0

#Transform 61
Transform: AffineTransform_float_3_3
Parameters: 0.999999 0.000218261 0.00140296 -0.00021774 1 -0.000185306 -0.00140204 0.000185694 0.999999 -0.0130428 0.123326 -0.00916629
FixedParameters: 0 0 0

#Transform 62
Transform: AffineTransform_float_3_3
Parameters: 1 0.000431341 0.000993419 -0.000429659 0.999999 -0.00135043 -0.000993581 0.00134957 0.999998 -0.0414981 0.376441 -0.11143
FixedParameters: 0 0 0

#Transform 63
Transform: AffineTransform_float_3_3
Parameters: 0.999999 0.000431773 0.000864115 -0.000430227 0.999998 -0.00205137 -0.000864883 0.00205063 0.999997 -0.0451437 0.305253 -0.157677
FixedParameters: 0 0 0

#Transform 64
Transform: AffineTransform_float_3_3
Parameters: 0.999999 0.000431329 0.000781267 -0.000429671 0.999999 -0.00170134 -0.000781732 0.00170066 0.999998 -0.0665531 0.0259668 -0.147716
FixedParameters: 0 0 0

#Transform 65
Transform: AffineTransform_float_3_3
Parameters: 1 0.000431845 0.00107826 -0.000430156 0.999999 -0.00171047 -0.00107874 0.00170954 0.999998 -0.0309782 -0.040514 -0.214071
FixedParameters: 0 0 0

#Transform 66
Transform: AffineTransform_float_3_3
Parameters: 0.999998 5.83842e-06 0.001584 -5.16156e-06 1 0.000101992 -0.001584 -0.000102009 0.999998 -0.0199051 0.089413 -0.0858177
FixedParameters: 0 0 0

#Transform 67
Transform: AffineTransform_float_3_3
Parameters: 0.999999 0.000148509 0.00174687 -0.00014649 0.999999 -0.000864257 -0.00174713 0.000863742 0.999998 -0.0078162 0.48818 -0.057879
FixedParameters: 0 0 0

#Transform 68
Transform: AffineTransform_float_3_3
Parameters: 0.999998 -5.81645e-05 0.00193406 6.08371e-05 0.999999 -0.000949883 -0.00193394 0.000949114 0.999997 0.00494004 0.279231 -0.0399531
FixedParameters: 0 0 0

#Transform 69
Transform: AffineTransform_float_3_3
Parameters: 0.999999 0.000430761 0.00147978 -0.000430239 1 -0.000514637 -0.00148022 0.000514363 0.999999 -0.00735984 0.0918787 -0.083778
FixedParameters: 0 0 0

#Transform 70
Transform: AffineTransform_float_3_3
Parameters: 0.999998 0.000723498 0.00147878 -0.000720502 0.999999 -0.00168907 -0.00148022 0.00168793 0.999998 -0.0222049 0.293442 -0.162751
FixedParameters: 0 0 0

#Transform 71
Transform: AffineTransform_float_3_3
Parameters: 0.999998 0.000530912 0.00192647 -0.000529087 1 -0.000993021 -0.00192753 0.000991979 0.999997 0.00176188 0.0097514 -0.114032
FixedParameters: 0 0 0

#Transform 72
Transform: AffineTransform_float_3_3
Parameters: 0.999998 0.000864099 0.00192651 -0.0008629 1 -0.000571664 -0.00192749 0.000569336 0.999998 -0.0200398 0.147646 -0.0538009
FixedParameters: 0 0 0

#Transform 73
Transform: AffineTransform_float_3_3
Parameters: 0.999999 0.000579118 0.0017373 -0.000576882 0.999999 -0.001219 -0.0017387 0.00121799 0.999997 -0.0069547 0.323802 -0.118203
FixedParameters: 0 0 0

#Transform 74
Transform: AffineTransform_float_3_3
Parameters: 0.999998 0.000431372 0.00192547 -0.000428626 0.999999 -0.00123283 -0.00192653 0.00123117 0.999998 -0.0112442 0.0944833 -0.131901
FixedParameters: 0 0 0

#Transform 75
Transform: AffineTransform_float_3_3
Parameters: 0.999997 0.000865063 0.00229622 -0.000862938 0.999999 -0.000898984 -0.00229678 0.000897016 0.999997 -0.0374519 0.203581 -0.0635467
FixedParameters: 0 0 0

#Transform 76
Transform: AffineTransform_float_3_3
Parameters: 0.999997 0.000543857 0.0023311 -0.000540142 0.999998 -0.00165526 -0.0023319 0.00165374 0.999996 0.00152293 0.191733 -0.121369
FixedParameters: 0 0 0

#Transform 77
Transform: AffineTransform_float_3_3
Parameters: 0.999997 0.000605325 0.00240767 -0.000603674 0.999999 -0.000551455 -0.00240833 0.000549544 0.999997 0.0222991 -0.0499247 -0.13543
FixedParameters: 0 0 0

#Transform 78
Transform: AffineTransform_float_3_3
Parameters: 0.999996 0.000429388 0.0025851 -0.000429611 1 0.00023589 -0.0025849 -0.000237111 0.999996 -0.0181814 0.247863 -0.0391235
FixedParameters: 0 0 0

#Transform 79
Transform: AffineTransform_float_3_3
Parameters: 0.999998 0.000149244 0.00229279 -0.000145757 0.999999 -0.00141434 -0.00229321 0.00141466 0.999997 -0.0109723 0.602366 -0.141354
FixedParameters: 0 0 0

#Transform 80
Transform: AffineTransform_float_3_3
Parameters: 0.999999 0.000121591 0.00155488 -0.000120409 1 -0.00102319 -0.00155512 0.00102281 0.999999 -0.0191266 0.146705 -0.223668
FixedParameters: 0 0 0

#Transform 81
Transform: AffineTransform_float_3_3
Parameters: 0.999997 0.000864854 0.00199119 -0.000863144 0.999999 -0.000932721 -0.0019918 0.000930279 0.999997 -0.033834 0.0187978 -0.200185
FixedParameters: 0 0 0

#Transform 82
Transform: AffineTransform_float_3_3
Parameters: 0.999997 0.0008669 0.00252166 -0.000863102 0.999999 -0.00154718 -0.00252234 0.00154482 0.999995 -0.0269293 0.145192 -0.213681
FixedParameters: 0 0 0

#Transform 83
Transform: AffineTransform_float_3_3
Parameters: 0.999995 0.000866245 0.00309709 -0.000862753 0.999999 -0.00104968 -0.0030979 0.00104632 0.999994 0.00652114 0.0363558 -0.117712
FixedParameters: 0 0 0

#Transform 84
Transform: AffineTransform_float_3_3
Parameters: 0.999994 0.000863708 0.00330081 -0.000863292 0.999999 -0.000215851 -0.00330118 0.00021315 0.999994 0.0295122 -0.0706167 -0.0557593
FixedParameters: 0 0 0

#Transform 85
Transform: AffineTransform_float_3_3
Parameters: 0.999992 0.000615358 0.0037701 -0.00061564 1 0.00016868 -0.00376989 -0.000171321 0.999993 -0.0102165 0.405871 0.0257709
FixedParameters: 0 0 0

#Transform 86
Transform: AffineTransform_float_3_3
Parameters: 0.999992 0.000606149 0.00376917 -0.00060085 0.999999 -0.00136727 -0.00376982 0.00136472 0.999992 -0.0140362 0.59592 -0.0669369
FixedParameters: 0 0 0

#Transform 87
Transform: AffineTransform_float_3_3
Parameters: 0.999993 0.00033994 0.00370573 -0.000337059 0.999999 -0.000794254 -0.00370527 0.000792745 0.999993 0.00840354 0.048578 -0.0316581
FixedParameters: 0 0 0

#Transform 88
Transform: AffineTransform_float_3_3
Parameters: 0.999992 0.00131724 0.00380192 -0.00131676 0.999999 -6.50067e-05 -0.00380208 5.99922e-05 0.999993 -0.0403684 0.0218504 -0.0147274
FixedParameters: 0 0 0

#Transform 89
Transform: AffineTransform_float_3_3
Parameters: 0.999993 0.000869435 0.00366948 -0.000862568 0.999998 -0.00175418 -0.00367052 0.00175182 0.999991 -0.00934852 0.273868 -0.0754191
FixedParameters: 0 0 0

#Transform 90
Transform: AffineTransform_float_3_3
Parameters: 0.999992 0.000863882 0.00388081 -0.000863116 0.999999 -0.000229351 -0.0038812 0.000225649 0.999993 0.00817275 0.0461021 0.0325899
FixedParameters: 0 0 0

#Transform 91
Transform: AffineTransform_float_3_3
Parameters: 0.999992 0.000863671 0.00374484 -0.00086333 0.999999 -0.000180234 -0.00374515 0.000177767 0.999993 0.00486651 0.23314 0.0411282
FixedParameters: 0 0 0

#Transform 92
Transform: AffineTransform_float_3_3
Parameters: 0.999992 0.000947776 0.00372604 -0.000944222 0.999999 -0.00101553 -0.00372696 0.00101148 0.999993 -0.0540058 0.417118 -0.0686654
FixedParameters: 0 0 0

#Transform 93
Transform: AffineTransform_float_3_3
Parameters: 0.999993 0.00085887 0.00358699 -0.00086313 0.999999 0.00114991 -0.00358601 -0.00115309 0.999993 -0.0522231 -0.0735235 0.0903779
FixedParameters: 0 0 0

#Transform 94
Transform: AffineTransform_float_3_3
Parameters: 0.999999 0.000811395 0.000415182 -0.000812603 0.999998 0.00145666 -0.000413816 -0.00145734 0.999999 -0.166187 0.278686 0.451719
FixedParameters: 0 0 0

#Transform 95
Transform: AffineTransform_float_3_3
Parameters: 1 0.000863904 0.000645793 -0.000863097 0.999998 -0.00139856 -0.000646208 0.00139844 0.999999 -0.143572 0.527814 0.210448
FixedParameters: 0 0 0

#Transform 96
Transform: AffineTransform_float_3_3
Parameters: 0.999999 0.00101024 0.00146346 -0.00100777 0.999999 -0.00152648 -0.00146454 0.00152552 0.999998 -0.0540903 0.0144921 -0.314028
FixedParameters: 0 0 0

#Transform 97
Transform: AffineTransform_float_3_3
Parameters: 0.999998 0.000847336 0.0014068 -0.000846662 0.999999 -0.000240191 -0.0014072 0.000238808 0.999999 -0.0465074 0.107623 -0.21902
FixedParameters: 0 0 0

#Transform 98
Transform: AffineTransform_float_3_3
Parameters: 0.999997 0.00104912 0.00224762 -0.00104388 0.999997 -0.00227635 -0.00224938 0.00227465 0.999995 -0.0455291 0.378298 -0.203429
FixedParameters: 0 0 0

#Transform 99
Transform: AffineTransform_float_3_3
Parameters: 0.999994 0.000964539 0.00329855 -0.000963462 1 -0.000468181 -0.00329845 0.000464821 0.999994 -0.0194244 0.0910031 -0.0638739
FixedParameters: 0 0 0

#Transform 100
Transform: AffineTransform_float_3_3
Parameters: 0.999998 0.000638978 0.00149958 -0.000638021 0.999999 -0.000652957 -0.00150042 0.000652042 0.999998 -0.0515223 0.0856101 -0.202938
FixedParameters: 0 0 0

#Transform 101
Transform: AffineTransform_float_3_3
Parameters: 0.999998 0.00105889 0.00127343 -0.00105711 0.999999 -0.00148435 -0.00127557 0.00148265 0.999998 -0.059036 0.26945 -0.325543
FixedParameters: 0 0 0

#Transform 102
Transform: AffineTransform_float_3_3
Parameters: 0.999998 0.000871634 0.00187678 -0.000869367 0.999998 -0.00140363 -0.00187722 0.00140237 0.999998 -0.0289732 0.078883 -0.23569
FixedParameters: 0 0 0

#Transform 103
Transform: AffineTransform_float_3_3
Parameters: 0.999993 0.000935048 0.00378149 -0.000932952 1 -0.000543532 -0.00378251 0.000539467 0.999992 0.0118753 0.04377 -0.0244749
FixedParameters: 0 0 0

#Transform 104
Transform: AffineTransform_float_3_3
Parameters: 0.999993 0.000774347 0.0036713 -0.000770654 1 -0.000912836 -0.0036717 0.000910163 0.999993 -0.0335971 0.269331 -0.120979
FixedParameters: 0 0 0

#Transform 105
Transform: AffineTransform_float_3_3
Parameters: 0.999998 0.000750358 0.00217619 -0.000748642 0.999999 -0.00108463 -0.00217681 0.00108237 0.999997 -0.0591636 0.383632 -0.241294
FixedParameters: 0 0 0

#Transform 106
Transform: AffineTransform_float_3_3
Parameters: 0.999998 0.000780773 0.00217601 -0.000778228 0.999999 -0.0012747 -0.00217699 0.0012733 0.999997 -0.0685157 0.200397 -0.265904
FixedParameters: 0 0 0

#Transform 107
Transform: AffineTransform_float_3_3
Parameters: 0.999999 0.000464548 0.00137848 -0.000462453 1 -0.00112264 -0.00137852 0.00112236 0.999999 -0.0784956 0.0750468 -0.375481
FixedParameters: 0 0 0

#Transform 108
Transform: AffineTransform_float_3_3
Parameters: 0.99999 0.000260084 0.00430805 -0.000260915 1 0.000211878 -0.00430794 -0.000213122 0.99999 0.0254929 -0.0250417 -0.0651751
FixedParameters: 0 0 0

#Transform 109
Transform: AffineTransform_float_3_3
Parameters: 0.99999 0.000440587 0.00442724 -0.000442413 1 0.000544047 -0.00442676 -0.000545956 0.99999 0.0132273 0.244675 0.0445571
FixedParameters: 0 0 0

#Transform 110
Transform: AffineTransform_float_3_3
Parameters: 0.999989 0.00118022 0.00442061 -0.00117478 0.999999 -0.00118221 -0.00442239 0.00117779 0.99999 -0.0550617 0.468852 -0.105493
FixedParameters: 0 0 0

#Transform 111
Transform: AffineTransform_float_3_3
Parameters: 0.999989 0.00119989 0.00440676 -0.00119911 1 -0.000204286 -0.00440624 0.000198715 0.999991 -0.0514834 0.103978 -0.0864684
FixedParameters: 0 0 0

#Transform 112
Transform: AffineTransform_float_3_3
Parameters: 0.999997 0.00108442 0.0023799 -0.00108159 0.999999 -0.00101558 -0.0023811 0.00101342 0.999996 -0.072111 0.139993 -0.286768
FixedParameters: 0 0 0

#Transform 113
Transform: AffineTransform_float_3_3
Parameters: 0.999996 0.00108649 0.00232891 -0.00108151 0.999997 -0.00192853 -0.00233109 0.00192547 0.999996 -0.0858064 0.262808 -0.396157
FixedParameters: 0 0 0

#Transform 114
Transform: AffineTransform_float_3_3
Parameters: 0.999997 0.00108497 0.00213549 -0.00108203 0.999999 -0.00139331 -0.00213751 0.00139069 0.999996 -0.0735588 0.011321 -0.393191
FixedParameters: 0 0 0

#Transform 115
Transform: AffineTransform_float_3_3
Parameters: 0.999997 0.00126929 0.00236024 -0.00126571 0.999998 -0.00139399 -0.00236177 0.00139101 0.999996 -0.100906 0.0999253 -0.329458
FixedParameters: 0 0 0

#Transform 116
Transform: AffineTransform_float_3_3
Parameters: 0.999987 0.0014791 0.00499527 -0.0014799 0.999999 0.00017561 -0.00499474 -0.00018339 0.999988 -0.0281015 0.122664 0.0510086
FixedParameters: 0 0 0

#Transform 117
Transform: AffineTransform_float_3_3
Parameters: 0.999985 0.00177091 0.00515144 -0.00177809 0.999998 0.00137286 -0.00514856 -0.00138214 0.999986 -0.0402169 0.0339077 0.14998
FixedParameters: 0 0 0

#Transform 118
Transform: AffineTransform_float_3_3
Parameters: 0.999984 0.00143297 0.00537334 -0.00143803 0.999998 0.000932287 -0.00537165 -0.000939712 0.999985 -0.0264798 0.451445 0.0626255
FixedParameters: 0 0 0
