# transform file /out/sourcedata/freesurfer/sub-v2s0x30148_ses-1/mri/transforms/cc_up.lta
# created by oesteban on Tue Mar 10 14:41:12 2026

type      = 0 # LINEAR_VOX_TO_VOX
nxforms   = 1
mean      = 130.0000 94.0000 116.0000
sigma     = 10000.0000
1 4 4
9.982246160507202e-01 -1.114900782704353e-02 -5.850900709629059e-02 6.308118820190430e+00 
1.112990546971560e-02 9.999378323554993e-01 -6.523579359054565e-04 5.263857269287109e+01 
5.851264297962189e-02 5.820766091346741e-11 9.982866644859314e-01 1.663996696472168e+01 
0.000000000000000e+00 0.000000000000000e+00 0.000000000000000e+00 1.000000000000000e+00 
src volume info
valid = 1  # volume info valid
filename = /out/sourcedata/freesurfer/sub-v2s0x30148_ses-1/mri/norm.mgz
volume = 256 256 256
voxelsize = 1.000000000000000e+00 1.000000000000000e+00 1.000000000000000e+00
xras   = -1.000000000000000e+00 0.000000000000000e+00 0.000000000000000e+00
yras   = 0.000000000000000e+00 0.000000000000000e+00 -1.000000000000000e+00
zras   = 0.000000000000000e+00 1.000000000000000e+00 0.000000000000000e+00
cras   = 4.281745910644531e+00 3.881576538085938e+01 -1.923944091796875e+01
dst volume info
valid = 1  # volume info valid
filename = /out/sourcedata/freesurfer/sub-v2s0x30148_ses-1/mri/norm.mgz
volume = 256 256 256
voxelsize = 1.000000000000000e+00 1.000000000000000e+00 1.000000000000000e+00
xras   = -1.000000000000000e+00 0.000000000000000e+00 0.000000000000000e+00
yras   = 0.000000000000000e+00 0.000000000000000e+00 -1.000000000000000e+00
zras   = 0.000000000000000e+00 1.000000000000000e+00 0.000000000000000e+00
cras   = 4.281745910644531e+00 3.881576538085938e+01 -1.923944091796875e+01
