#Insight Transform File V1.0
#Transform 0
Transform: AffineTransform_float_3_3
Parameters: 0.999998 0.000253044 -0.00160031 -0.000254956 0.999999 -0.00122159 0.00160069 0.00122241 0.999998 0.0832074 0.0580432 -0.0804767
FixedParameters: 0 0 0

#Transform 1
Transform: AffineTransform_float_3_3
Parameters: 0.999999 0.000516503 -0.00125421 -0.000516497 1 -0.000396353 0.0012538 0.000396648 0.999999 0.0382112 -0.0717001 -0.0873876
FixedParameters: 0 0 0

#Transform 2
Transform: AffineTransform_float_3_3
Parameters: 0.999998 -2.4304e-06 -0.0016 -4.30404e-07 0.999999 -0.001519 0.0016 0.001519 0.999997 0.0688009 -0.00295936 -0.137412
FixedParameters: 0 0 0

#Transform 3
Transform: AffineTransform_float_3_3
Parameters: 0.999998 -3.9584e-06 -0.00159999 4.1584e-08 0.999997 -0.002474 0.0016 0.002474 0.999995 0.0770439 0.156545 -0.081774
FixedParameters: 0 0 0

#Transform 4
Transform: AffineTransform_float_3_3
Parameters: 0.999998 -3.0346e-06 -0.001899 -3.4611e-08 0.999998 -0.001598 0.001899 0.001598 0.999997 0.0922291 0.0904885 -0.0345775
FixedParameters: 0 0 0

#Transform 5
Transform: AffineTransform_float_3_3
Parameters: 1 -0.000418148 -0.00103554 0.000416853 1 -0.00110843 0.00103546 0.00110757 0.999999 0.0597351 0.0832191 -0.158971
FixedParameters: 0 0 0

#Transform 6
Transform: AffineTransform_float_3_3
Parameters: 0.999999 0.000340025 -0.00142196 -0.000343976 0.999996 -0.00279651 0.00142104 0.00279649 0.999995 0.0810696 0.196757 -0.139977
FixedParameters: 0 0 0

#Transform 7
Transform: AffineTransform_float_3_3
Parameters: 0.999999 -1.03148e-06 -0.000963999 -3.1481e-08 1 -0.00107 0.000964 0.00107 0.999999 0.0444969 0.123636 -0.0953193
FixedParameters: 0 0 0

#Transform 8
Transform: AffineTransform_float_3_3
Parameters: 1 -1.40673e-06 -0.001154 -4.06727e-07 1 -0.001219 0.001154 0.001219 0.999998 0.0289294 0.0883709 -0.113798
FixedParameters: 0 0 0

#Transform 9
Transform: AffineTransform_float_3_3
Parameters: 1 -5.84403e-05 -0.00116088 5.65594e-05 0.999998 -0.00210207 0.00116112 0.00210193 0.999997 0.0409017 0.0840548 -0.108709
FixedParameters: 0 0 0

#Transform 10
Transform: AffineTransform_float_3_3
Parameters: 0.999999 -1.63871e-06 -0.000997998 3.6128e-07 0.999998 -0.001642 0.000998002 0.001642 0.999998 0.0427602 0.101529 0.0296489
FixedParameters: 0 0 0

#Transform 11
Transform: AffineTransform_float_3_3
Parameters: 0.999999 -0.000163347 -0.000789928 0.000163653 1 -0.000439129 0.000790071 0.000438871 0.999999 0.0242866 0.0822542 -0.00841428
FixedParameters: 0 0 0

#Transform 12
Transform: AffineTransform_float_3_3
Parameters: 0.999999 -1.06012e-06 -0.000824999 -6.0126e-08 0.999999 -0.001285 0.000825 0.001285 0.999999 0.0373871 0.106069 -0.142442
FixedParameters: 0 0 0

#Transform 13
Transform: AffineTransform_float_3_3
Parameters: 0.999999 -0.00040778 -0.000732566 0.00040622 1 -0.0010643 0.000733432 0.0010637 0.999999 0.057311 0.126799 -0.14349
FixedParameters: 0 0 0

#Transform 14
Transform: AffineTransform_float_3_3
Parameters: 0.999999 -0.000764242 -0.00099705 0.000762759 0.999999 -0.00124476 0.00099795 0.00124424 0.999998 0.0762608 0.0801857 -0.112419
FixedParameters: 0 0 0

#Transform 15
Transform: AffineTransform_float_3_3
Parameters: 0.999999 -0.000741247 -0.000598693 0.000741752 0.999999 -0.000413444 0.000599306 0.000412556 0.999999 0.000124393 -0.0221632 -0.0885966
FixedParameters: 0 0 0

#Transform 16
Transform: AffineTransform_float_3_3
Parameters: 0.999999 -0.000418744 -0.000646519 0.000417256 1 -0.00115027 0.00064748 0.00114973 0.999999 0.0293391 0.0920134 -0.0262451
FixedParameters: 0 0 0

#Transform 17
Transform: AffineTransform_float_3_3
Parameters: 1 -0.000418472 -0.000430542 0.000417528 1 -0.00109518 0.000431457 0.00109482 1 0.0305933 0.0662874 -0.102203
FixedParameters: 0 0 0

#Transform 18
Transform: AffineTransform_float_3_3
Parameters: 1 -0.000623741 -0.000997537 0.000623259 0.999999 -0.000743622 0.000997464 0.000742378 0.999999 0.0712988 0.0443981 -0.155571
FixedParameters: 0 0 0

#Transform 19
Transform: AffineTransform_float_3_3
Parameters: 1 -0.000118376 -0.000668758 0.000117624 0.999998 -0.00205608 0.000669243 0.00205692 0.999997 0.0257822 0.0347371 -0.0383539
FixedParameters: 0 0 0

#Transform 20
Transform: AffineTransform_float_3_3
Parameters: 1 -0.000418104 -0.000231813 0.000417896 1 -0.000447097 0.000232187 0.000446903 1 0.0151449 0.0279944 0.0114271
FixedParameters: 0 0 0

#Transform 21
Transform: AffineTransform_float_3_3
Parameters: 1 -0.000293753 -0.000311233 0.000293246 0.999999 0.000792908 0.000310767 -0.000793091 0.999999 0.030797 0.0791761 0.0618019
FixedParameters: 0 0 0

#Transform 22
Transform: AffineTransform_float_3_3
Parameters: 1 0.000193324 -0.00023173 -0.000192675 0.999999 0.00139904 0.00023227 -0.00139896 0.999999 0.0238303 -0.04043 -0.20172
FixedParameters: 0 0 0

#Transform 23
Transform: AffineTransform_float_3_3
Parameters: 0.999999 3.11503e-05 -0.000933994 -3.08496e-05 1 0.000161029 0.000934004 -0.000160971 0.999999 0.0156345 -0.075158 -0.187657
FixedParameters: 0 0 0

#Transform 24
Transform: AffineTransform_float_3_3
Parameters: 0.999999 -0.000729696 -0.00114183 0.000730304 0.999999 0.00114217 0.00114117 -0.00114283 0.999998 0.0755169 -0.0778764 0.0528376
FixedParameters: 0 0 0

#Transform 25
Transform: AffineTransform_float_3_3
Parameters: 0.999999 -0.001345 -0.00059626 0.001346 0.999997 0.0016792 0.000594739 -0.0016808 0.999999 0.044134 0.0398491 0.0286999
FixedParameters: 0 0 0

#Transform 26
Transform: AffineTransform_float_3_3
Parameters: 1 0.000499214 -0.000186428 -0.000498785 0.999999 0.00114709 0.000187572 -0.00114691 1 0.0212857 -0.0495444 -0.187164
FixedParameters: 0 0 0

#Transform 27
Transform: AffineTransform_float_3_3
Parameters: 0.999999 0.000396029 -0.000752511 -0.00039697 0.999999 -0.0012907 0.000751488 0.0012913 0.999999 0.0529217 0.00677653 -0.168368
FixedParameters: 0 0 0

#Transform 28
Transform: AffineTransform_float_3_3
Parameters: 0.999999 0.000340117 -0.000630476 -0.000340881 0.999999 -0.00139979 0.000629523 0.00140021 0.999999 0.0553244 -0.0740323 -0.0038626
FixedParameters: 0 0 0

#Transform 29
Transform: AffineTransform_float_3_3
Parameters: 0.999999 0.000340414 -0.00083224 -0.000340586 0.999999 -0.000703717 0.00083276 0.000704284 1 0.0528078 -0.0369287 -0.159015
FixedParameters: 0 0 0

#Transform 30
Transform: AffineTransform_float_3_3
Parameters: 1 0.000340244 -0.00108924 -0.000340755 0.999999 -0.000693629 0.00108876 0.000694371 0.999999 0.0479307 0.0966094 -0.12607
FixedParameters: 0 0 0

#Transform 31
Transform: AffineTransform_float_3_3
Parameters: 0.999999 0.000342018 -0.000831582 -0.000340981 0.999999 0.00122428 0.000832418 -0.00122372 0.999999 0.0243135 -0.0133817 -0.00594462
FixedParameters: 0 0 0

#Transform 32
Transform: AffineTransform_float_3_3
Parameters: 0.999999 0.000341812 -0.000831667 -0.000341188 1 0.000976285 0.000832333 -0.000975717 0.999999 0.0577329 -0.0191256 -0.0904733
FixedParameters: 0 0 0

#Transform 33
Transform: AffineTransform_float_3_3
Parameters: 0.999999 0.000685551 -0.000729482 -0.000685448 1 0.000756501 0.000730518 -0.0007555 1 0.0440524 -0.0752082 -0.178879
FixedParameters: 0 0 0

#Transform 34
Transform: AffineTransform_float_3_3
Parameters: 0.999999 0.000585414 -0.00120229 -0.000586586 0.999999 -0.000487295 0.00120271 0.000487704 0.999999 0.0677438 -0.011021 -0.160206
FixedParameters: 0 0 0

#Transform 35
Transform: AffineTransform_float_3_3
Parameters: 0.999999 0.000849112 -0.00121762 -0.000849889 1 -0.000728966 0.00121738 0.000730035 0.999999 0.0530836 -0.0278506 -0.110901
FixedParameters: 0 0 0

#Transform 36
Transform: AffineTransform_float_3_3
Parameters: 0.999999 0.000340385 -0.00153314 -0.000340614 1 -0.000400478 0.00153286 0.000401522 0.999998 0.0750254 -0.00514668 -0.0310637
FixedParameters: 0 0 0

#Transform 37
Transform: AffineTransform_float_3_3
Parameters: 0.999999 0.000343669 -0.00119824 -0.000341329 0.999998 0.00222741 0.00119976 -0.00222659 0.999997 0.0609491 -0.0696883 -0.0706971
FixedParameters: 0 0 0

#Transform 38
Transform: AffineTransform_float_3_3
Parameters: 1 0.000673618 -0.000959167 -0.000670383 0.999996 0.00272664 0.000960832 -0.00272635 0.999996 0.0515478 -0.197344 -0.0551723
FixedParameters: 0 0 0

#Transform 39
Transform: AffineTransform_float_3_3
Parameters: 0.999999 0.000747909 -0.000643106 -0.000748091 0.999999 -0.000141519 0.000642894 0.000141481 1 0.0398556 -0.0251608 -0.113787
FixedParameters: 0 0 0

#Transform 40
Transform: AffineTransform_float_3_3
Parameters: 0.999999 0.000391684 -0.000865595 -0.000393315 0.999999 -0.00151966 0.000865402 0.00152034 0.999998 0.0492875 0.0237512 -0.0363976
FixedParameters: 0 0 0

#Transform 41
Transform: AffineTransform_float_3_3
Parameters: 0.999999 0.000340459 -0.000781236 -0.00034154 0.999999 -0.000691734 0.000780764 0.000692266 1 0.0705264 -0.0457335 -0.0609464
FixedParameters: 0 0 0

#Transform 42
Transform: AffineTransform_float_3_3
Parameters: 1 4.56844e-05 -0.000578025 -4.53156e-05 1 -0.000545974 0.000577975 0.000546026 0.999999 0.0588292 0.0447696 -0.0628708
FixedParameters: 0 0 0

#Transform 43
Transform: AffineTransform_float_3_3
Parameters: 0.999999 0.000340277 -0.000702351 -0.000340723 1 -0.00102976 0.00070165 0.00102924 0.999999 0.066825 0.0352651 -0.119051
FixedParameters: 0 0 0

#Transform 44
Transform: AffineTransform_float_3_3
Parameters: 1 0.000340951 -0.000607028 -0.00034105 1 -8.1793e-05 0.000606972 8.12069e-05 1 0.0292842 0.0557422 -0.137286
FixedParameters: 0 0 0

#Transform 45
Transform: AffineTransform_float_3_3
Parameters: 1 0.000338642 -0.00113771 -0.000341357 0.999998 -0.00207361 0.0011363 0.00207339 0.999997 0.0437937 0.139839 -0.0985588
FixedParameters: 0 0 0

#Transform 46
Transform: AffineTransform_float_3_3
Parameters: 1 0.000340177 -0.000942298 -0.000340823 0.999999 -0.000873679 0.000941703 0.000873321 0.999999 0.0337954 0.0210092 0.00171529
FixedParameters: 0 0 0

#Transform 47
Transform: AffineTransform_float_3_3
Parameters: 0.999999 0.000544487 -0.000749645 -0.000544512 0.999999 0.000650408 0.000749353 -0.000649592 0.999999 0.043958 0.00572007 0.00878607
FixedParameters: 0 0 0

#Transform 48
Transform: AffineTransform_float_3_3
Parameters: 0.999999 0.00034011 -0.000901336 -0.00034089 1 -0.000986694 0.000901664 0.000987308 0.999999 0.0317253 -0.0105516 -0.16065
FixedParameters: 0 0 0

#Transform 49
Transform: AffineTransform_float_3_3
Parameters: 0.999999 0.000340187 -0.000782354 -0.000340812 1 -0.00103873 0.000781646 0.00103927 0.999999 0.0492378 -0.0576365 -0.182399
FixedParameters: 0 0 0

#Transform 50
Transform: AffineTransform_float_3_3
Parameters: 1 0.000340233 -0.00100726 -0.000340768 0.999999 -0.000761657 0.00100774 0.000761343 0.999999 0.0464074 0.0533649 -0.135091
FixedParameters: 0 0 0

#Transform 51
Transform: AffineTransform_float_3_3
Parameters: 0.999999 0.000340419 -0.000822241 -0.00034058 0.999999 -0.00070572 0.00082176 0.00070628 1 0.0338477 0.0505341 -0.145285
FixedParameters: 0 0 0

#Transform 52
Transform: AffineTransform_float_3_3
Parameters: 1 0.000573192 -0.00087322 -0.00057181 0.999999 0.0013635 0.000873781 -0.0013635 0.999998 0.0552195 0.0203582 0.0226922
FixedParameters: 0 0 0

#Transform 53
Transform: AffineTransform_float_3_3
Parameters: 1 0.000194484 -0.000352733 -0.000193515 0.999999 0.00137207 0.000353266 -0.00137193 0.999999 0.0298771 0.0386683 -0.0187501
FixedParameters: 0 0 0

#Transform 54
Transform: AffineTransform_float_3_3
Parameters: 1 0.000340797 -0.000540128 -0.000341202 1 -0.000374816 0.000539872 0.000375184 1 0.0330102 0.0176087 -0.232394
FixedParameters: 0 0 0

#Transform 55
Transform: AffineTransform_float_3_3
Parameters: 0.999999 0.000602794 -0.000806153 -0.000603205 1 -0.000254514 0.000805845 0.000255486 0.999999 0.0518682 -0.0917613 -0.268908
FixedParameters: 0 0 0

#Transform 56
Transform: AffineTransform_float_3_3
Parameters: 0.999999 0.000506837 -0.000799103 -0.000507163 1 -0.000204595 0.000798896 0.000204405 0.999999 0.0425973 -0.0803593 -0.0780237
FixedParameters: 0 0 0

#Transform 57
Transform: AffineTransform_float_3_3
Parameters: 1 0.000342 -0.000466268 -0.000341 0.999997 0.00214416 0.000466732 -0.00214384 0.999997 0.0330944 -0.0159894 0.0496867
FixedParameters: 0 0 0

#Transform 58
Transform: AffineTransform_float_3_3
Parameters: 1 0.00034114 -0.000209771 -0.000340859 0.999999 0.000670071 0.000210228 -0.000669928 1 0.0200908 0.0319008 -0.152676
FixedParameters: 0 0 0

#Transform 59
Transform: AffineTransform_float_3_3
Parameters: 0.999999 0.000997371 -0.000930748 -0.000998629 0.999998 -0.00175107 0.000929252 0.00175193 0.999998 0.02627 0.0259342 -0.174949
FixedParameters: 0 0 0

#Transform 60
Transform: AffineTransform_float_3_3
Parameters: 0.999999 0.000341954 -0.000956659 -0.000341046 1 0.000996327 0.00095734 -0.000996674 0.999999 0.0580467 -0.124299 0.0373493
FixedParameters: 0 0 0

#Transform 61
Transform: AffineTransform_float_3_3
Parameters: 1 0.000825602 -0.000630911 -0.0008244 0.999997 0.00253352 0.000633091 -0.00253348 0.999996 0.0335033 -0.0499345 -0.0673195
FixedParameters: 0 0 0

#Transform 62
Transform: AffineTransform_float_3_3
Parameters: 1 0.000341528 -0.000352489 -0.000341471 0.999999 0.00149712 0.000353511 -0.00149688 0.999999 0.0273823 -0.0673026 -0.207958
FixedParameters: 0 0 0

#Transform 63
Transform: AffineTransform_float_3_3
Parameters: 0.999999 0.000734068 -0.000352858 -0.000733931 0.999999 0.000193259 0.000353141 -0.000192741 1 0.0273282 -0.114844 -0.203319
FixedParameters: 0 0 0

#Transform 64
Transform: AffineTransform_float_3_3
Parameters: 1 0.000919298 -0.000791817 -0.000920703 0.999999 -0.000887272 0.000791184 0.000887728 1 0.0402674 -0.0604543 -0.202103
FixedParameters: 0 0 0

#Transform 65
Transform: AffineTransform_float_3_3
Parameters: 1 0.000340959 -0.000533026 -0.00034104 1 -7.58182e-05 0.000532974 7.61817e-05 1 0.0364989 -0.0910533 -0.112744
FixedParameters: 0 0 0

#Transform 66
Transform: AffineTransform_float_3_3
Parameters: 0.999999 0.00033961 -0.000781605 -0.000341391 0.999999 -0.00177873 0.000781394 0.00177927 0.999998 0.049177 0.10095 -0.0719243
FixedParameters: 0 0 0

#Transform 67
Transform: AffineTransform_float_3_3
Parameters: 1 0.000340134 -0.000514574 -0.000340865 0.999999 -0.00168383 0.000513427 0.00168418 0.999999 0.0355857 0.111829 -0.0980903
FixedParameters: 0 0 0

#Transform 68
Transform: AffineTransform_float_3_3
Parameters: 1 0.000340888 -0.000353108 -0.000341112 1 -0.00031688 0.000352892 0.00031712 1 0.0415794 0.133706 -0.0904919
FixedParameters: 0 0 0

#Transform 69
Transform: AffineTransform_float_3_3
Parameters: 1 0.000341498 -0.000352518 -0.000341501 0.999999 0.00141112 0.000353482 -0.00141088 0.999999 0.0273852 0.051794 -0.115299
FixedParameters: 0 0 0

#Transform 70
Transform: AffineTransform_float_3_3
Parameters: 1 -0.000115253 0.000203857 0.000114747 0.999999 0.00123902 -0.000204142 -0.00123898 0.999999 0.0131646 -0.0432487 0.0281808
FixedParameters: 0 0 0

#Transform 71
Transform: AffineTransform_float_3_3
Parameters: 1 -0.000114952 0.000607009 0.000114048 1 -7.89308e-05 -0.000606991 7.90698e-05 1 0.00884018 -0.00792544 -0.11059
FixedParameters: 0 0 0

#Transform 72
Transform: AffineTransform_float_3_3
Parameters: 1 -0.000114382 0.000382185 0.000114618 0.999998 -0.00161796 -0.000381815 0.00161804 0.999998 -0.033814 0.0659484 -0.18082
FixedParameters: 0 0 0

#Transform 73
Transform: AffineTransform_float_3_3
Parameters: 0.999999 -0.000703678 0.000592382 0.000703321 0.999999 -0.000543583 -0.000591618 0.000543416 0.999999 -0.0419998 -0.0765765 -0.126994
FixedParameters: 0 0 0

#Transform 74
Transform: AffineTransform_float_3_3
Parameters: 0.999999 -0.000771979 2.46693e-05 0.000772021 1 -0.000866981 -2.43306e-05 0.000867019 0.999999 0.000937032 0.0206048 -0.104011
FixedParameters: 0 0 0

#Transform 75
Transform: AffineTransform_float_3_3
Parameters: 1 -0.000470009 5.19163e-05 0.000469991 1 0.000178024 -5.20836e-05 -0.000177976 1 0.0189298 0.0891098 -0.0813592
FixedParameters: 0 0 0

#Transform 76
Transform: AffineTransform_float_3_3
Parameters: 1 0.000266488 0.000512788 -0.000267509 0.999995 0.00294986 -0.000511213 -0.00295013 0.999995 -0.0143494 0.0174973 -0.000970084
FixedParameters: 0 0 0

#Transform 77
Transform: AffineTransform_float_3_3
Parameters: 0.999999 8.31282e-05 0.000887177 -8.48713e-05 0.999998 0.00210993 -0.000886823 -0.00211007 0.999998 -0.0326565 -0.0966359 -0.0640639
FixedParameters: 0 0 0

#Transform 78
Transform: AffineTransform_float_3_3
Parameters: 1 0.000525915 7.95617e-05 -0.000526085 1 0.00106796 -7.94387e-05 -0.00106704 1 0.0101756 -0.122464 -0.186838
FixedParameters: 0 0 0

#Transform 79
Transform: AffineTransform_float_3_3
Parameters: 0.999999 0.000630755 -0.000331465 -0.000631244 0.999999 -0.00073679 0.000331535 0.000737209 0.999999 0.034408 0.017 -0.203074
FixedParameters: 0 0 0

#Transform 80
Transform: AffineTransform_float_3_3
Parameters: 0.999999 0.000426706 -0.000814679 -0.000428293 0.999998 -0.00158965 0.00081332 0.00158935 0.999999 0.0702267 -0.0694748 -0.240827
FixedParameters: 0 0 0

#Transform 81
Transform: AffineTransform_float_3_3
Parameters: 0.999999 8.45724e-05 -0.000709051 -8.44282e-05 1 -0.00060394 0.000708949 0.00060306 0.999999 0.0506634 -0.0309805 -0.206253
FixedParameters: 0 0 0

#Transform 82
Transform: AffineTransform_float_3_3
Parameters: 1 8.54322e-05 -0.000488925 -8.45676e-05 0.999999 0.000884042 0.000489075 -0.000883958 1 0.0493929 0.0717578 -0.135379
FixedParameters: 0 0 0

#Transform 83
Transform: AffineTransform_float_3_3
Parameters: 1 8.58055e-05 -0.000335795 -8.41964e-05 0.999997 0.00239803 0.000335203 -0.00239797 0.999997 0.0483572 -0.0437612 -0.0873411
FixedParameters: 0 0 0

#Transform 84
Transform: AffineTransform_float_3_3
Parameters: 1 -0.000110337 -0.000336218 0.000110663 0.999998 0.00197396 0.000335782 -0.00197404 0.999998 0.0493435 -0.0787404 -0.120034
FixedParameters: 0 0 0

#Transform 85
Transform: AffineTransform_float_3_3
Parameters: 1 8.50406e-05 -0.00033599 -8.49593e-05 1 0.000121029 0.00033601 -0.000120971 1 0.0415767 -0.0291455 -0.207355
FixedParameters: 0 0 0

#Transform 86
Transform: AffineTransform_float_3_3
Parameters: 0.999999 0.000320659 -0.000740147 -0.000321341 1 -0.000460762 0.000739851 0.000461237 0.999999 0.0636343 -0.0456011 -0.275518
FixedParameters: 0 0 0

#Transform 87
Transform: AffineTransform_float_3_3
Parameters: 0.999999 0.000689868 -0.00033627 -0.000690131 0.999999 -0.000390768 0.000335731 0.000390232 1 0.0273838 -0.0945888 -0.146633
FixedParameters: 0 0 0

#Transform 88
Transform: AffineTransform_float_3_3
Parameters: 1 8.5047e-05 -0.000335988 -8.49529e-05 1 0.000140029 0.000336012 -0.000139971 1 0.0274705 -0.00885266 -0.0766508
FixedParameters: 0 0 0

#Transform 89
Transform: AffineTransform_float_3_3
Parameters: 1 -0.000312545 -0.00015492 0.000313455 0.999995 0.00294195 0.000154078 -0.00294205 0.999995 0.0201008 0.00733917 0.0493331
FixedParameters: 0 0 0

#Transform 90
Transform: AffineTransform_float_3_3
Parameters: 1 -0.000218783 0.000266359 0.000218218 0.999995 0.00293506 -0.000266642 -0.00293494 0.999995 0.00608868 -0.071311 -0.0202685
FixedParameters: 0 0 0

#Transform 91
Transform: AffineTransform_float_3_3
Parameters: 1 -0.000561789 -0.000292404 0.00056221 0.999999 0.000719835 0.000292595 -0.000720164 0.999999 0.0223787 0.0257556 -0.26197
FixedParameters: 0 0 0

#Transform 92
Transform: AffineTransform_float_3_3
Parameters: 0.999999 0.000163715 -0.000732288 -0.000164286 0.999999 -0.00175488 0.000732713 0.00175512 0.999998 0.04888 0.0638504 -0.268146
FixedParameters: 0 0 0

#Transform 93
Transform: AffineTransform_float_3_3
Parameters: 1 -0.00056203 -0.000124866 0.00056197 1 -0.00023807 0.000125134 0.00023793 1 0.0137052 -0.0818133 -0.146606
FixedParameters: 0 0 0

#Transform 94
Transform: AffineTransform_float_3_3
Parameters: 1 -4.84533e-06 0.000289987 4.15463e-06 0.999996 0.002915 -0.000290013 -0.002915 0.999995 -0.016673 -0.0558035 0.0272355
FixedParameters: 0 0 0

#Transform 95
Transform: AffineTransform_float_3_3
Parameters: 0.999999 0.000183757 0.00143942 -0.000186244 0.999998 0.00225274 -0.00143958 -0.00225327 0.999997 -0.066878 -0.0989869 -0.0328014
FixedParameters: 0 0 0

#Transform 96
Transform: AffineTransform_float_3_3
Parameters: 1 -0.000562041 0.00012081 0.000561959 1 0.000338068 -0.00012119 -0.000337932 1 0.0179434 -0.0790311 -0.274325
FixedParameters: 0 0 0

#Transform 97
Transform: AffineTransform_float_3_3
Parameters: 0.999999 -0.00086028 0.000296188 0.00086072 0.999999 0.000944255 -0.000296812 -0.000943745 0.999999 0.043393 -0.111935 -0.204672
FixedParameters: 0 0 0

#Transform 98
Transform: AffineTransform_float_3_3
Parameters: 0.999999 -0.000522037 0.000783986 0.000518963 0.999993 0.00386941 -0.000786013 -0.00386859 0.999992 -0.0307736 -0.143282 0.0256876
FixedParameters: 0 0 0

#Transform 99
Transform: AffineTransform_float_3_3
Parameters: 1 -2.91048e-05 0.000236867 2.78946e-05 0.999989 0.00466301 -0.000237133 -0.00466299 0.999989 0.0212416 -0.21156 -0.157425
FixedParameters: 0 0 0

#Transform 100
Transform: AffineTransform_float_3_3
Parameters: 1 0.000129404 -0.000272809 -0.000128596 0.999999 0.00148103 0.000273191 -0.00148096 0.999999 0.00593076 -0.0947242 -0.263374
FixedParameters: 0 0 0

#Transform 101
Transform: AffineTransform_float_3_3
Parameters: 1 -0.000143042 -0.00064399 0.000142958 1 -6.50921e-05 0.000644009 6.49079e-05 1 0.0215501 -0.0543631 -0.256825
FixedParameters: 0 0 0

#Transform 102
Transform: AffineTransform_float_3_3
Parameters: 1 0.00011352 -0.000521105 -0.00011348 0.999999 -0.000920941 0.000520896 0.000921059 1 0.00676913 -0.0510826 -0.226244
FixedParameters: 0 0 0

#Transform 103
Transform: AffineTransform_float_3_3
Parameters: 1 -0.000144834 0.000264545 0.000144165 0.999995 0.00314904 -0.000265455 -0.00314896 0.999995 -0.0232118 -0.0954731 -0.0721126
FixedParameters: 0 0 0

#Transform 104
Transform: AffineTransform_float_3_3
Parameters: 1 -0.000375195 0.000466242 0.000372806 0.999989 0.00470017 -0.000467757 -0.00469982 0.999989 -0.0441315 -0.0895429 0.132642
FixedParameters: 0 0 0

#Transform 105
Transform: AffineTransform_float_3_3
Parameters: 1 -0.000198806 -0.000126306 0.000199194 0.999999 0.00154097 0.000125693 -0.00154102 0.999999 -0.0205657 -0.0521753 -0.260465
FixedParameters: 0 0 0

#Transform 106
Transform: AffineTransform_float_3_3
Parameters: 1 -0.000373411 -0.000351564 0.000372589 0.999999 -0.00116813 0.000352435 0.00116787 1 -0.00434557 -0.0784301 -0.359465
FixedParameters: 0 0 0

#Transform 107
Transform: AffineTransform_float_3_3
Parameters: 1 4.20367e-05 3.29532e-05 -4.29633e-05 1 -0.001113 -3.30479e-05 0.001113 1 0.00932507 -0.00712599 -0.244197
FixedParameters: 0 0 0

#Transform 108
Transform: AffineTransform_float_3_3
Parameters: 1 -3.89464e-05 -0.000451919 3.80534e-05 0.999998 -0.00209402 0.00045208 0.00209398 0.999997 0.0335662 0.163669 -0.326035
FixedParameters: 0 0 0

#Transform 109
Transform: AffineTransform_float_3_3
Parameters: 1 -0.000372864 -0.000440115 0.000373135 1 0.000307836 0.000439885 -0.000308164 1 0.0311996 0.0505773 -0.229946
FixedParameters: 0 0 0

#Transform 110
Transform: AffineTransform_float_3_3
Parameters: 1 -0.000186413 0.000632293 0.000183584 0.999992 0.00381411 -0.000633704 -0.00381388 0.999992 -0.0228677 -0.144619 0.0124835
FixedParameters: 0 0 0

#Transform 111
Transform: AffineTransform_float_3_3
Parameters: 1 -0.000373017 -0.000185966 0.000372983 1 -9.20694e-05 0.000186035 9.29306e-05 1 0.0130957 -0.013261 -0.319613
FixedParameters: 0 0 0

#Transform 112
Transform: AffineTransform_float_3_3
Parameters: 1 0.000716631 -0.000690383 -0.000716369 0.999999 -0.000534505 0.000690617 0.000534495 0.999999 0.0495825 -0.0443723 -0.313976
FixedParameters: 0 0 0

#Transform 113
Transform: AffineTransform_float_3_3
Parameters: 1 -0.000422067 -0.000151813 0.000421933 1 -0.000442064 0.000152186 0.000441936 1 0.0158582 0.00591852 -0.186833
FixedParameters: 0 0 0

#Transform 114
Transform: AffineTransform_float_3_3
Parameters: 0.999999 0.00019716 0.00124877 -0.000201841 0.999993 0.00387675 -0.00124823 -0.00387725 0.999991 -0.0169406 -0.0406354 0.0519505
FixedParameters: 0 0 0

#Transform 115
Transform: AffineTransform_float_3_3
Parameters: 0.999999 -7.23613e-05 0.00124776 6.76378e-05 0.999994 0.00349509 -0.00124824 -0.00349491 0.999993 -0.0601768 -0.0436282 -0.0249989
FixedParameters: 0 0 0

#Transform 116
Transform: AffineTransform_float_3_3
Parameters: 1 9.47903e-05 0.000494849 -9.42093e-05 0.999998 -0.00159705 -0.000495151 0.00159695 0.999998 0.0115366 0.095434 -0.304197
FixedParameters: 0 0 0

#Transform 117
Transform: AffineTransform_float_3_3
Parameters: 1 3.99781e-05 -4.21318e-06 -4.00207e-05 0.999986 -0.005331 3.7867e-06 0.005331 0.999986 0.0206063 0.152334 -0.00853828
FixedParameters: 0 0 0

#Transform 118
Transform: AffineTransform_float_3_3
Parameters: 1 9.09431e-05 0.00049501 -9.10569e-05 1 0.000114955 -0.000494989 -0.000115045 1 0.0118103 -0.0371626 -0.120488
FixedParameters: 0 0 0

#Transform 119
Transform: AffineTransform_float_3_3
Parameters: 0.999999 -0.000198644 0.00156442 0.000193357 0.999995 0.00296831 -0.00156458 -0.00296769 0.999995 -0.0430504 0.0485023 0.0118925
FixedParameters: 0 0 0
