# transform file /out/sourcedata/freesurfer/sub-v2s0x29008_ses-1/mri/transforms/cc_up.lta
# created by oesteban on Tue Mar 10 09:40:47 2026

type      = 0 # LINEAR_VOX_TO_VOX
nxforms   = 1
mean      = 128.0000 107.0000 113.0000
sigma     = 10000.0000
1 4 4
9.989050030708313e-01 -3.767284750938416e-02 -2.774093300104141e-02 8.040348052978516e+00 
3.765833005309105e-02 9.992901086807251e-01 -1.045822398737073e-03 3.637805938720703e+01 
2.776063792407513e-02 0.000000000000000e+00 9.996145963668823e-01 2.250798606872559e+01 
0.000000000000000e+00 0.000000000000000e+00 0.000000000000000e+00 1.000000000000000e+00 
src volume info
valid = 1  # volume info valid
filename = /out/sourcedata/freesurfer/sub-v2s0x29008_ses-1/mri/norm.mgz
volume = 256 256 256
voxelsize = 1.000000000000000e+00 1.000000000000000e+00 1.000000000000000e+00
xras   = -1.000000000000000e+00 0.000000000000000e+00 0.000000000000000e+00
yras   = 0.000000000000000e+00 0.000000000000000e+00 -1.000000000000000e+00
zras   = 0.000000000000000e+00 1.000000000000000e+00 0.000000000000000e+00
cras   = 9.467010498046875e-01 4.180036926269531e+01 3.430221557617188e+00
dst volume info
valid = 1  # volume info valid
filename = /out/sourcedata/freesurfer/sub-v2s0x29008_ses-1/mri/norm.mgz
volume = 256 256 256
voxelsize = 1.000000000000000e+00 1.000000000000000e+00 1.000000000000000e+00
xras   = -1.000000000000000e+00 0.000000000000000e+00 0.000000000000000e+00
yras   = 0.000000000000000e+00 0.000000000000000e+00 -1.000000000000000e+00
zras   = 0.000000000000000e+00 1.000000000000000e+00 0.000000000000000e+00
cras   = 9.467010498046875e-01 4.180036926269531e+01 3.430221557617188e+00
