#Insight Transform File V1.0
#Transform 0
Transform: AffineTransform_float_3_3
Parameters: 1 0.000355289 0.00042776 -0.000354712 0.999999 -0.000675151 -0.000427239 0.000674848 0.999999 -0.0235122 -0.077199 -0.181436
FixedParameters: 0 0 0

#Transform 1
Transform: AffineTransform_float_3_3
Parameters: 1 -9.776e-09 -0.000188 -9.776e-09 1 -5.2e-05 0.000188 5.2e-05 1 -0.0131798 0.0208738 -0.125938
FixedParameters: 0 0 0

#Transform 2
Transform: AffineTransform_float_3_3
Parameters: 1 6.32479e-08 -6.69999e-05 6.32479e-08 0.999999 0.000943999 6.69999e-05 -0.000943999 0.999999 -0.0104024 -0.0189761 -0.100033
FixedParameters: 0 0 0

#Transform 3
Transform: AffineTransform_float_3_3
Parameters: 1 4.6e-07 -0.0005 4.6e-07 0.999999 0.00092 0.0005 -0.00092 1 -0.00874374 -0.0598656 -0.112501
FixedParameters: 0 0 0

#Transform 4
Transform: AffineTransform_float_3_3
Parameters: 1 2.1825e-07 -0.000582 2.1825e-07 1 0.000375 0.000582 -0.000375 1 -0.00583286 0.0253352 -0.145475
FixedParameters: 0 0 0

#Transform 5
Transform: AffineTransform_float_3_3
Parameters: 0.999999 0.000589999 -0.000500001 -0.000590001 1 -1.705e-06 0.000499999 2.295e-06 1 -0.0552031 -0.0697254 -0.170044
FixedParameters: 0 0 0

#Transform 6
Transform: AffineTransform_float_3_3
Parameters: 0.999999 0.00130642 -0.00050151 -0.00130658 0.999998 -0.00115535 0.000500491 0.00115565 0.999999 -0.160399 -0.061688 -0.205919
FixedParameters: 0 0 0

#Transform 7
Transform: AffineTransform_float_3_3
Parameters: 0.999999 0.000969342 0.000843461 -0.000968658 0.999999 -0.00158982 -0.000845541 0.00158918 0.999999 -0.092806 -0.142999 -0.254192
FixedParameters: 0 0 0

#Transform 8
Transform: AffineTransform_float_3_3
Parameters: 1 -0.00028757 0.000279414 0.000286431 0.999998 0.00203808 -0.000279584 -0.00203792 0.999998 0.0788391 -0.15265 0.0786962
FixedParameters: 0 0 0

#Transform 9
Transform: AffineTransform_float_3_3
Parameters: 1 -0.000457983 -1.16906e-05 0.000458016 0.999999 0.00150799 1.03093e-05 -0.001508 0.999999 0.0339164 -0.106674 0.031716
FixedParameters: 0 0 0

#Transform 10
Transform: AffineTransform_float_3_3
Parameters: 1 0.000475995 -1.1227e-05 -0.000475005 1 -0.000476995 1.07734e-05 0.000477005 1 0.0212882 -0.0625668 -0.207634
FixedParameters: 0 0 0

#Transform 11
Transform: AffineTransform_float_3_3
Parameters: 1 0.000576867 -0.000391197 -0.000577133 1 -0.000340774 0.000390804 0.000340225 1 -0.0119923 0.0185204 -0.141206
FixedParameters: 0 0 0

#Transform 12
Transform: AffineTransform_float_3_3
Parameters: 0.999999 0.000892983 -1.23305e-05 -0.000893017 0.999999 -0.00148999 1.06694e-05 0.00149001 0.999999 -0.0446089 -0.0450087 -0.248348
FixedParameters: 0 0 0

#Transform 13
Transform: AffineTransform_float_3_3
Parameters: 0.999999 0.00144109 -0.000434394 -0.00144291 0.999989 -0.00443338 0.000428606 0.00443462 0.99999 -0.0885374 -0.108896 -0.527344
FixedParameters: 0 0 0

#Transform 14
Transform: AffineTransform_float_3_3
Parameters: 0.999999 0.00171661 0.000350225 -0.00171539 0.999989 -0.00453161 -0.000358776 0.00453039 0.999989 -0.133696 -0.120812 -0.503891
FixedParameters: 0 0 0

#Transform 15
Transform: AffineTransform_float_3_3
Parameters: 0.999999 0.00142229 9.99624e-05 -0.00142171 0.999995 -0.00283914 -0.000104037 0.00283885 0.999996 -0.211613 -0.0700279 -0.145888
FixedParameters: 0 0 0

#Transform 16
Transform: AffineTransform_float_3_3
Parameters: 1 0.000904621 0.000799168 -0.000903377 0.999997 -0.00202672 -0.000801831 0.00202527 0.999997 -0.0434372 -0.179156 -0.207047
FixedParameters: 0 0 0

#Transform 17
Transform: AffineTransform_float_3_3
Parameters: 1 0.000411709 0.00105094 -0.000408293 0.999996 -0.00257743 -0.00105106 0.00257657 0.999996 0.0301531 -0.104623 -0.309477
FixedParameters: 0 0 0

#Transform 18
Transform: AffineTransform_float_3_3
Parameters: 1 0.000165587 0.000555826 -0.000165414 0.999999 -0.00105609 -0.000555175 0.00105591 1 -0.0486258 0.0339781 -0.0364383
FixedParameters: 0 0 0

#Transform 19
Transform: AffineTransform_float_3_3
Parameters: 1 -0.000145175 0.000530952 0.000144825 1 0.000329077 -0.000531047 -0.000328923 1 -0.0209554 -0.054236 -0.0134281
FixedParameters: 0 0 0

#Transform 20
Transform: AffineTransform_float_3_3
Parameters: 1 -5.79792e-05 -4.80251e-05 5.80208e-05 1 0.000432997 4.79749e-05 -0.000433003 1 0.00123553 0.00390817 0.0364976
FixedParameters: 0 0 0

#Transform 21
Transform: AffineTransform_float_3_3
Parameters: 1 -0.000206011 -4.79539e-05 0.000205989 1 -0.00022401 4.80461e-05 0.00022399 1 0.00714877 -0.00257125 -0.12731
FixedParameters: 0 0 0

#Transform 22
Transform: AffineTransform_float_3_3
Parameters: 1 0.000351925 -4.85427e-05 -0.000352075 0.999998 -0.00154198 4.84571e-05 0.00154202 0.999999 -0.110584 -0.0413761 -0.253685
FixedParameters: 0 0 0

#Transform 23
Transform: AffineTransform_float_3_3
Parameters: 1 0.000352106 6.94638e-05 -0.000351893 0.999999 -0.00152302 -7.0536e-05 0.00152297 0.999999 -0.0976256 -0.0198145 -0.147062
FixedParameters: 0 0 0

#Transform 24
Transform: AffineTransform_float_3_3
Parameters: 1 0.000354124 0.00102727 -0.000351876 0.999998 -0.00206736 -0.00102773 0.00206664 0.999998 0.0039862 -0.152734 -0.307562
FixedParameters: 0 0 0

#Transform 25
Transform: AffineTransform_float_3_3
Parameters: 0.999999 0.000566899 0.000424135 -0.000567101 1 0.000238759 -0.000423865 -0.00023824 1 -0.0105063 -0.0594353 -0.0544235
FixedParameters: 0 0 0

#Transform 26
Transform: AffineTransform_float_3_3
Parameters: 1 0.000287922 0.000621501 -0.000289078 0.999999 0.00173582 -0.000620499 -0.00173618 0.999999 0.0329578 -0.00280861 0.1961
FixedParameters: 0 0 0

#Transform 27
Transform: AffineTransform_float_3_3
Parameters: 0.999999 0.000592907 0.000764297 -0.000592093 0.999999 -0.00118645 -0.000764703 0.00118655 0.999999 0.0195244 -0.0873974 -0.230308
FixedParameters: 0 0 0

#Transform 28
Transform: AffineTransform_float_3_3
Parameters: 1 0.000352262 0.000166445 -0.000351736 0.999998 -0.00157506 -0.000167554 0.00157494 0.999998 -0.0237264 0.00245719 -0.286626
FixedParameters: 0 0 0

#Transform 29
Transform: AffineTransform_float_3_3
Parameters: 0.999999 0.000717932 -4.90015e-05 -0.000718067 0.999999 -0.00139496 4.79983e-05 0.00139503 0.999999 -0.0817853 0.0431338 -0.130862
FixedParameters: 0 0 0

#Transform 30
Transform: AffineTransform_float_3_3
Parameters: 1 0.000791485 0.000838602 -0.000789515 0.999998 -0.00176866 -0.000840398 0.00176834 0.999998 -0.118847 -0.0261305 -0.179339
FixedParameters: 0 0 0

#Transform 31
Transform: AffineTransform_float_3_3
Parameters: 0.999999 0.000876311 0.000420352 -0.000876688 1 -0.000739369 -0.000421647 0.000738631 0.999999 -0.0780994 -0.0631591 -0.0866159
FixedParameters: 0 0 0

#Transform 32
Transform: AffineTransform_float_3_3
Parameters: 0.999999 0.000857734 0.00110689 -0.000855268 0.999996 -0.00246795 -0.00110811 0.00246705 0.999997 -0.0113658 -0.127642 -0.382871
FixedParameters: 0 0 0

#Transform 33
Transform: AffineTransform_float_3_3
Parameters: 1 0.000351908 -6.45022e-05 -0.000352092 0.999999 -0.00142698 6.44976e-05 0.00142702 0.999999 0.00316307 -0.0571278 -0.199354
FixedParameters: 0 0 0

#Transform 34
Transform: AffineTransform_float_3_3
Parameters: 0.999999 0.000653594 0.000556303 -0.000653406 0.999999 -0.00106736 -0.000556697 0.00106664 1 0.00063387 -0.00549579 -0.057105
FixedParameters: 0 0 0

#Transform 35
Transform: AffineTransform_float_3_3
Parameters: 0.999999 0.000523811 0.000760441 -0.000523187 1 -0.0010674 -0.000761558 0.0010666 0.999999 -0.0251 -0.0425981 -0.19215
FixedParameters: 0 0 0

#Transform 36
Transform: AffineTransform_float_3_3
Parameters: 1 0.000889454 0.000641373 -0.000889548 1 -0.000705571 -0.000641628 0.00070543 0.999999 -0.0304361 0.017823 -0.126077
FixedParameters: 0 0 0

#Transform 37
Transform: AffineTransform_float_3_3
Parameters: 1 0.000352591 0.000517598 -0.000352409 1 -0.00114118 -0.000518402 0.00114082 0.999999 -0.0276622 -0.0663059 -0.0305728
FixedParameters: 0 0 0

#Transform 38
Transform: AffineTransform_float_3_3
Parameters: 0.999999 0.000826591 0.000407803 -0.000826408 0.999998 -0.00144834 -0.000409197 0.00144766 0.999999 -0.0550239 -0.0814222 -0.20456
FixedParameters: 0 0 0

#Transform 39
Transform: AffineTransform_float_3_3
Parameters: 1 0.000620253 0.000311497 -0.000619747 1 -0.000812194 -0.000311503 0.000811808 1 -0.0759267 -0.0974263 -0.0203382
FixedParameters: 0 0 0

#Transform 40
Transform: AffineTransform_float_3_3
Parameters: 0.999999 0.000353439 0.000989487 -0.000352561 0.999999 -0.00145435 -0.000989514 0.00145365 0.999999 -0.055626 -0.116588 -0.130908
FixedParameters: 0 0 0

#Transform 41
Transform: AffineTransform_float_3_3
Parameters: 0.999999 0.000632608 0.000536283 -0.000632392 0.999999 -0.00113334 -0.000536717 0.00113366 0.999999 0.00316424 -0.0518461 -0.247553
FixedParameters: 0 0 0

#Transform 42
Transform: AffineTransform_float_3_3
Parameters: 1 0.000351977 0.000466017 -0.000352023 1 4.8836e-05 -0.000465983 -4.9164e-05 1 0.0102733 0.0768681 0.103103
FixedParameters: 0 0 0

#Transform 43
Transform: AffineTransform_float_3_3
Parameters: 1 0.000605004 0.000996391 -0.000603997 1 -0.0010076 -0.000996609 0.0010064 0.999999 0.00785365 -0.0770923 -0.172073
FixedParameters: 0 0 0

#Transform 44
Transform: AffineTransform_float_3_3
Parameters: 0.999999 0.000722211 0.000361577 -0.000721788 0.999999 -0.000585261 -0.000361423 0.000585739 1 -0.104072 0.0117577 -0.149531
FixedParameters: 0 0 0

#Transform 45
Transform: AffineTransform_float_3_3
Parameters: 0.999999 0.000637374 0.000652634 -0.000637624 0.999999 -0.000574417 -0.000653366 0.000573584 1 0.0147154 -0.0506004 0.0302406
FixedParameters: 0 0 0

#Transform 46
Transform: AffineTransform_float_3_3
Parameters: 1 0.000353078 0.000533288 -0.00035192 0.999998 -0.00202019 -0.000534712 0.00201981 0.999998 0.0279992 -0.104794 -0.300517
FixedParameters: 0 0 0

#Transform 47
Transform: AffineTransform_float_3_3
Parameters: 1 0.000673744 0.000747332 -0.000673258 1 -0.000993504 -0.00074767 0.000993497 0.999999 -0.0773627 -0.0250524 -0.161968
FixedParameters: 0 0 0

#Transform 48
Transform: AffineTransform_float_3_3
Parameters: 0.999999 0.000352359 0.000731827 -0.000352641 1 -0.000490258 -0.000732173 0.000490742 0.999999 -0.0311458 -0.0200495 0.0395793
FixedParameters: 0 0 0

#Transform 49
Transform: AffineTransform_float_3_3
Parameters: 1 0.000635452 0.000826887 -0.000633549 0.999999 -0.00175453 -0.000828113 0.00175448 0.999998 -0.0234166 -0.117518 -0.288958
FixedParameters: 0 0 0

#Transform 50
Transform: AffineTransform_float_3_3
Parameters: 0.999999 0.000821361 0.000483386 -0.000821638 1 -0.000747397 -0.000484613 0.000746602 0.999999 -0.0887355 0.0310351 -0.101532
FixedParameters: 0 0 0

#Transform 51
Transform: AffineTransform_float_3_3
Parameters: 0.999999 0.000627967 0.000752026 -0.000628032 1 4.25277e-05 -0.000751972 -4.34722e-05 0.999999 -0.0264363 0.00229396 0.0967765
FixedParameters: 0 0 0

#Transform 52
Transform: AffineTransform_float_3_3
Parameters: 0.999999 8.22545e-05 0.000810874 -8.0746e-05 0.999999 -0.00154607 -0.000811126 0.00154693 0.999999 -0.00179359 -0.131915 -0.260339
FixedParameters: 0 0 0

#Transform 53
Transform: AffineTransform_float_3_3
Parameters: 0.999999 0.000875318 0.00052447 -0.000875682 1 -0.00060546 -0.00052553 0.00060554 0.999999 -0.0385047 0.0155564 -0.0941012
FixedParameters: 0 0 0

#Transform 54
Transform: AffineTransform_float_3_3
Parameters: 0.999999 0.000190194 0.000981961 -0.000189805 1 -0.000198186 -0.000982037 0.000197813 0.999999 0.000591793 -0.0583069 0.059041
FixedParameters: 0 0 0

#Transform 55
Transform: AffineTransform_float_3_3
Parameters: 0.999999 0.00028341 0.000936574 -0.000282588 0.999999 -0.00150627 -0.000937427 0.00150574 0.999999 -0.0112232 -0.106236 -0.228592
FixedParameters: 0 0 0

#Transform 56
Transform: AffineTransform_float_3_3
Parameters: 1 0.000212416 0.000611856 -0.000211584 0.999999 -0.000679129 -0.000612144 0.00067987 0.999999 -0.00766763 -0.0377652 -0.136373
FixedParameters: 0 0 0

#Transform 57
Transform: AffineTransform_float_3_3
Parameters: 0.999999 -2.75637e-05 0.000742016 2.74363e-05 1 -0.000587979 -0.000741983 0.00058802 0.999999 0.00987359 -0.0581279 -0.105996
FixedParameters: 0 0 0

#Transform 58
Transform: AffineTransform_float_3_3
Parameters: 1 0.000353341 0.00102754 -0.000352659 0.999999 -0.00130436 -0.00102846 0.00130464 0.999998 -0.0308897 -0.0500266 -0.176214
FixedParameters: 0 0 0

#Transform 59
Transform: AffineTransform_float_3_3
Parameters: 0.999999 0.000281994 0.000871679 -0.000281006 1 -0.00114025 -0.00087232 0.00113975 0.999999 -0.000950641 -0.020306 -0.0704699
FixedParameters: 0 0 0

#Transform 60
Transform: AffineTransform_float_3_3
Parameters: 1 0.000203334 0.000623891 -0.000202665 1 -0.000536126 -0.000624108 0.000535873 0.999999 -0.0113306 -0.1289 -0.269576
FixedParameters: 0 0 0

#Transform 61
Transform: AffineTransform_float_3_3
Parameters: 0.999999 0.000354058 0.000925214 -0.000351941 0.999997 -0.00222433 -0.000925785 0.00222367 0.999997 -0.0143017 -0.150584 -0.50635
FixedParameters: 0 0 0

#Transform 62
Transform: AffineTransform_float_3_3
Parameters: 0.999999 0.000229795 0.00127468 -0.000227204 0.999999 -0.00140829 -0.00127532 0.00140771 0.999998 0.0236866 -0.0238189 0.0277674
FixedParameters: 0 0 0

#Transform 63
Transform: AffineTransform_float_3_3
Parameters: 0.999999 0.000184741 0.00142965 -0.000182258 0.999998 -0.00191726 -0.00143035 0.00191674 0.999997 0.0270616 -0.0445126 -0.0932914
FixedParameters: 0 0 0

#Transform 64
Transform: AffineTransform_float_3_3
Parameters: 0.999999 0.000178317 0.00102877 -0.000176683 0.999999 -0.00128018 -0.00102923 0.00127982 0.999998 0.00570467 0.00754843 -0.23362
FixedParameters: 0 0 0

#Transform 65
Transform: AffineTransform_float_3_3
Parameters: 0.999999 -9.9884e-05 0.00129009 0.000101116 0.999999 -0.00086487 -0.00128991 0.000865129 0.999999 -0.0067284 -0.0167331 -0.0903367
FixedParameters: 0 0 0

#Transform 66
Transform: AffineTransform_float_3_3
Parameters: 1 0.000353981 0.000987293 -0.000352019 0.999998 -0.00200635 -0.000987709 0.00200565 0.999998 -0.0321762 -0.0584614 -0.23551
FixedParameters: 0 0 0

#Transform 67
Transform: AffineTransform_float_3_3
Parameters: 0.999999 3.06256e-05 0.00137799 -2.93744e-05 1 -0.000454041 -0.00137801 0.000453958 0.999999 -0.00174059 0.0195275 0.0412996
FixedParameters: 0 0 0

#Transform 68
Transform: AffineTransform_float_3_3
Parameters: 1 0.000354276 0.0011413 -0.000351724 0.999998 -0.0019944 -0.0011417 0.0019936 0.999998 -0.0300964 -0.154534 -0.321297
FixedParameters: 0 0 0

#Transform 69
Transform: AffineTransform_float_3_3
Parameters: 0.999999 0.000635467 0.00131729 -0.000633533 0.999999 -0.00111384 -0.00131771 0.00111316 0.999998 -0.0589377 -0.00801135 -0.0162561
FixedParameters: 0 0 0

#Transform 70
Transform: AffineTransform_float_3_3
Parameters: 0.999999 0.000269496 0.0016866 -0.000267503 0.999999 -0.00148045 -0.0016874 0.00147955 0.999997 -0.025477 -0.0429392 -0.0696462
FixedParameters: 0 0 0

#Transform 71
Transform: AffineTransform_float_3_3
Parameters: 0.999999 0.00035415 0.0012554 -0.000351852 0.999999 -0.00171144 -0.0012556 0.00171156 0.999997 -0.0533573 -0.0449345 -0.314552
FixedParameters: 0 0 0

#Transform 72
Transform: AffineTransform_float_3_3
Parameters: 0.999999 0.00030009 0.00123722 -0.000300909 0.999999 0.000734628 -0.00123678 -0.000735371 0.999999 -0.050726 0.0589309 0.167614
FixedParameters: 0 0 0

#Transform 73
Transform: AffineTransform_float_3_3
Parameters: 0.999999 0.000353749 0.000986374 -0.000352251 0.999999 -0.00177335 -0.000986625 0.00177265 0.999998 -0.0200087 -0.11192 -0.241389
FixedParameters: 0 0 0

#Transform 74
Transform: AffineTransform_float_3_3
Parameters: 0.999999 0.000353328 0.00123662 -0.000351673 1 -0.00107344 -0.00123638 0.00107356 0.999998 -0.0443292 -0.0247235 -0.0540307
FixedParameters: 0 0 0

#Transform 75
Transform: AffineTransform_float_3_3
Parameters: 0.999999 0.000354514 0.00150741 -0.000352487 0.999998 -0.00166753 -0.00150759 0.00166747 0.999998 0.0099477 -0.059739 -0.0874567
FixedParameters: 0 0 0

#Transform 76
Transform: AffineTransform_float_3_3
Parameters: 0.999999 0.000354261 0.00123635 -0.00035174 0.999999 -0.00182844 -0.00123664 0.00182756 0.999997 -0.0526512 -0.0817649 -0.349825
FixedParameters: 0 0 0

#Transform 77
Transform: AffineTransform_float_3_3
Parameters: 0.999999 0.00029141 0.00140412 -0.00029159 1 0.000419591 -0.00140488 -0.00042041 0.999999 0.0142366 -0.0158435 0.164005
FixedParameters: 0 0 0

#Transform 78
Transform: AffineTransform_float_3_3
Parameters: 0.999999 0.000354086 0.00129243 -0.000351914 0.999998 -0.00161446 -0.00129257 0.00161354 0.999998 -0.0378641 -0.10811 -0.201138
FixedParameters: 0 0 0

#Transform 79
Transform: AffineTransform_float_3_3
Parameters: 0.999998 0.000303748 0.0016725 -0.000301252 0.999998 -0.00164251 -0.0016735 0.00164249 0.999998 -0.0364264 -0.0480345 -0.169986
FixedParameters: 0 0 0

#Transform 80
Transform: AffineTransform_float_3_3
Parameters: 1 0.000349734 0.00116668 -0.000352267 0.999998 0.00194259 -0.00116632 -0.00194341 0.999998 -0.0422214 0.0706115 0.334836
FixedParameters: 0 0 0

#Transform 81
Transform: AffineTransform_float_3_3
Parameters: 0.999999 8.35313e-05 0.00148303 -8.44685e-05 1 0.000315875 -0.00148297 -0.000316124 0.999999 -0.0124526 -0.052322 -0.118998
FixedParameters: 0 0 0

#Transform 82
Transform: AffineTransform_float_3_3
Parameters: 0.999999 0.00035245 0.000802802 -0.000352549 1 -0.000561283 -0.000803197 0.000560717 0.999999 -0.0403121 -0.0413993 -0.245231
FixedParameters: 0 0 0

#Transform 83
Transform: AffineTransform_float_3_3
Parameters: 0.999999 0.000217889 0.00129268 -0.000216111 0.999999 -0.00146128 -0.00129332 0.00146072 0.999998 -0.0389289 -0.0504301 -0.142053
FixedParameters: 0 0 0

#Transform 84
Transform: AffineTransform_float_3_3
Parameters: 0.999999 0.000353296 0.00080243 -0.000351702 0.999998 -0.00161528 -0.000803569 0.00161472 0.999999 -0.0735945 -0.0764525 -0.268869
FixedParameters: 0 0 0

#Transform 85
Transform: AffineTransform_float_3_3
Parameters: 0.999999 0.000138656 0.0012297 -0.000136345 0.999997 -0.00216017 -0.0012293 0.00215983 0.999997 -0.0389309 -0.0987478 -0.220856
FixedParameters: 0 0 0

#Transform 86
Transform: AffineTransform_float_3_3
Parameters: 0.999999 0.000353644 0.000802276 -0.000352354 0.999998 -0.00204928 -0.000803723 0.00204872 0.999997 -0.0128344 -0.151957 -0.275562
FixedParameters: 0 0 0

#Transform 87
Transform: AffineTransform_float_3_3
Parameters: 0.999999 0.000710996 0.001019 -0.000711004 0.999999 3.27549e-06 -0.001019 -4.72451e-06 1 -0.0900425 0.06479 0.129845
FixedParameters: 0 0 0

#Transform 88
Transform: AffineTransform_float_3_3
Parameters: 0.999999 0.00052457 0.00132038 -0.00052243 0.999999 -0.00118969 -0.00132062 0.00118831 0.999999 -0.0137469 -0.0428488 -0.186635
FixedParameters: 0 0 0

#Transform 89
Transform: AffineTransform_float_3_3
Parameters: 1 0.000709417 0.000801749 -0.000708583 0.999998 -0.00176657 -0.000803253 0.00176543 0.999998 -0.0307972 -0.0567316 -0.332774
FixedParameters: 0 0 0

#Transform 90
Transform: AffineTransform_float_3_3
Parameters: 0.999998 0.00042413 0.00193575 -0.000422871 0.999999 -0.00058382 -0.00193525 0.00058318 0.999998 -0.00352592 -0.050881 0.00976861
FixedParameters: 0 0 0

#Transform 91
Transform: AffineTransform_float_3_3
Parameters: 0.999999 0.00069243 0.00128816 -0.000688571 0.999996 -0.00266089 -0.00128984 0.00266011 0.999995 -0.0207306 -0.149323 -0.369473
FixedParameters: 0 0 0

#Transform 92
Transform: AffineTransform_float_3_3
Parameters: 0.999998 0.000945019 0.00167586 -0.00094298 0.999999 -0.00120558 -0.00167714 0.00120342 0.999998 -0.0539237 0.00529355 0.00414069
FixedParameters: 0 0 0

#Transform 93
Transform: AffineTransform_float_3_3
Parameters: 0.999998 0.000729158 0.00194682 -0.000725842 0.999999 -0.00162242 -0.00194818 0.00162058 0.999997 -0.0252213 -0.0604829 -0.161603
FixedParameters: 0 0 0

#Transform 94
Transform: AffineTransform_float_3_3
Parameters: 0.999999 0.00094497 0.000988073 -0.00094403 0.999999 -0.000981934 -0.000988927 0.000981067 0.999999 -0.0334234 -0.030812 -0.203317
FixedParameters: 0 0 0

#Transform 95
Transform: AffineTransform_float_3_3
Parameters: 0.999997 0.000693418 0.00202851 -0.000692582 0.999999 -0.000699406 -0.00202848 0.000698594 0.999997 -0.0130125 -0.0676672 -0.00285651
FixedParameters: 0 0 0

#Transform 96
Transform: AffineTransform_float_3_3
Parameters: 0.999999 0.000781954 0.00128621 -0.000779046 0.999997 -0.002296 -0.00128779 0.00229499 0.999996 -0.0463631 -0.126219 -0.381979
FixedParameters: 0 0 0

#Transform 97
Transform: AffineTransform_float_3_3
Parameters: 0.999999 0.000915347 0.0015382 -0.000913655 0.999999 -0.000875406 -0.0015388 0.000874593 0.999998 -0.0450569 0.00157812 0.0359494
FixedParameters: 0 0 0

#Transform 98
Transform: AffineTransform_float_3_3
Parameters: 0.999998 0.000421843 0.00194382 -0.000420157 1 -0.000433817 -0.00194418 0.000433181 0.999998 -0.00328283 -0.0441368 -0.00886863
FixedParameters: 0 0 0

#Transform 99
Transform: AffineTransform_float_3_3
Parameters: 1 0.000353604 0.000581026 -0.000352396 0.999996 -0.00275921 -0.000581974 0.0027588 0.999996 -0.0316129 -0.176827 -0.555137
FixedParameters: 0 0 0

#Transform 100
Transform: AffineTransform_float_3_3
Parameters: 0.999998 0.000963515 0.00165512 -0.000961486 0.999999 -0.000915593 -0.00165588 0.000914407 0.999998 -0.0655862 -0.00425003 0.0452929
FixedParameters: 0 0 0

#Transform 101
Transform: AffineTransform_float_3_3
Parameters: 0.999999 0.000788501 0.00165576 -0.000788499 0.999999 -0.000303306 -0.00165624 0.000301694 0.999998 -0.0520994 0.0319058 0.127098
FixedParameters: 0 0 0

#Transform 102
Transform: AffineTransform_float_3_3
Parameters: 1 0.000354681 0.000995049 -0.000352319 0.999997 -0.00269335 -0.000995953 0.00269265 0.999996 -0.00544105 -0.159909 -0.437412
FixedParameters: 0 0 0

#Transform 103
Transform: AffineTransform_float_3_3
Parameters: 0.999998 0.00111061 0.00165425 -0.00110739 0.999998 -0.00157784 -0.00165675 0.00157616 0.999998 -0.0606158 0.0166489 -0.059791
FixedParameters: 0 0 0

#Transform 104
Transform: AffineTransform_float_3_3
Parameters: 0.999998 0.0002617 0.00165589 -0.000260299 1 -0.000423431 -0.00165611 0.000422567 0.999998 0.0188729 -0.0476103 0.0137466
FixedParameters: 0 0 0

#Transform 105
Transform: AffineTransform_float_3_3
Parameters: 1 0.000263029 0.00102448 -0.00026097 0.999998 -0.00198027 -0.00102552 0.00197973 0.999998 -0.0424229 -0.146758 -0.395626
FixedParameters: 0 0 0

#Transform 106
Transform: AffineTransform_float_3_3
Parameters: 0.999999 0.000124431 0.00155496 -0.000123569 1 -0.000277192 -0.00155503 0.000276807 0.999999 -0.0139152 -0.0429168 -0.0414673
FixedParameters: 0 0 0

#Transform 107
Transform: AffineTransform_float_3_3
Parameters: 0.999999 0.000144795 0.00135781 -0.000142204 0.999999 -0.00132219 -0.00135819 0.0013218 0.999998 -0.0235904 -0.067691 -0.145126
FixedParameters: 0 0 0

#Transform 108
Transform: AffineTransform_float_3_3
Parameters: 0.999999 0.000261716 0.000784762 -0.000260284 0.999999 -0.000912204 -0.000785238 0.000911795 1 -0.0271413 -0.00361574 -0.150532
FixedParameters: 0 0 0

#Transform 109
Transform: AffineTransform_float_3_3
Parameters: 0.999998 0.000102533 0.00165391 -0.000100466 0.999999 -0.000927167 -0.00165409 0.000926831 0.999998 -0.0248325 -0.025707 -0.129118
FixedParameters: 0 0 0

#Transform 110
Transform: AffineTransform_float_3_3
Parameters: 0.999999 0.000190712 0.000940654 -0.00018829 0.999999 -0.00181918 -0.000940344 0.00181982 0.999998 -0.0423437 -0.0473622 -0.311012
FixedParameters: 0 0 0

#Transform 111
Transform: AffineTransform_float_3_3
Parameters: 0.999999 0.000107513 0.00132796 -0.000107487 1 -0.000386143 -0.00132804 0.000385858 0.999999 -0.0264952 0.0258056 0.149476
FixedParameters: 0 0 0

#Transform 112
Transform: AffineTransform_float_3_3
Parameters: 1 0.000263309 0.00119549 -0.00026069 0.999998 -0.00193131 -0.00119651 0.00193069 0.999998 -0.0435297 -0.114593 -0.320533
FixedParameters: 0 0 0

#Transform 113
Transform: AffineTransform_float_3_3
Parameters: 1 0.000141498 0.000604884 -0.000140502 0.999999 -0.000823085 -0.000605116 0.000823915 1 -0.00246719 -0.0357203 -0.168558
FixedParameters: 0 0 0

#Transform 114
Transform: AffineTransform_float_3_3
Parameters: 1 0.000260792 0.000952057 -0.000260208 1 0.000217752 -0.000951943 -0.000218248 0.999999 -0.0268581 0.0721842 0.156066
FixedParameters: 0 0 0

#Transform 115
Transform: AffineTransform_float_3_3
Parameters: 0.999999 0.000262997 0.00120557 -0.000261002 0.999998 -0.00165632 -0.00120643 0.00165568 0.999998 -0.00140618 -0.139749 -0.287381
FixedParameters: 0 0 0

#Transform 116
Transform: AffineTransform_float_3_3
Parameters: 0.999999 0.000176619 0.000709599 -0.000174382 0.999998 -0.00228113 -0.0007094 0.00228088 0.999997 -0.024894 -0.154427 -0.38606
FixedParameters: 0 0 0

#Transform 117
Transform: AffineTransform_float_3_3
Parameters: 0.999999 0.000261388 0.00129392 -0.000260613 1 -0.000299337 -0.00129408 0.000299662 0.999999 -0.017593 -0.00955327 0.0879043
FixedParameters: 0 0 0

#Transform 118
Transform: AffineTransform_float_3_3
Parameters: 0.999999 0.000262654 0.00134868 -0.000260347 0.999999 -0.00122535 -0.00134932 0.00122565 0.999999 -0.0417572 -0.0882341 -0.187019
FixedParameters: 0 0 0

#Transform 119
Transform: AffineTransform_float_3_3
Parameters: 0.999999 0.000277871 0.000715662 -0.000276129 0.999999 -0.0012162 -0.000716336 0.0012168 0.999999 -0.0232975 0.0132206 -0.17941
FixedParameters: 0 0 0
