# transform file /out/sourcedata/freesurfer/sub-v2s0x29027_ses-1/mri/transforms/cc_up.lta
# created by oesteban on Tue Mar 10 10:12:43 2026

type      = 0 # LINEAR_VOX_TO_VOX
nxforms   = 1
mean      = 130.0000 94.0000 117.0000
sigma     = 10000.0000
1 4 4
9.987715482711792e-01 2.493162825703621e-02 -4.282566905021667e-02 1.325379252433777e+00 
-2.490874193608761e-02 9.996892809867859e-01 1.068045501597226e-03 5.713618087768555e+01 
4.283898696303368e-02 0.000000000000000e+00 9.990820884704590e-01 5.538334846496582e+00 
0.000000000000000e+00 0.000000000000000e+00 0.000000000000000e+00 1.000000000000000e+00 
src volume info
valid = 1  # volume info valid
filename = /out/sourcedata/freesurfer/sub-v2s0x29027_ses-1/mri/norm.mgz
volume = 256 256 256
voxelsize = 1.000000000000000e+00 1.000000000000000e+00 1.000000000000000e+00
xras   = -1.000000000000000e+00 0.000000000000000e+00 0.000000000000000e+00
yras   = 0.000000000000000e+00 0.000000000000000e+00 -1.000000000000000e+00
zras   = 0.000000000000000e+00 1.000000000000000e+00 0.000000000000000e+00
cras   = 2.870498657226562e+00 4.039823913574219e+01 -1.888790893554688e+01
dst volume info
valid = 1  # volume info valid
filename = /out/sourcedata/freesurfer/sub-v2s0x29027_ses-1/mri/norm.mgz
volume = 256 256 256
voxelsize = 1.000000000000000e+00 1.000000000000000e+00 1.000000000000000e+00
xras   = -1.000000000000000e+00 0.000000000000000e+00 0.000000000000000e+00
yras   = 0.000000000000000e+00 0.000000000000000e+00 -1.000000000000000e+00
zras   = 0.000000000000000e+00 1.000000000000000e+00 0.000000000000000e+00
cras   = 2.870498657226562e+00 4.039823913574219e+01 -1.888790893554688e+01
