#Insight Transform File V1.0
#Transform 0
Transform: AffineTransform_float_3_3
Parameters: 0.999998 -0.000614997 0.00161238 0.000616001 0.999999 -0.000621008 -0.00161162 0.000621992 0.999999 0.0602485 -0.0270589 -0.255341
FixedParameters: 0 0 0

#Transform 1
Transform: AffineTransform_float_3_3
Parameters: 0.999999 -0.000699873 0.00126207 0.000699127 1 -0.000100118 -0.00126193 0.000100883 0.999999 0.0486516 -0.0591204 -0.37222
FixedParameters: 0 0 0

#Transform 2
Transform: AffineTransform_float_3_3
Parameters: 1 -0.00058783 0.0010652 0.000590171 0.999997 -0.00203737 -0.0010648 0.00203863 0.999998 0.0498048 -0.066466 -0.524227
FixedParameters: 0 0 0

#Transform 3
Transform: AffineTransform_float_3_3
Parameters: 0.999999 -0.000574887 0.00140905 0.000574113 1 -8.01911e-05 -0.00140895 8.08101e-05 0.999999 0.0516402 -0.0883645 -0.207065
FixedParameters: 0 0 0

#Transform 4
Transform: AffineTransform_float_3_3
Parameters: 0.999999 -0.00135059 0.00123245 0.00135141 0.999999 -0.000334335 -0.00123155 0.000335664 0.999999 0.0351845 0.0788776 0.208506
FixedParameters: 0 0 0

#Transform 5
Transform: AffineTransform_float_3_3
Parameters: 0.999998 -0.00157451 0.00141513 0.00157949 0.999991 -0.00388578 -0.00140887 0.00388823 0.999992 0.000576178 -0.000513236 -0.247207
FixedParameters: 0 0 0

#Transform 6
Transform: AffineTransform_float_3_3
Parameters: 0.999999 -0.00128206 -4.53615e-05 0.00128194 0.999999 -0.00127806 4.66383e-05 0.00127794 0.999999 0.0997421 -0.255139 -0.911673
FixedParameters: 0 0 0

#Transform 7
Transform: AffineTransform_float_3_3
Parameters: 1 -0.000501411 0.000176838 0.000501588 0.999997 0.00231809 -0.000178163 -0.00231791 0.999998 0.109448 -0.0709399 -0.280497
FixedParameters: 0 0 0

#Transform 8
Transform: AffineTransform_float_3_3
Parameters: 0.999999 -0.000433494 0.00122212 0.000430506 0.999998 0.00204053 -0.00122288 -0.00203947 0.999997 -0.0157588 0.0657101 -0.00242955
FixedParameters: 0 0 0

#Transform 9
Transform: AffineTransform_float_3_3
Parameters: 1 -0.000431045 0.000262926 0.000430955 1 0.000171113 -0.000263074 -0.000170887 1 -0.0274134 0.10642 0.270091
FixedParameters: 0 0 0

#Transform 10
Transform: AffineTransform_float_3_3
Parameters: 0.999999 -0.000430736 0.000732155 0.000431263 1 -0.000359684 -0.000731844 0.000360315 0.999999 -0.00470419 0.131316 0.102877
FixedParameters: 0 0 0

#Transform 11
Transform: AffineTransform_float_3_3
Parameters: 1 0.000214555 0.000500192 -0.000215445 0.999999 0.000890892 -0.000499809 -0.000890107 1 0.0308722 -0.196636 -0.668932
FixedParameters: 0 0 0

#Transform 12
Transform: AffineTransform_float_3_3
Parameters: 0.999999 -7.66824e-05 0.000765932 7.53174e-05 0.999999 0.000891058 -0.000766067 -0.000890941 1 0.0198347 0.0258647 -0.0250908
FixedParameters: 0 0 0

#Transform 13
Transform: AffineTransform_float_3_3
Parameters: 0.999998 -0.00190611 0.000408506 0.00190589 0.999998 0.000259779 -0.000408495 -0.000259222 1 0.0577662 0.124082 0.0924271
FixedParameters: 0 0 0

#Transform 14
Transform: AffineTransform_float_3_3
Parameters: 0.999999 -0.000234486 -0.000680177 0.000234513 0.999999 0.000754841 0.000679823 -0.00075516 1 -0.0010337 -0.0352346 -0.399092
FixedParameters: 0 0 0

#Transform 15
Transform: AffineTransform_float_3_3
Parameters: 1 0.00043189 -7.36483e-05 -0.00043211 0.999999 -0.00150097 7.33515e-05 0.00150103 0.999999 0.00120335 -0.205163 -0.61047
FixedParameters: 0 0 0

#Transform 16
Transform: AffineTransform_float_3_3
Parameters: 0.999999 0.000588182 0.00127484 -0.000589818 0.999999 0.00142625 -0.00127416 -0.00142675 0.999998 0.00456379 -0.150647 0.00438184
FixedParameters: 0 0 0

#Transform 17
Transform: AffineTransform_float_3_3
Parameters: 1 -0.000627834 0.000107968 0.000628165 0.999998 -0.00154093 -0.000107032 0.00154107 0.999999 0.0615093 -0.0222472 0.000975058
FixedParameters: 0 0 0

#Transform 18
Transform: AffineTransform_float_3_3
Parameters: 0.999999 -0.000626282 0.000582851 0.000627718 0.999996 -0.00295164 -0.000581149 0.00295237 0.999996 0.0302484 -0.0393228 -0.41586
FixedParameters: 0 0 0

#Transform 19
Transform: AffineTransform_float_3_3
Parameters: 1 0.000235116 0.000288906 -0.000234884 1 -0.000401068 -0.000289094 0.000400932 1 -0.022818 0.0646868 -0.0966563
FixedParameters: 0 0 0

#Transform 20
Transform: AffineTransform_float_3_3
Parameters: 1 0.000158279 0.000437899 -0.000157721 1 -0.000637069 -0.0004381 0.00063693 0.999999 -0.00132008 -0.0375624 -0.0620025
FixedParameters: 0 0 0

#Transform 21
Transform: AffineTransform_float_3_3
Parameters: 0.999999 -0.000875583 0.00126138 0.000879416 0.999996 -0.0027109 -0.00125862 0.00271211 0.999996 0.0902153 -0.130814 -0.267019
FixedParameters: 0 0 0

#Transform 22
Transform: AffineTransform_float_3_3
Parameters: 0.999999 -0.00105362 0.0010065 0.00105638 0.999996 -0.00236894 -0.0010045 0.00237006 0.999996 0.0148608 0.0606211 0.240139
FixedParameters: 0 0 0

#Transform 23
Transform: AffineTransform_float_3_3
Parameters: 0.999998 -0.0010552 0.00127566 0.0010558 0.999999 -0.000623654 -0.00127534 0.000625347 0.999999 0.0508022 0.0632499 -0.111694
FixedParameters: 0 0 0

#Transform 24
Transform: AffineTransform_float_3_3
Parameters: 0.999999 -0.000551003 0.00117447 0.000551999 1 -0.000849353 -0.00117453 0.000849648 0.999999 0.0304728 0.0718195 0.00430315
FixedParameters: 0 0 0

#Transform 25
Transform: AffineTransform_float_3_3
Parameters: 0.999998 -0.00145548 0.00141659 0.00145752 0.999998 -0.00177894 -0.00141341 0.00178106 0.999998 0.0528424 0.153319 0.695488
FixedParameters: 0 0 0

#Transform 26
Transform: AffineTransform_float_3_3
Parameters: 0.999999 -0.000897681 0.00105284 0.000901318 0.999995 -0.00315706 -0.00104916 0.00315795 0.999995 0.0173249 0.0812563 0.251897
FixedParameters: 0 0 0

#Transform 27
Transform: AffineTransform_float_3_3
Parameters: 1 -0.000203904 0.00117472 0.000208097 0.999994 -0.00348776 -0.00117428 0.00348824 0.999993 0.00815533 -0.132974 -0.768359
FixedParameters: 0 0 0

#Transform 28
Transform: AffineTransform_float_3_3
Parameters: 0.999999 -7.51125e-05 0.000770518 6.98843e-05 0.999978 0.00663305 -0.00077148 -0.00663294 0.999977 0.0813131 -0.157721 -0.824493
FixedParameters: 0 0 0

#Transform 29
Transform: AffineTransform_float_3_3
Parameters: 1 -0.000218477 0.0011721 0.000208516 0.99996 0.00893026 -0.00117491 -0.00893075 0.99996 0.0091186 0.0235788 0.036439
FixedParameters: 0 0 0

#Transform 30
Transform: AffineTransform_float_3_3
Parameters: 0.999998 -0.00108479 0.00152773 0.00108321 0.999998 0.00117366 -0.00152827 -0.00117234 0.999998 0.0225925 0.0616608 0.0611771
FixedParameters: 0 0 0

#Transform 31
Transform: AffineTransform_float_3_3
Parameters: 0.999998 -0.00147168 0.00133115 0.00147032 0.999998 0.00125896 -0.00133285 -0.00125704 0.999999 -0.0105541 0.213855 0.338126
FixedParameters: 0 0 0

#Transform 32
Transform: AffineTransform_float_3_3
Parameters: 0.999999 -0.000948027 0.00107086 0.000948973 0.999999 -0.000908985 -0.00106914 0.000910015 0.999999 0.0375025 0.18479 0.233849
FixedParameters: 0 0 0

#Transform 33
Transform: AffineTransform_float_3_3
Parameters: 0.999999 -0.000792857 0.00166698 0.000797144 0.999996 -0.00248667 -0.00166502 0.00248732 0.999995 0.0991844 0.00425436 0.0279769
FixedParameters: 0 0 0

#Transform 34
Transform: AffineTransform_float_3_3
Parameters: 0.999999 -0.000694539 0.00122497 0.00069746 0.999996 -0.00282615 -0.00122303 0.00282785 0.999996 0.119329 -0.0933481 -0.492676
FixedParameters: 0 0 0

#Transform 35
Transform: AffineTransform_float_3_3
Parameters: 0.999999 0.000127002 0.00094727 -0.000128999 0.999998 0.00210888 -0.00094773 -0.00210912 0.999998 0.0961246 -0.249976 -1.3474
FixedParameters: 0 0 0

#Transform 36
Transform: AffineTransform_float_3_3
Parameters: 1 0.000336228 -2.8419e-05 -0.000335768 0.999971 0.00767902 3.15793e-05 -0.007679 0.999971 -0.0474217 0.0144215 0.0164024
FixedParameters: 0 0 0

#Transform 37
Transform: AffineTransform_float_3_3
Parameters: 1 -0.000260613 7.38717e-05 0.000260386 0.999966 0.00817601 -7.61314e-05 -0.00817597 0.999966 -0.0509169 0.172085 0.687826
FixedParameters: 0 0 0

#Transform 38
Transform: AffineTransform_float_3_3
Parameters: 1 -1.32574e-05 0.000260939 1.17424e-05 0.999989 0.00481801 -0.00026106 -0.004818 0.999989 0.035132 -0.0383201 -0.208272
FixedParameters: 0 0 0

#Transform 39
Transform: AffineTransform_float_3_3
Parameters: 0.999999 -0.000384758 0.000799116 0.000384242 1 -0.000302693 -0.000798883 0.000302307 0.999999 0.0475945 0.127162 0.434201
FixedParameters: 0 0 0

#Transform 40
Transform: AffineTransform_float_3_3
Parameters: 0.999998 -0.000910952 0.00144176 0.000920043 0.99998 -0.00628768 -0.00143524 0.00628832 0.999979 0.0518805 0.102375 0.665975
FixedParameters: 0 0 0

#Transform 41
Transform: AffineTransform_float_3_3
Parameters: 1 -0.000915359 0.000785441 0.000920644 0.999982 -0.00592828 -0.000780555 0.00592972 0.999982 0.0335031 -0.0687008 -0.330612
FixedParameters: 0 0 0

#Transform 42
Transform: AffineTransform_float_3_3
Parameters: 1 -4.50974e-05 0.00101209 4.69025e-05 0.999998 -0.00187995 -0.00101191 0.00188005 0.999997 0.0325068 -0.250303 -0.985396
FixedParameters: 0 0 0

#Transform 43
Transform: AffineTransform_float_3_3
Parameters: 0.999999 -0.000921164 0.000900811 0.000920836 0.999998 0.00129183 -0.00090219 -0.00129117 0.999999 0.0568165 -0.0497199 -0.430793
FixedParameters: 0 0 0

#Transform 44
Transform: AffineTransform_float_3_3
Parameters: 0.999999 -0.000827994 0.00130874 0.000826005 0.999998 0.00152308 -0.00131026 -0.00152292 0.999998 0.0462859 0.21834 0.330795
FixedParameters: 0 0 0

#Transform 45
Transform: AffineTransform_float_3_3
Parameters: 0.999999 -0.000580002 0.000708998 0.000579997 1 3.41122e-06 -0.000709001 -2.58878e-06 0.999999 0.0291791 0.0521745 -0.0759576
FixedParameters: 0 0 0

#Transform 46
Transform: AffineTransform_float_3_3
Parameters: 1 -0.000759706 0.000903934 0.000762296 0.999997 -0.00254131 -0.000902066 0.00254169 0.999997 0.0498769 -0.0525625 -0.345378
FixedParameters: 0 0 0

#Transform 47
Transform: AffineTransform_float_3_3
Parameters: 0.999999 -0.00120821 0.000905734 0.00121079 0.999994 -0.0030869 -0.000902266 0.00308809 0.999995 0.0976812 -0.0997094 -0.366526
FixedParameters: 0 0 0

#Transform 48
Transform: AffineTransform_float_3_3
Parameters: 0.999998 -0.00125056 0.00117852 0.00125243 0.999998 -0.00121753 -0.00117748 0.00121847 0.999999 0.0610981 -0.0160058 -0.194261
FixedParameters: 0 0 0

#Transform 49
Transform: AffineTransform_float_3_3
Parameters: 1 -8.22401e-05 0.00120712 8.37597e-05 0.999999 -0.0014579 -0.00120688 0.0014581 0.999998 0.0685906 -0.116689 -0.779492
FixedParameters: 0 0 0

#Transform 50
Transform: AffineTransform_float_3_3
Parameters: 0.999999 9.27345e-05 0.00148889 -9.12652e-05 1 -0.00116514 -0.00148911 0.00116486 0.999998 0.067565 -0.175783 -0.300721
FixedParameters: 0 0 0

#Transform 51
Transform: AffineTransform_float_3_3
Parameters: 0.999999 -0.000506269 -0.000515782 0.00050373 0.99999 -0.00439026 0.000518216 0.00438974 0.99999 0.0236254 -0.158576 -0.0417012
FixedParameters: 0 0 0

#Transform 52
Transform: AffineTransform_float_3_3
Parameters: 1 -0.000306978 -0.000195473 0.000306025 0.999987 -0.00498206 0.000196527 0.00498294 0.999987 -0.0076807 -0.0530596 -0.30061
FixedParameters: 0 0 0

#Transform 53
Transform: AffineTransform_float_3_3
Parameters: 1 -0.00105629 0.000363149 0.00105671 0.999999 0.000806384 -0.000363852 -0.000805616 0.999999 -0.0148484 0.171727 0.393713
FixedParameters: 0 0 0

#Transform 54
Transform: AffineTransform_float_3_3
Parameters: 1 -1.41829e-05 -6.29591e-05 1.3817e-05 0.999996 -0.002904 6.30404e-05 0.002904 0.999996 0.0432552 -0.0804943 -0.524041
FixedParameters: 0 0 0

#Transform 55
Transform: AffineTransform_float_3_3
Parameters: 1 -0.000664412 -0.000189561 0.000663587 0.999998 -0.00216613 0.000191438 0.00216587 0.999997 0.0503727 -0.04607 -0.559975
FixedParameters: 0 0 0

#Transform 56
Transform: AffineTransform_float_3_3
Parameters: 1 -0.000552427 -0.000366357 0.000551573 0.999999 -0.0011652 0.000366643 0.0011648 1 0.0724732 0.0567505 -0.186923
FixedParameters: 0 0 0

#Transform 57
Transform: AffineTransform_float_3_3
Parameters: 1 -0.000952786 0.000164247 0.000953214 0.999998 -0.00130884 -0.000162752 0.00130916 0.999999 0.102885 -0.0699463 -0.346174
FixedParameters: 0 0 0

#Transform 58
Transform: AffineTransform_float_3_3
Parameters: 1 -0.00055009 -9.54823e-05 0.00054991 1 -0.000941053 9.65174e-05 0.000940947 0.999999 0.0248201 -0.0100467 -0.133511
FixedParameters: 0 0 0

#Transform 59
Transform: AffineTransform_float_3_3
Parameters: 0.999999 -0.000963075 0.000228683 0.000962925 1 0.00032922 -0.000229317 -0.000328779 1 0.0791941 -0.00576877 -0.303799
FixedParameters: 0 0 0

#Transform 60
Transform: AffineTransform_float_3_3
Parameters: 0.999999 -0.000949139 0.000228423 0.00094886 1 0.000608217 -0.000229578 -0.000608782 1 0.0344377 0.0616768 -0.126488
FixedParameters: 0 0 0

#Transform 61
Transform: AffineTransform_float_3_3
Parameters: 0.999998 -0.00155152 0.00125736 0.00155048 0.999998 0.00041295 -0.00125864 -0.000411048 0.999999 0.0469913 0.235692 0.799333
FixedParameters: 0 0 0

#Transform 62
Transform: AffineTransform_float_3_3
Parameters: 0.999999 -0.000649633 0.000546436 0.000649366 0.999999 -0.000670645 -0.000545564 0.000671354 0.999999 -0.00949678 0.103885 0.360856
FixedParameters: 0 0 0

#Transform 63
Transform: AffineTransform_float_3_3
Parameters: 1 -0.000649889 7.59489e-05 0.00065011 0.999998 -0.00145995 -7.50509e-05 0.00146005 0.999999 0.0538084 0.00408248 -0.35207
FixedParameters: 0 0 0

#Transform 64
Transform: AffineTransform_float_3_3
Parameters: 1 -0.000650815 0.000847376 0.000650186 1 0.000960552 -0.000848626 -0.000960449 0.999999 0.0660482 0.0152647 -0.279061
FixedParameters: 0 0 0

#Transform 65
Transform: AffineTransform_float_3_3
Parameters: 0.999999 -0.000430493 0.00133284 0.000430508 1 0.000369574 -0.00133316 -0.000369426 0.999999 0.118405 -0.127121 -0.771184
FixedParameters: 0 0 0

#Transform 66
Transform: AffineTransform_float_3_3
Parameters: 0.999998 0.000204608 0.00209314 -0.000206393 1 0.000665569 -0.00209286 -0.000665429 0.999997 0.154024 -0.244434 -1.158
FixedParameters: 0 0 0

#Transform 67
Transform: AffineTransform_float_3_3
Parameters: 1 -0.000650344 0.000109986 0.000649656 0.999995 0.00309707 -0.000112012 -0.00309693 0.999995 0.00237872 0.0603284 0.214264
FixedParameters: 0 0 0

#Transform 68
Transform: AffineTransform_float_3_3
Parameters: 0.999999 -0.000595655 0.00062242 0.000594343 0.999997 0.00265637 -0.000624581 -0.00265563 0.999997 -0.0257885 0.0538978 0.372507
FixedParameters: 0 0 0

#Transform 69
Transform: AffineTransform_float_3_3
Parameters: 0.999999 -0.00051124 0.000622802 0.000510759 1 0.000386318 -0.000623197 -0.000385681 0.999999 0.0128097 -0.0618821 -0.338789
FixedParameters: 0 0 0

#Transform 70
Transform: AffineTransform_float_3_3
Parameters: 1 -0.000648823 0.000710079 0.000650179 0.999999 -0.00166054 -0.000708922 0.00166046 0.999999 0.0558793 0.0686099 -0.174144
FixedParameters: 0 0 0

#Transform 71
Transform: AffineTransform_float_3_3
Parameters: 0.999998 -0.0013528 0.0013452 0.0013522 0.999999 0.00059282 -0.0013458 -0.00059118 0.999999 0.0118887 0.285957 0.755578
FixedParameters: 0 0 0

#Transform 72
Transform: AffineTransform_float_3_3
Parameters: 0.999999 -0.00122188 0.00127204 0.00122412 0.999998 -0.00166944 -0.00126996 0.00167155 0.999998 0.0570137 0.198877 0.671209
FixedParameters: 0 0 0

#Transform 73
Transform: AffineTransform_float_3_3
Parameters: 0.999999 -0.00122413 -6.66179e-05 0.00122387 0.999998 -0.00194608 6.9383e-05 0.00194692 0.999998 0.0658877 0.0252876 -0.222404
FixedParameters: 0 0 0

#Transform 74
Transform: AffineTransform_float_3_3
Parameters: 1 -0.000978846 0.000492308 0.000979156 1 -0.000314518 -0.000491692 0.000314482 1 0.0844669 0.0278299 -0.300192
FixedParameters: 0 0 0

#Transform 75
Transform: AffineTransform_float_3_3
Parameters: 0.999999 -0.000840001 0.001537 0.000840001 0.999999 2.91082e-07 -0.001537 2.91082e-07 0.999999 0.15296 -0.131201 -0.869197
FixedParameters: 0 0 0

#Transform 76
Transform: AffineTransform_float_3_3
Parameters: 0.999996 -0.000111449 0.00290591 0.00010855 0.999999 0.000843319 -0.00290609 -0.00084268 0.999996 0.165599 -0.291399 -1.2895
FixedParameters: 0 0 0

#Transform 77
Transform: AffineTransform_float_3_3
Parameters: 1 -0.000108647 -0.0001283 0.000108353 0.999996 0.00275699 0.000127702 -0.00275701 0.999996 -0.0126619 -0.0691156 -0.469908
FixedParameters: 0 0 0

#Transform 78
Transform: AffineTransform_float_3_3
Parameters: 1 -0.000409961 0.000316761 0.000409039 0.999996 0.00302713 -0.00031824 -0.00302687 0.999996 -0.00211228 0.190777 0.453093
FixedParameters: 0 0 0

#Transform 79
Transform: AffineTransform_float_3_3
Parameters: 0.999999 -0.00136344 0.000589096 0.00135956 0.999982 0.00580481 -0.000596902 -0.00580419 0.999983 0.0690956 0.202789 0.507504
FixedParameters: 0 0 0

#Transform 80
Transform: AffineTransform_float_3_3
Parameters: 0.999999 -0.00136005 7.20615e-05 0.00135995 0.999999 0.000690098 -7.39383e-05 -0.0006899 1 0.0274791 0.0195428 -0.142619
FixedParameters: 0 0 0

#Transform 81
Transform: AffineTransform_float_3_3
Parameters: 0.999998 -0.00135789 0.00097494 0.00136011 0.999996 -0.00216268 -0.000972061 0.00216332 0.999997 -0.00335751 0.119915 0.465212
FixedParameters: 0 0 0

#Transform 82
Transform: AffineTransform_float_3_3
Parameters: 0.999998 -0.00180359 0.000827079 0.00180441 0.999997 -0.00170551 -0.000823922 0.00170749 0.999998 0.0119867 0.111106 0.446914
FixedParameters: 0 0 0

#Transform 83
Transform: AffineTransform_float_3_3
Parameters: 0.999999 -0.00109069 0.0010194 0.00109131 0.999998 -0.00128289 -0.0010176 0.00128411 0.999998 0.120317 -0.0197774 -0.407567
FixedParameters: 0 0 0

#Transform 84
Transform: AffineTransform_float_3_3
Parameters: 0.999999 -0.000786723 0.000989018 0.000787278 0.999999 -0.00129222 -0.000987983 0.00129278 0.999998 0.0978689 0.0073998 -0.246007
FixedParameters: 0 0 0

#Transform 85
Transform: AffineTransform_float_3_3
Parameters: 0.999999 -0.000448169 0.00136559 0.000452832 0.999993 -0.00353938 -0.00136441 0.00353961 0.999993 0.0968928 -0.216757 -0.765544
FixedParameters: 0 0 0

#Transform 86
Transform: AffineTransform_float_3_3
Parameters: 0.999999 -0.000534644 0.000709268 0.000535355 0.999999 -0.00050162 -0.000708731 0.000502379 0.999999 0.0325492 -0.0162541 -0.421839
FixedParameters: 0 0 0

#Transform 87
Transform: AffineTransform_float_3_3
Parameters: 0.999998 -0.00102254 0.00127697 0.00102046 0.999997 0.00198831 -0.00127903 -0.00198769 0.999997 0.0207739 0.135321 0.310924
FixedParameters: 0 0 0

#Transform 88
Transform: AffineTransform_float_3_3
Parameters: 0.999997 -0.000536203 0.0021327 0.000534796 0.999999 0.000565142 -0.0021323 -0.000563858 0.999997 0.102317 -0.136833 -0.66494
FixedParameters: 0 0 0

#Transform 89
Transform: AffineTransform_float_3_3
Parameters: 1 -0.00111517 0.000487525 0.00111783 0.999983 -0.00584346 -0.000481475 0.00584454 0.999983 0.0586592 -0.0945495 -0.192349
FixedParameters: 0 0 0

#Transform 90
Transform: AffineTransform_float_3_3
Parameters: 0.999999 -0.000876627 0.000976335 0.000877372 0.999999 -0.000381144 -0.000975666 0.000381856 1 0.0537738 0.10049 0.412233
FixedParameters: 0 0 0

#Transform 91
Transform: AffineTransform_float_3_3
Parameters: 0.999997 -0.000533683 0.00239129 0.000535318 0.999999 -0.000550721 -0.00239071 0.000551277 0.999997 0.108605 -0.137137 -0.822121
FixedParameters: 0 0 0

#Transform 92
Transform: AffineTransform_float_3_3
Parameters: 0.999998 -0.000519723 0.00201301 0.000535277 0.999971 -0.00759594 -0.00200899 0.00759706 0.999969 0.121613 -0.383048 -1.16782
FixedParameters: 0 0 0

#Transform 93
Transform: AffineTransform_float_3_3
Parameters: 0.999998 -0.000536101 0.00154062 0.000534899 0.999999 0.000714824 -0.00154038 -0.000714175 0.999998 0.0754781 -0.17626 -0.402865
FixedParameters: 0 0 0

#Transform 94
Transform: AffineTransform_float_3_3
Parameters: 1 -0.000535196 0.000232548 0.000534803 0.999999 0.000844124 -0.000233451 -0.000843874 0.999999 0.0442268 -0.0549197 -0.31146
FixedParameters: 0 0 0

#Transform 95
Transform: AffineTransform_float_3_3
Parameters: 1 -0.000416893 -0.000982357 0.000413105 0.999992 -0.00395941 0.000984644 0.00395959 0.999991 0.0282146 -0.0551222 -0.0978393
FixedParameters: 0 0 0

#Transform 96
Transform: AffineTransform_float_3_3
Parameters: 0.999999 -0.000535227 0.000584791 0.000534772 1 0.000389313 -0.000585208 -0.000388687 1 0.00781695 0.191718 0.415323
FixedParameters: 0 0 0

#Transform 97
Transform: AffineTransform_float_3_3
Parameters: 1 -0.000535592 0.000457308 0.000534407 0.999999 0.00129324 -0.000458691 -0.00129275 0.999999 0.00174248 0.184502 0.357117
FixedParameters: 0 0 0

#Transform 98
Transform: AffineTransform_float_3_3
Parameters: 0.999999 -0.000804962 0.000279107 0.000805037 0.999999 -0.000132775 -0.000278893 0.000133224 1 0.0670988 0.000289679 -0.341486
FixedParameters: 0 0 0

#Transform 99
Transform: AffineTransform_float_3_3
Parameters: 0.999999 -0.00135899 0.000551031 0.00135901 0.999999 -2.22512e-05 -0.000550968 2.37488e-05 1 0.0528139 0.147042 0.274533
FixedParameters: 0 0 0

#Transform 100
Transform: AffineTransform_float_3_3
Parameters: 0.999998 -0.00155695 0.00168405 0.00155705 0.999999 -2.93779e-05 -0.00168395 3.16219e-05 0.999998 0.0773928 0.217724 0.849685
FixedParameters: 0 0 0

#Transform 101
Transform: AffineTransform_float_3_3
Parameters: 0.999999 -0.00135912 -1.89818e-05 0.00135888 0.999985 -0.00516403 2.60176e-05 0.00516397 0.999986 0.0258889 -0.0941342 -0.224976
FixedParameters: 0 0 0

#Transform 102
Transform: AffineTransform_float_3_3
Parameters: 0.999999 -0.00154476 0.000820344 0.00154524 0.999997 -0.00151573 -0.000818658 0.00151727 0.999999 0.0236506 0.0209043 -0.276549
FixedParameters: 0 0 0

#Transform 103
Transform: AffineTransform_float_3_3
Parameters: 0.999999 -0.00135838 0.00118571 0.00135862 0.999999 -0.00052039 -0.00118529 0.000521611 0.999999 0.0668181 -0.0179136 -0.560876
FixedParameters: 0 0 0

#Transform 104
Transform: AffineTransform_float_3_3
Parameters: 0.999999 -0.000558178 0.0011059 0.000555822 0.999998 0.00196862 -0.0011071 -0.00196838 0.999998 0.0627215 0.0469841 -0.317566
FixedParameters: 0 0 0

#Transform 105
Transform: AffineTransform_float_3_3
Parameters: 0.999998 -0.00115103 0.00129254 0.00114597 0.999992 0.00388548 -0.00129646 -0.00388351 0.999991 0.0293927 0.234901 0.524418
FixedParameters: 0 0 0

#Transform 106
Transform: AffineTransform_float_3_3
Parameters: 0.999998 0.000281709 0.00193278 -0.000286293 0.999996 0.00273845 -0.00193222 -0.00273855 0.999995 0.0867359 -0.0349077 -0.655672
FixedParameters: 0 0 0

#Transform 107
Transform: AffineTransform_float_3_3
Parameters: 0.999999 -0.000671607 0.00171373 0.000675393 0.999996 -0.00256385 -0.00171227 0.00256515 0.999995 0.115186 -0.174749 -0.612005
FixedParameters: 0 0 0

#Transform 108
Transform: AffineTransform_float_3_3
Parameters: 0.999999 -0.000616941 0.00107761 0.000618059 1 -0.000983335 -0.00107639 0.000983665 0.999999 0.0250118 0.106645 0.47054
FixedParameters: 0 0 0

#Transform 109
Transform: AffineTransform_float_3_3
Parameters: 0.999999 -0.0010975 0.000800581 0.0010955 0.999994 0.00311888 -0.00080442 -0.00311812 0.999995 0.0385419 0.225762 0.391726
FixedParameters: 0 0 0

#Transform 110
Transform: AffineTransform_float_3_3
Parameters: 0.999994 -0.000306807 0.00361036 0.000310193 1 -0.00116089 -0.00360964 0.00116212 0.999993 0.185983 -0.306099 -1.43526
FixedParameters: 0 0 0

#Transform 111
Transform: AffineTransform_float_3_3
Parameters: 0.999999 -0.000515196 0.00169086 0.000517804 0.999998 -0.00165813 -0.00169014 0.00165887 0.999997 0.0767079 -0.352047 -0.915418
FixedParameters: 0 0 0

#Transform 112
Transform: AffineTransform_float_3_3
Parameters: 0.999998 -0.000959715 0.00132304 0.000957284 0.999998 0.00205027 -0.00132597 -0.00204973 0.999997 0.00263925 0.207009 0.76094
FixedParameters: 0 0 0

#Transform 113
Transform: AffineTransform_float_3_3
Parameters: 0.999998 -0.00155648 0.000307572 0.00155652 0.999997 0.00156048 -0.00031043 -0.00156052 0.999998 0.0616154 0.16001 0.47794
FixedParameters: 0 0 0

#Transform 114
Transform: AffineTransform_float_3_3
Parameters: 1 -0.00104932 0.000352043 0.00104968 0.999999 0.00091237 -0.000352958 -0.00091263 0.999999 0.0329756 -0.012342 -0.497077
FixedParameters: 0 0 0

#Transform 115
Transform: AffineTransform_float_3_3
Parameters: 1 -0.000226625 -0.000467182 0.000227374 0.999999 0.000801893 0.000466818 -0.000802105 0.999999 -0.00305065 0.153367 -0.170569
FixedParameters: 0 0 0

#Transform 116
Transform: AffineTransform_float_3_3
Parameters: 0.999998 -0.00166747 0.000980812 0.00166453 0.999996 0.00251464 -0.000985187 -0.00251236 0.999997 0.0454221 0.262183 0.596233
FixedParameters: 0 0 0

#Transform 117
Transform: AffineTransform_float_3_3
Parameters: 0.999997 -0.00167184 0.00170616 0.00167116 0.999998 -9.41489e-05 -0.00170584 9.68521e-05 0.999998 0.0571805 0.0949303 0.523391
FixedParameters: 0 0 0

#Transform 118
Transform: AffineTransform_float_3_3
Parameters: 1 -0.00107793 0.000125597 0.00107707 1 -0.000553865 -0.000125403 0.000554136 1 0.0654939 0.0381859 0.24546
FixedParameters: 0 0 0

#Transform 119
Transform: AffineTransform_float_3_3
Parameters: 0.999999 -0.000744244 0.00159596 0.000741758 0.999998 0.00140519 -0.00159704 -0.00140481 0.999997 0.0818592 0.00522856 -0.521677
FixedParameters: 0 0 0
