# transform file /out/sourcedata/freesurfer/sub-v2s0x29038_ses-1/mri/transforms/cc_up.lta
# created by oesteban on Tue Mar 10 11:22:04 2026

type      = 0 # LINEAR_VOX_TO_VOX
nxforms   = 1
mean      = 128.0000 92.0000 116.0000
sigma     = 10000.0000
1 4 4
9.990062117576599e-01 -4.336715117096901e-02 1.028921082615852e-02 5.708022594451904e+00 
4.336485266685486e-02 9.990592002868652e-01 4.466340178623796e-04 4.957939910888672e+01 
-1.029890030622482e-02 -5.820766091346741e-11 9.999469518661499e-01 2.429810523986816e+01 
0.000000000000000e+00 0.000000000000000e+00 0.000000000000000e+00 1.000000000000000e+00 
src volume info
valid = 1  # volume info valid
filename = /out/sourcedata/freesurfer/sub-v2s0x29038_ses-1/mri/norm.mgz
volume = 256 256 256
voxelsize = 1.000000000000000e+00 1.000000000000000e+00 1.000000000000000e+00
xras   = -1.000000000000000e+00 0.000000000000000e+00 0.000000000000000e+00
yras   = 0.000000000000000e+00 0.000000000000000e+00 -1.000000000000000e+00
zras   = 0.000000000000000e+00 1.000000000000000e+00 0.000000000000000e+00
cras   = 7.740631103515625e-01 4.031877136230469e+01 -1.873841857910156e+01
dst volume info
valid = 1  # volume info valid
filename = /out/sourcedata/freesurfer/sub-v2s0x29038_ses-1/mri/norm.mgz
volume = 256 256 256
voxelsize = 1.000000000000000e+00 1.000000000000000e+00 1.000000000000000e+00
xras   = -1.000000000000000e+00 0.000000000000000e+00 0.000000000000000e+00
yras   = 0.000000000000000e+00 0.000000000000000e+00 -1.000000000000000e+00
zras   = 0.000000000000000e+00 1.000000000000000e+00 0.000000000000000e+00
cras   = 7.740631103515625e-01 4.031877136230469e+01 -1.873841857910156e+01
