#Insight Transform File V1.0
#Transform 0
Transform: AffineTransform_float_3_3
Parameters: 1 2.04435e-07 0.000413 2.04435e-07 1 -0.000495 -0.000413 0.000495 1 0.000676633 0.0242902 0.0303914
FixedParameters: 0 0 0

#Transform 1
Transform: AffineTransform_float_3_3
Parameters: 1 -4.2951e-08 0.000309 -4.2951e-08 1 0.000139 -0.000309 -0.000139 1 0.000457991 0.0472799 0.0587551
FixedParameters: 0 0 0

#Transform 2
Transform: AffineTransform_float_3_3
Parameters: 1 -5.3992e-08 0.000136 -5.3992e-08 1 0.000397 -0.000136 -0.000397 1 -0.00342204 0.0124251 0.0448424
FixedParameters: 0 0 0

#Transform 3
Transform: AffineTransform_float_3_3
Parameters: 1 -3.996e-08 -7.4e-05 -3.996e-08 1 -0.00054 7.4e-05 0.00054 1 -0.000213369 -0.0398576 -0.0251772
FixedParameters: 0 0 0

#Transform 4
Transform: AffineTransform_float_3_3
Parameters: 1 -1.70166e-07 0.000158 -1.70166e-07 1 0.001077 -0.000158 -0.001077 1 0.000151048 0.0525181 0.0732865
FixedParameters: 0 0 0

#Transform 5
Transform: AffineTransform_float_3_3
Parameters: 1 -2.7047e-08 3.7e-05 -2.7047e-08 0.999999 0.000731 -3.7e-05 -0.000731 0.999999 -4.69752e-05 0.0656446 0.024557
FixedParameters: 0 0 0

#Transform 6
Transform: AffineTransform_float_3_3
Parameters: 1 -6.004e-09 0.000158 -6.004e-09 1 3.8e-05 -0.000158 -3.8e-05 1 0.000151747 -0.00856207 0.0397308
FixedParameters: 0 0 0

#Transform 7
Transform: AffineTransform_float_3_3
Parameters: 1 0.000111041 -0.000126964 -0.000110959 1 0.000322014 0.000127036 -0.000321986 1 -0.00621132 0.102051 0.0343919
FixedParameters: 0 0 0

#Transform 8
Transform: AffineTransform_float_3_3
Parameters: 1 4.6041e-08 -0.000149 4.6041e-08 1 0.000309 0.000149 -0.000309 1 -0.00563462 0.135196 -0.0210987
FixedParameters: 0 0 0

#Transform 9
Transform: AffineTransform_float_3_3
Parameters: 1 2.04015e-07 -0.000435 2.04015e-07 1 0.000469 0.000435 -0.000469 1 -0.000818369 0.01274 0.0130546
FixedParameters: 0 0 0

#Transform 10
Transform: AffineTransform_float_3_3
Parameters: 1 0.000120026 -4.29267e-05 -0.000119974 1 0.000611005 4.20733e-05 -0.000610995 1 -0.00656946 0.0945586 0.0162116
FixedParameters: 0 0 0

#Transform 11
Transform: AffineTransform_float_3_3
Parameters: 1 0.000188343 -0.000560885 -0.000187658 1 0.000610105 0.000560114 -0.000610894 0.999999 -0.0316738 0.0591153 -0.0222595
FixedParameters: 0 0 0

#Transform 12
Transform: AffineTransform_float_3_3
Parameters: 1 0.000187843 0.00022713 -0.000188157 0.999999 0.000692957 -0.00022687 -0.000693042 0.999999 -0.0350036 -0.015745 0.0354655
FixedParameters: 0 0 0

#Transform 13
Transform: AffineTransform_float_3_3
Parameters: 0.999999 0.000734914 -0.000193324 -0.000735085 0.999999 -0.000440858 0.000192676 0.000441142 1 -0.0685763 -0.0156712 -0.0263843
FixedParameters: 0 0 0

#Transform 14
Transform: AffineTransform_float_3_3
Parameters: 1 0.000303759 0.000505144 -0.00030424 1 0.000475846 -0.000504855 -0.000476153 1 -0.0398845 0.0226341 0.0657397
FixedParameters: 0 0 0

#Transform 15
Transform: AffineTransform_float_3_3
Parameters: 1 0.000304033 -0.000152934 -0.000303967 1 0.000217046 0.000153066 -0.000216953 1 -0.0431797 0.00316547 0.0160018
FixedParameters: 0 0 0

#Transform 16
Transform: AffineTransform_float_3_3
Parameters: 1 0.000559062 -0.00031689 -0.000558937 1 0.000197177 0.00031711 -0.000196823 1 -0.0539739 0.06139 -0.00465993
FixedParameters: 0 0 0

#Transform 17
Transform: AffineTransform_float_3_3
Parameters: 1 -0.000115122 0.000139899 0.000114877 0.999999 0.000875015 -0.000140101 -0.000874983 0.999999 0.00610918 0.0907755 0.0329988
FixedParameters: 0 0 0

#Transform 18
Transform: AffineTransform_float_3_3
Parameters: 1 -0.00011489 -0.000321039 0.00011511 1 0.000343963 0.00032096 -0.000344037 1 0.0179823 0.0262939 0.100123
FixedParameters: 0 0 0

#Transform 19
Transform: AffineTransform_float_3_3
Parameters: 1 0.000315 -1.09934e-05 -0.000315 1 2.10035e-05 1.10066e-05 -2.09965e-05 1 -0.000754288 0.0384458 -0.0145352
FixedParameters: 0 0 0

#Transform 20
Transform: AffineTransform_float_3_3
Parameters: 1 -0.000114996 -1.10447e-05 0.000115004 1 0.000388999 1.09553e-05 -0.000389001 1 0.00288178 0.0140177 0.0217854
FixedParameters: 0 0 0

#Transform 21
Transform: AffineTransform_float_3_3
Parameters: 1 -0.000114999 -1.10154e-05 0.000115001 1 0.000133999 1.09846e-05 -0.000134001 1 0.00587029 0.00525495 0.06697
FixedParameters: 0 0 0

#Transform 22
Transform: AffineTransform_float_3_3
Parameters: 1 -0.000114996 -1.10422e-05 0.000115004 1 0.000366999 1.09578e-05 -0.000367001 1 0.00587164 -0.00233634 0.0236578
FixedParameters: 0 0 0

#Transform 23
Transform: AffineTransform_float_3_3
Parameters: 1 0.000116962 -0.000343013 -0.000117038 1 -0.00010996 0.000342987 0.00011004 1 -0.0018638 0.0358489 0.00323091
FixedParameters: 0 0 0

#Transform 24
Transform: AffineTransform_float_3_3
Parameters: 1 -0.000114955 -0.000208025 0.000115045 1 0.000216976 0.000207975 -0.000217024 1 0.00557962 0.00747337 -0.0530497
FixedParameters: 0 0 0

#Transform 25
Transform: AffineTransform_float_3_3
Parameters: 1 -0.000114905 -0.000208052 0.000115095 1 0.000454976 0.000207948 -0.000455024 1 0.00555119 0.100464 0.0321857
FixedParameters: 0 0 0

#Transform 26
Transform: AffineTransform_float_3_3
Parameters: 1 5.49648e-05 0.000227009 -5.50352e-05 1 0.000154988 -0.000226991 -0.000155012 1 -0.00278639 0.0545832 0.00107285
FixedParameters: 0 0 0

#Transform 27
Transform: AffineTransform_float_3_3
Parameters: 1 -0.000115 2.80002e-05 0.000115 1 -1.99678e-06 -2.79998e-05 2.00322e-06 1 0.00597109 -0.0171409 -0.00802692
FixedParameters: 0 0 0

#Transform 28
Transform: AffineTransform_float_3_3
Parameters: 1 -3.20729e-05 0.000272991 3.19271e-05 1 0.000267009 -0.000273009 -0.000266991 1 0.00731002 -0.0104603 0.0776996
FixedParameters: 0 0 0

#Transform 29
Transform: AffineTransform_float_3_3
Parameters: 1 0.000458034 -0.000126876 -0.000457965 1 0.000271058 0.000127124 -0.000270942 1 -0.00368153 -0.0378372 0.0331453
FixedParameters: 0 0 0

#Transform 30
Transform: AffineTransform_float_3_3
Parameters: 1 8.39859e-05 5.70208e-05 -8.40141e-05 1 0.000247995 -5.69792e-05 -0.000248005 1 0.00201577 -0.02705 0.032563
FixedParameters: 0 0 0

#Transform 31
Transform: AffineTransform_float_3_3
Parameters: 1 0.000185996 3.00268e-05 -0.000186004 1 0.000143994 -2.99732e-05 -0.000144006 1 -0.0109491 0.0552139 -0.0132923
FixedParameters: 0 0 0

#Transform 32
Transform: AffineTransform_float_3_3
Parameters: 1 0.000185998 -0.000118003 -0.000186002 1 -1.79781e-05 0.000117997 1.80219e-05 1 -0.000788035 0.000838875 -0.0360834
FixedParameters: 0 0 0

#Transform 33
Transform: AffineTransform_float_3_3
Parameters: 1 0.000185868 0.000459053 -0.000186132 1 0.000287915 -0.000458946 -0.000287085 1 -0.00679001 0.0622501 0.0446866
FixedParameters: 0 0 0

#Transform 34
Transform: AffineTransform_float_3_3
Parameters: 1 0.000185931 0.000402032 -0.00018607 1 0.000172925 -0.000401968 -0.000172075 1 -0.00200132 -0.00452996 0.0416556
FixedParameters: 0 0 0

#Transform 35
Transform: AffineTransform_float_3_3
Parameters: 1 0.000185821 0.000459072 -0.000186179 1 0.000389914 -0.000458927 -0.000390085 1 -0.0174985 0.111486 0.0737644
FixedParameters: 0 0 0

#Transform 36
Transform: AffineTransform_float_3_3
Parameters: 0.999999 0.000185933 0.000885013 -0.000186067 1 7.58353e-05 -0.000884985 -7.61645e-05 0.999999 -0.0170977 0.0543743 0.0760093
FixedParameters: 0 0 0

#Transform 37
Transform: AffineTransform_float_3_3
Parameters: 0.999999 0.000186081 0.000884982 -0.000185918 1 -9.21645e-05 -0.000885016 9.18353e-05 0.999999 -0.0154938 0.0369074 0.0581515
FixedParameters: 0 0 0

#Transform 38
Transform: AffineTransform_float_3_3
Parameters: 1 4.57729e-05 0.000440024 -4.5227e-05 1 0.00051598 -0.000439977 -0.00051602 1 -0.0055919 0.0345433 0.0979419
FixedParameters: 0 0 0

#Transform 39
Transform: AffineTransform_float_3_3
Parameters: 1 -0.000228217 0.00054991 0.000228783 1 0.000394126 -0.00055009 -0.000393874 1 0.0200782 0.0328133 0.0917658
FixedParameters: 0 0 0

#Transform 40
Transform: AffineTransform_float_3_3
Parameters: 1 0.000231082 0.000139865 -0.000230919 1 -0.000585032 -0.000139135 0.000584968 1 -0.00649269 0.00935145 -0.054218
FixedParameters: 0 0 0

#Transform 41
Transform: AffineTransform_float_3_3
Parameters: 1 8.10533e-05 0.000572992 -8.09467e-05 1 -9.30464e-05 -0.000573007 9.29536e-05 1 -0.00397188 0.0250793 -0.0392348
FixedParameters: 0 0 0

#Transform 42
Transform: AffineTransform_float_3_3
Parameters: 0.999999 0.000329247 0.000674879 -0.000329752 1 -0.000367222 -0.000675121 0.000366778 0.999999 -0.0203103 0.00535982 -0.00185249
FixedParameters: 0 0 0

#Transform 43
Transform: AffineTransform_float_3_3
Parameters: 0.999999 0.000450295 0.000804834 -0.000449704 1 -0.000367362 -0.000805164 0.000366637 0.999999 -0.032798 0.000880824 -0.00620231
FixedParameters: 0 0 0

#Transform 44
Transform: AffineTransform_float_3_3
Parameters: 1 0.000450936 0.000804476 -0.000450065 0.999999 -0.00116336 -0.000804524 0.00116264 0.999999 -0.0355187 -0.030824 -0.0736907
FixedParameters: 0 0 0

#Transform 45
Transform: AffineTransform_float_3_3
Parameters: 1 0.000187661 0.00045873 -0.000186339 0.999999 -0.00144009 -0.000459269 0.00143991 0.999999 -0.0085503 -0.00307273 -0.0897148
FixedParameters: 0 0 0

#Transform 46
Transform: AffineTransform_float_3_3
Parameters: 1 0.000450107 0.00095895 -0.000449893 1 -0.000111431 -0.00095905 0.000111568 0.999999 -0.0187831 0.0861991 0.12653
FixedParameters: 0 0 0

#Transform 47
Transform: AffineTransform_float_3_3
Parameters: 0.999999 0.000192697 0.000939061 -0.000192302 1 0.000321819 -0.000938937 -0.000322181 0.999999 0.00999358 -0.0257829 0.159317
FixedParameters: 0 0 0

#Transform 48
Transform: AffineTransform_float_3_3
Parameters: 0.999999 0.000168974 0.000746005 -0.000169026 1 3.48739e-05 -0.000745994 -3.51261e-05 0.999999 0.0131677 0.0337997 0.0082289
FixedParameters: 0 0 0

#Transform 49
Transform: AffineTransform_float_3_3
Parameters: 0.999999 4.71376e-05 0.000804991 -4.68623e-05 1 -0.000171038 -0.000805007 0.000170962 0.999999 -0.00320205 0.0185156 -0.0416768
FixedParameters: 0 0 0

#Transform 50
Transform: AffineTransform_float_3_3
Parameters: 0.999999 -3.6096e-05 0.000805041 3.6904e-05 1 -0.00112297 -0.000804959 0.00112303 0.999999 0.00515856 -0.0298096 -0.109443
FixedParameters: 0 0 0

#Transform 51
Transform: AffineTransform_float_3_3
Parameters: 0.999999 4.70475e-05 0.000804997 -4.69525e-05 1 -5.90378e-05 -0.000805002 5.89621e-05 0.999999 0.00278264 0.0446929 0.0657285
FixedParameters: 0 0 0

#Transform 52
Transform: AffineTransform_float_3_3
Parameters: 1 0.000479953 0.00101002 -0.000480047 1 4.65152e-05 -0.00100998 -4.64848e-05 1 -0.0245822 0.0606886 0.0693868
FixedParameters: 0 0 0

#Transform 53
Transform: AffineTransform_float_3_3
Parameters: 0.999999 4.71408e-05 0.000804991 -4.68591e-05 1 -0.000175038 -0.000805008 0.000174962 0.999999 0.0124602 0.0709134 0.028877
FixedParameters: 0 0 0

#Transform 54
Transform: AffineTransform_float_3_3
Parameters: 0.999999 0.000331801 0.00080467 -0.000331199 1 -0.000995268 -0.00080533 0.000994734 0.999999 0.00451533 0.00259968 -0.0147834
FixedParameters: 0 0 0

#Transform 55
Transform: AffineTransform_float_3_3
Parameters: 1 -5.66591e-05 0.00116607 5.83409e-05 1 -0.00114993 -0.00116593 0.00115007 0.999998 0.0153028 0.0495725 -0.0495481
FixedParameters: 0 0 0

#Transform 56
Transform: AffineTransform_float_3_3
Parameters: 0.999999 0.000477702 0.00132475 -0.000476297 0.999999 -0.000530631 -0.00132525 0.000529367 0.999999 -0.0023823 0.0839772 0.0204168
FixedParameters: 0 0 0

#Transform 57
Transform: AffineTransform_float_3_3
Parameters: 0.999999 0.000515162 0.00112593 -0.000514839 1 -0.00014358 -0.00112607 0.00014342 1 -0.00481509 -0.0126248 0.0379866
FixedParameters: 0 0 0

#Transform 58
Transform: AffineTransform_float_3_3
Parameters: 1 0.000240432 0.00113491 -0.000240568 1 -0.000381273 -0.00113409 0.000380728 1 0.00995168 -0.0160902 0.0264322
FixedParameters: 0 0 0

#Transform 59
Transform: AffineTransform_float_3_3
Parameters: 0.999998 0.000398392 0.00154939 -0.000396607 0.999998 -0.00154362 -0.00155061 0.00154338 0.999997 -0.00331988 -0.0346802 -0.0663915
FixedParameters: 0 0 0

#Transform 60
Transform: AffineTransform_float_3_3
Parameters: 0.999998 0.000620707 0.00150889 -0.000617293 0.999998 -0.00179393 -0.00151011 0.00179307 0.999998 -0.0098722 -0.0278852 -0.0797691
FixedParameters: 0 0 0

#Transform 61
Transform: AffineTransform_float_3_3
Parameters: 0.999998 0.000970212 0.00176779 -0.000967786 0.999998 -0.00125271 -0.00176921 0.00125029 0.999997 -0.0279593 0.0523537 -0.0498062
FixedParameters: 0 0 0

#Transform 62
Transform: AffineTransform_float_3_3
Parameters: 0.999996 7.66547e-05 0.00258887 -7.23446e-05 0.999999 -0.00179819 -0.00258913 0.00179781 0.999995 0.00764077 0.0654774 -0.0544801
FixedParameters: 0 0 0

#Transform 63
Transform: AffineTransform_float_3_3
Parameters: 0.999997 0.000921746 0.00200674 -0.000919253 0.999998 -0.00136885 -0.00200826 0.00136715 0.999997 -0.00854848 0.0692387 -0.0344622
FixedParameters: 0 0 0

#Transform 64
Transform: AffineTransform_float_3_3
Parameters: 0.999997 0.000288175 0.00238486 -0.000286823 1 -0.000493685 -0.00238514 0.000492314 0.999997 -0.0107576 0.0743158 0.00941335
FixedParameters: 0 0 0

#Transform 65
Transform: AffineTransform_float_3_3
Parameters: 0.999997 -2.46337e-06 0.002385 2.53662e-06 1 -0.000224995 -0.002385 0.000225007 0.999997 0.00543032 0.0139577 0.00699327
FixedParameters: 0 0 0

#Transform 66
Transform: AffineTransform_float_3_3
Parameters: 0.999998 -3.08933e-06 0.001942 2.91066e-06 1 4.60057e-05 -0.001942 -4.59941e-05 0.999998 0.0144406 0.0387803 0.0370809
FixedParameters: 0 0 0

#Transform 67
Transform: AffineTransform_float_3_3
Parameters: 0.999998 -2.34138e-06 0.001966 2.65861e-06 1 -0.000334995 -0.001966 0.000335005 0.999998 0.00831765 0.0138261 0.0182158
FixedParameters: 0 0 0

#Transform 68
Transform: AffineTransform_float_3_3
Parameters: 0.999997 -0.000437534 0.00238527 0.000439468 0.999999 -0.000614953 -0.00238473 0.000615045 0.999997 0.0257837 0.0387166 0.0398588
FixedParameters: 0 0 0

#Transform 69
Transform: AffineTransform_float_3_3
Parameters: 0.999997 -0.000437183 0.00238533 0.000438817 0.999999 -0.000760955 -0.00238567 0.000762045 0.999997 0.0188324 0.00156919 0.00271634
FixedParameters: 0 0 0

#Transform 70
Transform: AffineTransform_float_3_3
Parameters: 0.999997 0.000367625 0.00216472 -0.000365375 0.999999 -0.000750793 -0.00216527 0.000750206 0.999998 0.00248231 0.0583357 -0.00187219
FixedParameters: 0 0 0

#Transform 71
Transform: AffineTransform_float_3_3
Parameters: 0.999998 -7.46955e-05 0.00195101 7.53042e-05 1 -0.000155853 -0.00195099 0.000156146 0.999998 0.0135259 0.0193682 0.0586489
FixedParameters: 0 0 0

#Transform 72
Transform: AffineTransform_float_3_3
Parameters: 0.999998 0.000662449 0.00156739 -0.000660551 1 -0.000925037 -0.00156761 0.000923964 0.999999 -0.0120862 0.0246685 -0.0714105
FixedParameters: 0 0 0

#Transform 73
Transform: AffineTransform_float_3_3
Parameters: 0.999998 0.000170012 0.00197791 -0.000168989 1 -0.000511335 -0.00197809 0.000511665 0.999998 0.0149052 -0.0109619 -0.0408507
FixedParameters: 0 0 0

#Transform 74
Transform: AffineTransform_float_3_3
Parameters: 0.999998 0.000240937 0.00162271 -0.000238063 1 -0.00119439 -0.00162228 0.00119361 0.999998 0.0105866 -0.011887 -0.0351947
FixedParameters: 0 0 0

#Transform 75
Transform: AffineTransform_float_3_3
Parameters: 0.999999 -0.000275947 0.00180962 0.000280053 0.999998 -0.0022405 -0.00180838 0.0022405 0.999996 0.0245507 0.00963855 -0.0958837
FixedParameters: 0 0 0

#Transform 76
Transform: AffineTransform_float_3_3
Parameters: 0.999999 0.000547707 0.00162276 -0.000546294 1 -0.000435887 -0.00162224 0.000435112 0.999998 -0.00554585 -0.0219328 0.0522022
FixedParameters: 0 0 0

#Transform 77
Transform: AffineTransform_float_3_3
Parameters: 0.999997 0.000547983 0.00205574 -0.000547016 0.999999 -0.000479125 -0.00205626 0.000477874 0.999998 0.0137285 0.0545139 0.0307194
FixedParameters: 0 0 0

#Transform 78
Transform: AffineTransform_float_3_3
Parameters: 0.999998 0.00055045 0.00215512 -0.00054655 0.999998 -0.00160118 -0.00215588 0.00159982 0.999997 -0.00501508 -0.00816752 -0.104401
FixedParameters: 0 0 0

#Transform 79
Transform: AffineTransform_float_3_3
Parameters: 0.999998 0.000548186 0.00190766 -0.000546814 0.999999 -0.000622044 -0.00190834 0.000620955 0.999998 -0.00764307 0.0442008 0.0491175
FixedParameters: 0 0 0

#Transform 80
Transform: AffineTransform_float_3_3
Parameters: 0.999998 0.000216235 0.00210497 -0.000215764 1 -0.000112454 -0.00210502 0.000111545 0.999998 0.012841 0.030757 0.0663225
FixedParameters: 0 0 0

#Transform 81
Transform: AffineTransform_float_3_3
Parameters: 0.999998 0.000475499 0.00204665 -0.0004745 0.999999 -0.000732972 -0.00204735 0.000732028 0.999997 0.0154364 -0.00695684 -0.0264337
FixedParameters: 0 0 0

#Transform 82
Transform: AffineTransform_float_3_3
Parameters: 0.999997 0.000618138 0.00205196 -0.000617861 1 -6.8268e-05 -0.00205204 6.67317e-05 0.999998 -0.000461109 0.0484656 -0.00405205
FixedParameters: 0 0 0

#Transform 83
Transform: AffineTransform_float_3_3
Parameters: 0.999997 0.000625615 0.00232157 -0.000623385 1 -0.00069645 -0.00232143 0.00069455 0.999997 -0.000959551 0.0474063 -0.0175345
FixedParameters: 0 0 0

#Transform 84
Transform: AffineTransform_float_3_3
Parameters: 0.999997 0.000368865 0.00243287 -0.000368135 1 -0.000355897 -0.00243313 0.000355104 0.999997 -0.00262769 0.0471212 -0.0117402
FixedParameters: 0 0 0

#Transform 85
Transform: AffineTransform_float_3_3
Parameters: 0.999997 0.000370428 0.00238762 -0.000367573 1 -0.00101688 -0.00238837 0.00101612 0.999996 0.00500794 0.046099 -0.0469286
FixedParameters: 0 0 0

#Transform 86
Transform: AffineTransform_float_3_3
Parameters: 0.999996 0.00037035 0.00280269 -0.00036765 0.999999 -0.000839033 -0.00280231 0.000837965 0.999995 0.0056584 -0.00439544 -0.0305511
FixedParameters: 0 0 0

#Transform 87
Transform: AffineTransform_float_3_3
Parameters: 0.999993 0.000428468 0.0035521 -0.00042053 0.999997 -0.00210351 -0.00355289 0.00210149 0.999991 -0.0319007 -0.0187502 -0.113829
FixedParameters: 0 0 0

#Transform 88
Transform: AffineTransform_float_3_3
Parameters: 0.999994 0.000603222 0.00355212 -0.000597778 0.999998 -0.00147113 -0.00355288 0.00146887 0.999992 0.0308748 0.0327583 -0.0494954
FixedParameters: 0 0 0

#Transform 89
Transform: AffineTransform_float_3_3
Parameters: 0.999993 0.000507585 0.00355135 -0.000503414 0.999999 -0.0012918 -0.00355265 0.0012902 0.999993 -0.0248828 0.0349886 -0.0258383
FixedParameters: 0 0 0

#Transform 90
Transform: AffineTransform_float_3_3
Parameters: 0.999992 0.000685183 0.00396945 -0.000682819 1 -0.000802717 -0.00396955 0.000800287 0.999992 -0.0194718 0.0338974 0.0320177
FixedParameters: 0 0 0

#Transform 91
Transform: AffineTransform_float_3_3
Parameters: 0.999993 0.000418294 0.00375963 -0.000414707 0.999999 -0.000876565 -0.00376036 0.000875433 0.999992 -0.00569259 0.0556015 0.0177372
FixedParameters: 0 0 0

#Transform 92
Transform: AffineTransform_float_3_3
Parameters: 0.999997 0.000542525 0.00264728 -0.000539475 0.999999 -0.00133243 -0.00264772 0.00133057 0.999995 0.0168243 0.108148 -0.118527
FixedParameters: 0 0 0

#Transform 93
Transform: AffineTransform_float_3_3
Parameters: 0.999997 0.000355994 0.00249229 -0.000351007 0.999998 -0.00200388 -0.00249271 0.00200312 0.999995 0.00865141 0.000351934 -0.183707
FixedParameters: 0 0 0

#Transform 94
Transform: AffineTransform_float_3_3
Parameters: 0.999997 0.000313174 0.00249235 -0.000308827 0.999998 -0.00207578 -0.00249265 0.00207522 0.999994 -0.000948865 -0.091503 -0.156977
FixedParameters: 0 0 0

#Transform 95
Transform: AffineTransform_float_3_3
Parameters: 0.999993 0.000686673 0.00369714 -0.000682325 0.999999 -0.00126553 -0.00369787 0.00126247 0.999993 -0.00284315 0.00424104 -0.0653066
FixedParameters: 0 0 0

#Transform 96
Transform: AffineTransform_float_3_3
Parameters: 0.999992 0.000580997 0.00410102 -0.000574007 0.999999 -0.00170637 -0.00410199 0.00170463 0.99999 0.00352996 -0.0226895 -0.0635123
FixedParameters: 0 0 0

#Transform 97
Transform: AffineTransform_float_3_3
Parameters: 0.999995 0.000157327 0.00315059 -0.000148676 0.999996 -0.00264248 -0.0031504 0.00264251 0.999991 0.0143554 -0.0491863 -0.220675
FixedParameters: 0 0 0

#Transform 98
Transform: AffineTransform_float_3_3
Parameters: 0.999994 0.000223745 0.00365824 -0.000211256 0.999994 -0.0034838 -0.00365876 0.00348321 0.999987 -0.0491521 -0.0552308 -0.184099
FixedParameters: 0 0 0

#Transform 99
Transform: AffineTransform_float_3_3
Parameters: 0.99999 0.000394056 0.00450021 -0.000384946 0.999998 -0.00201275 -0.00450078 0.00201125 0.999988 0.000507742 0.0136187 -0.00958295
FixedParameters: 0 0 0

#Transform 100
Transform: AffineTransform_float_3_3
Parameters: 0.999989 0.000392543 0.00481339 -0.000385458 0.999998 -0.00156787 -0.00481361 0.00156613 0.999987 -0.0343772 0.0143308 -0.00743849
FixedParameters: 0 0 0

#Transform 101
Transform: AffineTransform_float_3_3
Parameters: 0.999988 0.000389631 0.00498964 -0.00038537 0.999999 -0.000928934 -0.00498936 0.000927067 0.999987 0.0134328 0.0679996 0.0194634
FixedParameters: 0 0 0

#Transform 102
Transform: AffineTransform_float_3_3
Parameters: 0.999983 0.00131413 0.00558332 -0.00130687 0.999999 -0.00128132 -0.00558467 0.00127368 0.999983 -0.254616 0.0707337 -0.0575636
FixedParameters: 0 0 0

#Transform 103
Transform: AffineTransform_float_3_3
Parameters: 0.999984 0.00140316 0.00538491 -0.00139883 0.999998 -0.000777545 -0.00538608 0.000769454 0.999985 -0.259768 -0.0104294 -0.0281466
FixedParameters: 0 0 0

#Transform 104
Transform: AffineTransform_float_3_3
Parameters: 0.999986 0.00139824 0.00506501 -0.00139076 0.999998 -0.00143306 -0.00506699 0.00142594 0.999986 -0.0139849 0.00515851 0.01165
FixedParameters: 0 0 0

#Transform 105
Transform: AffineTransform_float_3_3
Parameters: 0.999986 0.0014181 0.00521 -0.00140691 0.999996 -0.00213236 -0.00521301 0.00212564 0.999984 -0.0149403 0.0322611 -0.0673511
FixedParameters: 0 0 0

#Transform 106
Transform: AffineTransform_float_3_3
Parameters: 0.999982 0.00112966 0.00577412 -0.00112033 0.999998 -0.0016765 -0.00577688 0.0016695 0.999982 -0.0689457 -0.0516291 -0.0794525
FixedParameters: 0 0 0

#Transform 107
Transform: AffineTransform_float_3_3
Parameters: 0.999982 0.00111077 0.00586616 -0.00110123 0.999998 -0.00166849 -0.00586784 0.00166151 0.999982 -0.0627917 -0.0489065 -0.0959597
FixedParameters: 0 0 0

#Transform 108
Transform: AffineTransform_float_3_3
Parameters: 0.999982 0.00107956 0.00592245 -0.00107044 0.999999 -0.00144837 -0.00592355 0.00144163 0.999982 -0.0684354 -0.00509195 -0.0972999
FixedParameters: 0 0 0

#Transform 109
Transform: AffineTransform_float_3_3
Parameters: 0.999985 0.000966523 0.00551586 -0.000960483 0.999999 -0.00118432 -0.00551614 0.00117969 0.999984 -0.0741074 -0.0202758 -0.0847295
FixedParameters: 0 0 0

#Transform 110
Transform: AffineTransform_float_3_3
Parameters: 0.999987 0.000967354 0.00511162 -0.000960647 0.999998 -0.00144093 -0.00511239 0.00143607 0.999986 -0.0890617 0.0382087 -0.0918575
FixedParameters: 0 0 0

#Transform 111
Transform: AffineTransform_float_3_3
Parameters: 0.999987 0.00101192 0.00504642 -0.00100408 0.999999 -0.00157209 -0.00504758 0.00156691 0.999986 -0.0498459 0.0212588 -0.113072
FixedParameters: 0 0 0

#Transform 112
Transform: AffineTransform_float_3_3
Parameters: 0.999986 0.000761146 0.00520796 -0.000753854 0.999999 -0.00137395 -0.00520904 0.00137005 0.999986 -0.0341062 0.0376513 -0.0621069
FixedParameters: 0 0 0

#Transform 113
Transform: AffineTransform_float_3_3
Parameters: 0.999989 0.000774276 0.00448441 -0.000764726 0.999997 -0.00206945 -0.00448559 0.00206655 0.999988 -0.0256059 0.0636436 -0.171828
FixedParameters: 0 0 0

#Transform 114
Transform: AffineTransform_float_3_3
Parameters: 0.999988 0.000662047 0.00498468 -0.000651951 0.999998 -0.00201727 -0.00498632 0.00201372 0.999985 -0.0186106 0.0188332 -0.113351
FixedParameters: 0 0 0

#Transform 115
Transform: AffineTransform_float_3_3
Parameters: 0.999988 0.00075568 0.0049914 -0.000745321 0.999998 -0.00214075 -0.00499361 0.00213726 0.999985 -0.0236303 -0.00544935 -0.12649
FixedParameters: 0 0 0

#Transform 116
Transform: AffineTransform_float_3_3
Parameters: 0.999983 0.00107814 0.00574529 -0.00106886 0.999998 -0.00159417 -0.00574771 0.00158783 0.999982 -0.0396335 -0.00235618 -0.0920226
FixedParameters: 0 0 0

#Transform 117
Transform: AffineTransform_float_3_3
Parameters: 0.999983 0.00107548 0.00562577 -0.00106852 0.999999 -0.00115403 -0.00562723 0.00114797 0.999984 -0.0323901 -0.0143653 -0.0239526
FixedParameters: 0 0 0

#Transform 118
Transform: AffineTransform_float_3_3
Parameters: 0.999983 0.00139185 0.00562605 -0.00138715 0.999999 -0.000687816 -0.00562695 0.000680179 0.999984 -0.0456455 -0.012586 -0.00723067
FixedParameters: 0 0 0

#Transform 119
Transform: AffineTransform_float_3_3
Parameters: 0.99999 0.000990801 0.00420994 -0.000982199 0.999998 -0.00209216 -0.00421206 0.00208785 0.999989 -0.0406144 -0.0158984 -0.219781
FixedParameters: 0 0 0
