#Insight Transform File V1.0
#Transform 0
Transform: AffineTransform_float_3_3
Parameters: 1 -0.000472884 -0.000436043 0.000472115 0.999998 -0.00202621 0.000436957 0.00202579 0.999998 0.0392493 0.0159028 -0.00934891
FixedParameters: 0 0 0

#Transform 1
Transform: AffineTransform_float_3_3
Parameters: 1 -0.000439866 6.19612e-05 0.000440135 0.999998 -0.00218497 -6.10384e-05 0.00218503 0.999997 0.040418 -0.0290174 -0.0804109
FixedParameters: 0 0 0

#Transform 2
Transform: AffineTransform_float_3_3
Parameters: 1 0.00112201 -0.000154946 -0.00112199 1 4.81739e-05 0.000155054 -4.78261e-05 1 -0.0596027 -0.0317373 -0.13048
FixedParameters: 0 0 0

#Transform 3
Transform: AffineTransform_float_3_3
Parameters: 1 0.00102241 -0.000410986 -0.00102159 0.999999 0.000992421 0.000412014 -0.00099158 1 -0.0680433 -0.0601098 0.181357
FixedParameters: 0 0 0

#Transform 4
Transform: AffineTransform_float_3_3
Parameters: 1 -0.000133998 0.000104002 0.000134002 1 -1.79861e-05 -0.000103998 1.80139e-05 1 -0.0508622 0.0115788 0.221017
FixedParameters: 0 0 0

#Transform 5
Transform: AffineTransform_float_3_3
Parameters: 1 0.000608999 -4.69539e-07 -0.000608999 0.999999 -0.000770999 -4.69539e-07 0.000770999 0.999999 0.0258048 -0.0213112 0.111966
FixedParameters: 0 0 0

#Transform 6
Transform: AffineTransform_float_3_3
Parameters: 0.999999 0.000654951 -0.00123016 -0.000659049 0.999995 -0.00329419 0.00122784 0.00329481 0.999994 -0.0749013 0.0148568 -0.0230895
FixedParameters: 0 0 0

#Transform 7
Transform: AffineTransform_float_3_3
Parameters: 0.999999 -0.00144951 -0.00053962 0.00144849 0.999999 -0.000952784 0.000540379 0.000951219 1 0.0429407 0.00767783 0.0890295
FixedParameters: 0 0 0

#Transform 8
Transform: AffineTransform_float_3_3
Parameters: 0.999999 -0.00130094 -0.000762811 0.00130206 0.999998 0.00139101 0.000760189 -0.00139199 0.999998 0.118262 0.0880045 0.0112374
FixedParameters: 0 0 0

#Transform 9
Transform: AffineTransform_float_3_3
Parameters: 0.999999 -7.42808e-05 -0.000960056 7.47199e-05 0.999999 0.000749929 0.000959944 -0.000749072 1 0.0192092 0.129171 0.0778849
FixedParameters: 0 0 0

#Transform 10
Transform: AffineTransform_float_3_3
Parameters: 1 0.000275837 -0.000229197 -0.000276164 0.999999 -0.000712936 0.000229803 0.000713063 0.999999 -0.00213253 -0.0263153 0.0869285
FixedParameters: 0 0 0

#Transform 11
Transform: AffineTransform_float_3_3
Parameters: 1 -7.59533e-05 -0.000630886 7.50471e-05 0.999999 -0.00151005 0.000631114 0.00151095 0.999998 0.0187967 -0.0176178 -0.0635244
FixedParameters: 0 0 0

#Transform 12
Transform: AffineTransform_float_3_3
Parameters: 1 -7.5143e-05 -0.00036397 7.48569e-05 1 -0.000393027 0.000364029 0.000392973 1 0.0172307 0.0700699 0.079282
FixedParameters: 0 0 0

#Transform 13
Transform: AffineTransform_float_3_3
Parameters: 1 -7.50382e-05 -0.000135979 7.49618e-05 1 -0.00028101 0.000136021 0.00028099 1 0.0172742 -0.0242198 0.101255
FixedParameters: 0 0 0

#Transform 14
Transform: AffineTransform_float_3_3
Parameters: 1 -0.000224761 -0.000324166 0.000225239 0.999999 0.000737927 0.000323834 -0.000738072 0.999999 0.00459927 0.0125567 0.187299
FixedParameters: 0 0 0

#Transform 15
Transform: AffineTransform_float_3_3
Parameters: 1 -7.48091e-05 -0.000136105 7.51907e-05 0.999999 0.00140299 0.000135895 -0.00140301 0.999999 0.0295476 0.0234634 0.21875
FixedParameters: 0 0 0

#Transform 16
Transform: AffineTransform_float_3_3
Parameters: 1 -7.49726e-05 -2.30894e-05 7.50274e-05 1 0.001192 2.29106e-05 -0.001192 1 0.0166327 0.0259397 0.144717
FixedParameters: 0 0 0

#Transform 17
Transform: AffineTransform_float_3_3
Parameters: 1 0.000135073 -0.000135928 -0.000134927 1 0.000535018 0.000136072 -0.000534981 1 -0.00767218 0.024422 0.120507
FixedParameters: 0 0 0

#Transform 18
Transform: AffineTransform_float_3_3
Parameters: 1 -7.50306e-05 -0.000135983 7.49694e-05 1 -0.00022501 0.000136017 0.00022499 1 0.00121809 0.018631 0.0340505
FixedParameters: 0 0 0

#Transform 19
Transform: AffineTransform_float_3_3
Parameters: 1 -7.50888e-05 -0.000135951 7.49112e-05 1 -0.00065301 0.000136049 0.00065299 1 0.0130947 0.0184509 -0.007179
FixedParameters: 0 0 0

#Transform 20
Transform: AffineTransform_float_3_3
Parameters: 1 -7.52496e-05 -0.000305939 7.47502e-05 0.999999 -0.000816022 0.000306061 0.000815976 0.999999 0.0041356 0.00217294 -0.0132093
FixedParameters: 0 0 0

#Transform 21
Transform: AffineTransform_float_3_3
Parameters: 1 -7.50742e-05 -0.000135959 7.49257e-05 1 -0.00054601 0.000136041 0.00054599 1 0.025362 0.0310701 0.0790116
FixedParameters: 0 0 0

#Transform 22
Transform: AffineTransform_float_3_3
Parameters: 1 -7.4885e-05 0.000371023 7.5115e-05 1 -0.000309972 -0.000370977 0.000310028 1 0.0215439 0.00180584 0.0634411
FixedParameters: 0 0 0

#Transform 23
Transform: AffineTransform_float_3_3
Parameters: 0.999999 -0.000868864 0.000371317 0.000868135 0.999999 -0.000364678 -0.000370683 0.000365322 1 0.0900858 0.00443539 0.115864
FixedParameters: 0 0 0

#Transform 24
Transform: AffineTransform_float_3_3
Parameters: 1 -0.000665962 0.00011023 0.000666038 0.999999 -0.000344927 -0.00010977 0.000345073 1 0.0657391 0.0324389 0.0993156
FixedParameters: 0 0 0

#Transform 25
Transform: AffineTransform_float_3_3
Parameters: 1 -0.000386976 3.82419e-05 0.000387024 0.999999 -0.000624985 -3.77581e-05 0.000625014 1 0.0423285 0.0124799 -0.00734224
FixedParameters: 0 0 0

#Transform 26
Transform: AffineTransform_float_3_3
Parameters: 1 -0.000387031 0.000370967 0.000386969 1 8.41436e-05 -0.000371032 -8.38564e-05 1 0.0491516 0.00683597 -0.0355905
FixedParameters: 0 0 0

#Transform 27
Transform: AffineTransform_float_3_3
Parameters: 0.999999 -0.000810855 0.000264442 0.000811143 0.999999 -0.000544785 -0.000263558 0.000545214 1 0.0829835 -0.0193919 0.0235519
FixedParameters: 0 0 0

#Transform 28
Transform: AffineTransform_float_3_3
Parameters: 0.999999 -0.000208084 0.000742696 0.000206915 0.999999 0.00146015 -0.000743302 -0.00145985 0.999998 0.0356298 0.032206 0.208248
FixedParameters: 0 0 0

#Transform 29
Transform: AffineTransform_float_3_3
Parameters: 1 -0.00020777 0.000370569 0.000207229 0.999998 0.00207608 -0.000371431 -0.00207692 0.999998 0.0364018 0.0472579 0.293419
FixedParameters: 0 0 0

#Transform 30
Transform: AffineTransform_float_3_3
Parameters: 1 0.000127772 0.000309094 -0.000128227 0.999999 0.00073596 -0.000308906 -0.000736039 0.999999 0.014683 0.0498827 0.0525808
FixedParameters: 0 0 0

#Transform 31
Transform: AffineTransform_float_3_3
Parameters: 1 0.00014979 0.000258122 -0.00015021 0.999999 0.000812961 -0.000257878 -0.000813038 0.999999 0.0246318 0.000562741 0.0776615
FixedParameters: 0 0 0

#Transform 32
Transform: AffineTransform_float_3_3
Parameters: 1 0.000538935 0.000371094 -0.000539065 1 0.0001748 -0.000370906 -0.0001752 1 0.000174357 -0.0317608 0.0982516
FixedParameters: 0 0 0

#Transform 33
Transform: AffineTransform_float_3_3
Parameters: 1 0.000195875 0.000294083 -0.000195125 1 0.000424943 -0.000293917 -0.000425057 1 0.0273181 0.0156625 0.0594178
FixedParameters: 0 0 0

#Transform 34
Transform: AffineTransform_float_3_3
Parameters: 1 -0.000594204 0.000370673 0.000593795 0.999999 0.00055022 -0.000371327 -0.000550779 1 0.044967 0.0241113 0.13754
FixedParameters: 0 0 0

#Transform 35
Transform: AffineTransform_float_3_3
Parameters: 0.999999 -0.000650202 0.000370645 0.000649797 0.999999 0.000546241 -0.000371355 -0.000546758 1 0.0329262 0.016129 0.103226
FixedParameters: 0 0 0

#Transform 36
Transform: AffineTransform_float_3_3
Parameters: 0.999999 -0.000807219 0.00037052 0.000806779 0.999999 0.000594299 -0.000371479 -0.0005937 1 0.035043 0.0413733 0.0824525
FixedParameters: 0 0 0

#Transform 37
Transform: AffineTransform_float_3_3
Parameters: 1 -0.000950261 0.000370332 0.00094974 1 0.000703352 -0.000370668 -0.000702648 0.999999 0.0500074 0.0466309 0.103908
FixedParameters: 0 0 0

#Transform 38
Transform: AffineTransform_float_3_3
Parameters: 0.999999 -0.000809042 4.42419e-05 0.000809958 0.999999 0.000937036 -4.47589e-05 -0.000936964 0.999999 0.0495419 -0.0178068 0.100771
FixedParameters: 0 0 0

#Transform 39
Transform: AffineTransform_float_3_3
Parameters: 1 -9.27594e-05 -0.000301074 9.32404e-05 0.999999 0.000798971 0.000300925 -0.000799027 0.999999 -0.0156414 0.0321127 0.118375
FixedParameters: 0 0 0

#Transform 40
Transform: AffineTransform_float_3_3
Parameters: 0.999999 -0.000649738 -0.000279609 0.000650261 1 0.000936818 0.000278391 -0.000937181 0.999999 0.0107963 0.0302449 0.0986341
FixedParameters: 0 0 0

#Transform 41
Transform: AffineTransform_float_3_3
Parameters: 1 -4.40023e-05 3.97483e-06 4.39977e-05 1 0.000572 -4.02517e-06 -0.000572 1 0.0328152 -0.0683748 0.081586
FixedParameters: 0 0 0

#Transform 42
Transform: AffineTransform_float_3_3
Parameters: 1 -0.000374669 -0.000279445 0.000375331 0.999999 0.0011869 0.000278555 -0.00118711 1 0.00350292 -0.0231016 0.0999404
FixedParameters: 0 0 0

#Transform 43
Transform: AffineTransform_float_3_3
Parameters: 1 2.80346e-05 -3.69737e-05 -2.79653e-05 0.999999 0.000937 3.70262e-05 -0.000936998 0.999999 0.0334715 -0.0243654 0.0682263
FixedParameters: 0 0 0

#Transform 44
Transform: AffineTransform_float_3_3
Parameters: 1 -0.000566047 4.94696e-05 0.000565953 1 0.000937028 -5.05303e-05 -0.000936972 0.999999 0.0018287 0.0429268 0.0912274
FixedParameters: 0 0 0

#Transform 45
Transform: AffineTransform_float_3_3
Parameters: 1 -0.000327976 -3.72089e-05 0.000328024 0.999999 0.000636988 3.7791e-05 -0.000637012 1 0.0367331 0.0311529 0.110021
FixedParameters: 0 0 0

#Transform 46
Transform: AffineTransform_float_3_3
Parameters: 0.999999 -0.000763677 0.000961091 0.000760325 0.999993 0.00381974 -0.000963912 -0.00381927 0.999992 0.0336998 0.0534383 0.198257
FixedParameters: 0 0 0

#Transform 47
Transform: AffineTransform_float_3_3
Parameters: 0.999995 -0.00234828 0.00244389 0.00234472 0.999995 0.00175374 -0.00244811 -0.00174826 0.999996 0.331556 0.0266434 0.225143
FixedParameters: 0 0 0

#Transform 48
Transform: AffineTransform_float_3_3
Parameters: 0.999999 0.000350122 0.000862583 -0.00035388 0.99999 0.00449969 -0.000861415 -0.0045003 0.999989 -0.0175136 0.0548884 0.48734
FixedParameters: 0 0 0

#Transform 49
Transform: AffineTransform_float_3_3
Parameters: 0.999998 0.00228682 0.000291635 -0.00228918 0.999967 0.00770735 -0.000274363 -0.00770865 0.999971 -0.265178 0.114639 0.499439
FixedParameters: 0 0 0

#Transform 50
Transform: AffineTransform_float_3_3
Parameters: 1 0.000243096 0.000257855 -0.000243901 0.999994 0.00351094 -0.000256145 -0.00351106 0.999994 0.0254666 -0.0125813 0.176765
FixedParameters: 0 0 0

#Transform 51
Transform: AffineTransform_float_3_3
Parameters: 1 0.000127577 0.000481379 -0.000129425 0.999995 0.00295694 -0.000481619 -0.00295706 0.999995 0.0320138 -0.0532712 0.0847559
FixedParameters: 0 0 0

#Transform 52
Transform: AffineTransform_float_3_3
Parameters: 0.999999 0.00025348 0.000738179 -0.000254519 0.999999 0.000703812 -0.000737821 -0.000704187 1 0.027362 -0.0589418 -0.0860999
FixedParameters: 0 0 0

#Transform 53
Transform: AffineTransform_float_3_3
Parameters: 0.999999 0.000191133 0.000865414 -0.000192866 0.999997 0.00215783 -0.000864586 -0.00215817 0.999998 0.0110774 -0.00607654 0.145399
FixedParameters: 0 0 0

#Transform 54
Transform: AffineTransform_float_3_3
Parameters: 0.999999 -0.000205358 0.000713611 0.000203642 0.999998 0.00190115 -0.000714388 -0.00190185 0.999998 0.0489472 -0.0422583 0.124093
FixedParameters: 0 0 0

#Transform 55
Transform: AffineTransform_float_3_3
Parameters: 1 -0.000137171 0.000560715 0.00013683 0.999998 0.00208808 -0.000560287 -0.00208792 0.999997 0.0214354 -0.0567004 0.179341
FixedParameters: 0 0 0

#Transform 56
Transform: AffineTransform_float_3_3
Parameters: 1 0.000228111 0.000373544 -0.00022889 0.999997 0.00238092 -0.000373456 -0.00238109 0.999997 -0.0113363 -0.00824067 0.174099
FixedParameters: 0 0 0

#Transform 57
Transform: AffineTransform_float_3_3
Parameters: 1 0.000331079 0.00042372 -0.000331919 0.999997 0.00217386 -0.000422279 -0.00217414 0.999997 0.00520168 -0.000937867 0.153649
FixedParameters: 0 0 0

#Transform 58
Transform: AffineTransform_float_3_3
Parameters: 1 0.000405247 0.000431708 -0.000405754 0.999999 0.00174583 -0.000431292 -0.00174618 0.999999 0.00576621 -0.0814772 0.185986
FixedParameters: 0 0 0

#Transform 59
Transform: AffineTransform_float_3_3
Parameters: 1 0.000112141 0.000337287 -0.000112861 0.999996 0.00254796 -0.000337713 -0.00254804 0.999996 0.00918458 -0.0341663 0.15488
FixedParameters: 0 0 0

#Transform 60
Transform: AffineTransform_float_3_3
Parameters: 1 -0.00015982 0.000336612 0.000159179 0.999997 0.00243605 -0.000337389 -0.00243595 0.999997 0.0275689 0.0609626 0.155219
FixedParameters: 0 0 0

#Transform 61
Transform: AffineTransform_float_3_3
Parameters: 1 0.000102105 0.000337272 -0.000102897 0.999997 0.00265597 -0.000337728 -0.00265604 0.999997 0.00605995 -0.00963049 0.125255
FixedParameters: 0 0 0

#Transform 62
Transform: AffineTransform_float_3_3
Parameters: 1 -0.000229939 0.000480552 0.00022906 0.999998 0.00195311 -0.000481448 -0.00195289 0.999998 0.0250705 -0.0129642 0.0976661
FixedParameters: 0 0 0

#Transform 63
Transform: AffineTransform_float_3_3
Parameters: 1 0.000173502 0.000337257 -0.000174499 0.999999 0.00147794 -0.000337742 -0.00147806 0.999999 -0.000989607 -0.0217945 0.193782
FixedParameters: 0 0 0

#Transform 64
Transform: AffineTransform_float_3_3
Parameters: 1 -0.000181235 0.000481911 0.000180765 1 0.000488087 -0.000482088 -0.000487913 1 0.0310837 -0.102838 0.194725
FixedParameters: 0 0 0

#Transform 65
Transform: AffineTransform_float_3_3
Parameters: 1 -3.98782e-06 -1.20041e-05 4.01218e-06 1 0.001015 1.19959e-05 -0.001015 1 0.00686469 -0.0435982 0.232292
FixedParameters: 0 0 0

#Transform 66
Transform: AffineTransform_float_3_3
Parameters: 1 8.80448e-05 -0.000111965 -8.79552e-05 1 0.00040001 0.000112035 -0.00039999 1 0.00139889 -0.06366 0.173949
FixedParameters: 0 0 0

#Transform 67
Transform: AffineTransform_float_3_3
Parameters: 0.999999 0.000261975 -0.000981274 -0.000263027 1 -0.00104574 0.000981725 0.00104526 0.999999 -0.0270773 -0.0783271 0.0638579
FixedParameters: 0 0 0

#Transform 68
Transform: AffineTransform_float_3_3
Parameters: 1 -0.000109258 -0.000490943 0.000108742 1 -0.000525053 0.000491057 0.000524946 0.999999 -0.00234095 -0.0877568 -0.124798
FixedParameters: 0 0 0

#Transform 69
Transform: AffineTransform_float_3_3
Parameters: 0.999999 0.000362314 0.00137565 -0.000360688 1 -0.000954497 -0.00137534 0.000954503 0.999998 0.00711477 -0.0445048 0.12192
FixedParameters: 0 0 0

#Transform 70
Transform: AffineTransform_float_3_3
Parameters: 0.999999 0.000788468 -0.000337245 -0.000788531 0.999999 -0.00157873 0.000335755 0.00157927 0.999998 -0.0684807 -0.0244351 0.434007
FixedParameters: 0 0 0

#Transform 71
Transform: AffineTransform_float_3_3
Parameters: 0.999999 0.000527439 -0.000583702 -0.00052556 0.999997 0.00246331 0.000585296 -0.00246269 0.999997 -0.0231672 -0.0927653 0.308361
FixedParameters: 0 0 0

#Transform 72
Transform: AffineTransform_float_3_3
Parameters: 0.999999 -0.000156724 -0.000861232 0.000158276 0.999999 0.00148186 0.000860766 -0.00148213 0.999998 0.042859 0.0349776 -0.13114
FixedParameters: 0 0 0

#Transform 73
Transform: AffineTransform_float_3_3
Parameters: 0.999999 -0.000398507 -0.000808234 0.000400492 0.999995 0.00308668 0.000806767 -0.00308732 0.999995 -0.0348718 0.0801781 0.152486
FixedParameters: 0 0 0

#Transform 74
Transform: AffineTransform_float_3_3
Parameters: 1 -0.000303095 -0.000451609 0.000303906 0.999998 0.00200586 0.000451391 -0.00200614 0.999998 0.0188921 -0.000777286 0.22711
FixedParameters: 0 0 0

#Transform 75
Transform: AffineTransform_float_3_3
Parameters: 0.999999 -0.000521811 -0.000514209 0.000523188 0.999997 0.00231373 0.000512791 -0.00231427 0.999997 0.0411702 -0.00911335 0.122974
FixedParameters: 0 0 0

#Transform 76
Transform: AffineTransform_float_3_3
Parameters: 0.999999 -0.000772319 -0.000314676 0.000772682 0.999998 0.00216976 0.000313324 -0.00217024 0.999997 0.0381443 -0.0192496 0.16403
FixedParameters: 0 0 0

#Transform 77
Transform: AffineTransform_float_3_3
Parameters: 0.999999 -0.000602791 -0.000452614 0.00060321 0.999996 0.00267473 0.000451388 -0.00267527 0.999997 0.0282354 0.00511068 0.140533
FixedParameters: 0 0 0

#Transform 78
Transform: AffineTransform_float_3_3
Parameters: 1 -0.000558112 -0.00104294 0.000557887 1 -0.000108582 0.00104306 0.000107418 1 0.0224118 -0.0439353 0.164018
FixedParameters: 0 0 0

#Transform 79
Transform: AffineTransform_float_3_3
Parameters: 0.999999 -0.000436746 -0.000812675 0.000437253 0.999998 0.00154265 0.000812326 -0.00154336 0.999999 0.0123933 0.0119073 0.162602
FixedParameters: 0 0 0

#Transform 80
Transform: AffineTransform_float_3_3
Parameters: 0.999999 -0.000540414 -0.000528627 0.000541585 0.999996 0.00300572 0.000526375 -0.00300529 0.999996 0.00570999 0.00211518 0.155308
FixedParameters: 0 0 0

#Transform 81
Transform: AffineTransform_float_3_3
Parameters: 0.999999 -0.00054078 -0.00050431 0.000542218 0.999997 0.00242073 0.000502689 -0.00242127 0.999997 0.0266283 0.0315897 0.175925
FixedParameters: 0 0 0

#Transform 82
Transform: AffineTransform_float_3_3
Parameters: 0.999999 -0.000939759 -0.000453579 0.000941241 0.999996 0.00274257 0.000451419 -0.00274343 0.999996 0.0552538 0.0168193 0.187319
FixedParameters: 0 0 0

#Transform 83
Transform: AffineTransform_float_3_3
Parameters: 1 -0.000862726 -0.000453432 0.000864276 0.999995 0.00281661 0.000451567 -0.00281739 0.999996 0.0326848 0.0604778 0.178759
FixedParameters: 0 0 0

#Transform 84
Transform: AffineTransform_float_3_3
Parameters: 1 -0.000321041 -0.000451683 0.000321959 0.999997 0.00212385 0.000451317 -0.00212414 0.999997 0.0052513 0.0392042 0.114098
FixedParameters: 0 0 0

#Transform 85
Transform: AffineTransform_float_3_3
Parameters: 0.999999 -0.000399397 -0.000592084 0.000400602 0.999997 0.00270876 0.000590917 -0.00270924 0.999996 0.0147864 -0.00377785 0.140893
FixedParameters: 0 0 0

#Transform 86
Transform: AffineTransform_float_3_3
Parameters: 0.999999 -0.000604552 -0.000504738 0.000606447 0.999995 0.00287169 0.00050326 -0.0028723 0.999995 0.0101935 0.0446738 0.133392
FixedParameters: 0 0 0

#Transform 87
Transform: AffineTransform_float_3_3
Parameters: 0.999999 -0.000703853 -0.000452787 0.000705147 0.999996 0.00253768 0.000451212 -0.00253732 0.999996 0.0129798 -0.0626772 0.112244
FixedParameters: 0 0 0

#Transform 88
Transform: AffineTransform_float_3_3
Parameters: 1 -0.000317877 -0.000451792 0.000319123 0.999997 0.00248686 0.000451208 -0.00248714 0.999997 0.0029073 -0.0721969 0.145824
FixedParameters: 0 0 0

#Transform 89
Transform: AffineTransform_float_3_3
Parameters: 0.999998 -0.00205136 0.000785268 0.00205964 0.99995 -0.00986041 -0.000764726 0.0098626 0.999951 0.187761 -0.130127 -0.13925
FixedParameters: 0 0 0

#Transform 90
Transform: AffineTransform_float_3_3
Parameters: 1 0.00052157 0.000349643 -0.00052243 0.999999 0.00123282 -0.000348357 -0.00123218 0.999999 -0.0199834 -0.0556012 0.253114
FixedParameters: 0 0 0

#Transform 91
Transform: AffineTransform_float_3_3
Parameters: 0.999996 0.00256108 -4.46125e-07 -0.00256092 0.999967 0.00763502 1.95532e-05 -0.00763497 0.999971 -0.170231 -0.055102 0.189302
FixedParameters: 0 0 0

#Transform 92
Transform: AffineTransform_float_3_3
Parameters: 1 -0.000354473 -0.000146283 0.000354526 0.999994 0.00361795 0.000144718 -0.00361805 0.999994 -0.00743388 0.0290804 0.183909
FixedParameters: 0 0 0

#Transform 93
Transform: AffineTransform_float_3_3
Parameters: 1 -0.000222278 7.21492e-05 0.000221723 0.999992 0.00383001 -7.28497e-05 -0.00382998 0.999992 -0.0192652 -0.090632 0.271655
FixedParameters: 0 0 0

#Transform 94
Transform: AffineTransform_float_3_3
Parameters: 1 0.000210173 -5.1295e-05 -0.000209828 0.999995 0.00335601 5.17045e-05 -0.00335599 0.999995 0.0122433 -0.033692 0.179717
FixedParameters: 0 0 0

#Transform 95
Transform: AffineTransform_float_3_3
Parameters: 1 0.00018518 -5.33789e-05 -0.000184821 0.999995 0.00335601 5.36206e-05 -0.00335599 0.999995 -0.00524768 0.0345701 0.210951
FixedParameters: 0 0 0

#Transform 96
Transform: AffineTransform_float_3_3
Parameters: 1 8.92847e-05 -8.0686e-05 -8.97141e-05 0.999994 0.00352201 8.13165e-05 -0.00352199 0.999994 0.00962122 -0.00161571 0.174989
FixedParameters: 0 0 0

#Transform 97
Transform: AffineTransform_float_3_3
Parameters: 1 -0.000332169 -0.000228214 0.00033283 0.999994 0.00364993 0.000226787 -0.00365008 0.999994 0.0170404 -0.023503 0.188677
FixedParameters: 0 0 0

#Transform 98
Transform: AffineTransform_float_3_3
Parameters: 1 -0.000588513 -0.00011062 0.000588484 0.99999 0.00444994 0.000107382 -0.00445006 0.99999 0.0291592 0.00603736 0.231941
FixedParameters: 0 0 0

#Transform 99
Transform: AffineTransform_float_3_3
Parameters: 0.999999 -0.000723359 8.81007e-05 0.000723641 0.999991 0.00400906 -9.09018e-05 -0.00400893 0.999992 0.0338559 0.0460215 0.1915
FixedParameters: 0 0 0

#Transform 100
Transform: AffineTransform_float_3_3
Parameters: 1 -0.00062136 -0.000248606 0.000621641 0.999997 0.00258385 0.000247395 -0.00258315 0.999996 0.0302283 0.00369935 0.205008
FixedParameters: 0 0 0

#Transform 101
Transform: AffineTransform_float_3_3
Parameters: 1 -0.000515883 -0.000111543 0.000516118 1 0.00105194 0.000111457 -0.00105206 1 0.0292893 -0.0339517 0.23789
FixedParameters: 0 0 0

#Transform 102
Transform: AffineTransform_float_3_3
Parameters: 1 -0.000533469 -0.000213333 0.00053353 0.999996 0.00249689 0.000211668 -0.00249711 0.999997 0.0328493 0.0330812 0.150723
FixedParameters: 0 0 0

#Transform 103
Transform: AffineTransform_float_3_3
Parameters: 0.999999 -0.000757938 -0.000313149 0.000758061 0.999999 0.000196763 0.00031285 -0.000197237 1 0.0528203 -0.088852 0.201766
FixedParameters: 0 0 0

#Transform 104
Transform: AffineTransform_float_3_3
Parameters: 0.999999 -0.00129421 -0.00033234 0.0012938 0.999992 -0.00360243 0.000336664 0.00360257 0.999994 0.0803832 -0.144108 -0.191616
FixedParameters: 0 0 0

#Transform 105
Transform: AffineTransform_float_3_3
Parameters: 0.999999 -0.00127589 0.000403352 0.00127611 0.999999 -0.000275486 -0.000403647 0.000276515 1 0.143379 -0.0974215 0.132339
FixedParameters: 0 0 0

#Transform 106
Transform: AffineTransform_float_3_3
Parameters: 1 -0.000498835 0.000401965 0.000497164 0.999997 0.0020762 -0.000403033 -0.0020758 0.999998 0.0923611 -0.0269736 0.127038
FixedParameters: 0 0 0

#Transform 107
Transform: AffineTransform_float_3_3
Parameters: 0.999999 -0.000789711 0.000343368 0.000788287 0.999997 0.00206727 -0.000345631 -0.00206773 0.999998 0.0275291 0.072936 0.140462
FixedParameters: 0 0 0

#Transform 108
Transform: AffineTransform_float_3_3
Parameters: 0.999999 -0.000776345 0.000402336 0.000775655 1 0.000855312 -0.000403664 -0.000855687 0.999999 0.0299265 -0.0136079 0.207612
FixedParameters: 0 0 0

#Transform 109
Transform: AffineTransform_float_3_3
Parameters: 1 -0.00109621 0.000399703 0.00109479 0.999995 0.00300944 -0.000403296 -0.00300856 0.999996 0.0469761 0.0963196 0.166337
FixedParameters: 0 0 0

#Transform 110
Transform: AffineTransform_float_3_3
Parameters: 1 -0.000600933 0.000333323 0.000600065 0.999996 0.0027932 -0.000335677 -0.0027928 0.999996 0.0119193 0.0092722 0.102437
FixedParameters: 0 0 0

#Transform 111
Transform: AffineTransform_float_3_3
Parameters: 1 -0.000146726 0.0002125 0.000145276 0.999994 0.00341303 -0.000212497 -0.00341297 0.999994 -0.00167526 -0.0673062 0.11979
FixedParameters: 0 0 0

#Transform 112
Transform: AffineTransform_float_3_3
Parameters: 1 -0.00039573 0.000216672 0.000395269 0.999995 0.00335909 -0.000218329 -0.00335992 0.999995 0.00543388 0.0310851 0.19548
FixedParameters: 0 0 0

#Transform 113
Transform: AffineTransform_float_3_3
Parameters: 1 -8.42344e-05 0.000402744 8.27648e-05 0.999996 0.00306404 -0.000403256 -0.00306397 0.999995 -0.0137565 0.0296105 0.214802
FixedParameters: 0 0 0

#Transform 114
Transform: AffineTransform_float_3_3
Parameters: 1 -0.0009029 0.000470276 0.000902099 0.999998 0.00191042 -0.000472725 -0.00191057 0.999998 0.0345439 0.0238171 0.271988
FixedParameters: 0 0 0

#Transform 115
Transform: AffineTransform_float_3_3
Parameters: 1 -0.000258387 0.000402752 0.000257613 1 0.000961104 -0.000403247 -0.000960896 0.999999 0.0321 -0.0127024 0.267597
FixedParameters: 0 0 0

#Transform 116
Transform: AffineTransform_float_3_3
Parameters: 1 -0.000823658 0.000615802 0.000824344 0.999998 -0.0021845 -0.000614201 0.00218451 0.999998 0.0425641 -0.035251 -0.107
FixedParameters: 0 0 0

#Transform 117
Transform: AffineTransform_float_3_3
Parameters: 0.999998 -0.00119301 0.00112553 0.00120098 0.999974 -0.00712366 -0.00111647 0.00712434 0.999974 -0.00540635 0.0267293 -0.160918
FixedParameters: 0 0 0

#Transform 118
Transform: AffineTransform_float_3_3
Parameters: 0.999998 -0.00148981 0.000741387 0.00149118 0.999997 -0.0016009 -0.000738613 0.0016021 0.999999 0.0171533 -0.0626389 0.226129
FixedParameters: 0 0 0

#Transform 119
Transform: AffineTransform_float_3_3
Parameters: 1 -0.000256016 0.000525506 0.000254983 0.999998 0.00193213 -0.000526494 -0.00193187 0.999998 0.0667979 -0.0627613 0.195201
FixedParameters: 0 0 0
