# transform file /out/sourcedata/freesurfer/sub-v2s0x29050_ses-1/mri/transforms/cc_up.lta
# created by oesteban on Tue Mar 10 14:28:20 2026

type      = 0 # LINEAR_VOX_TO_VOX
nxforms   = 1
mean      = 130.0000 103.0000 119.0000
sigma     = 10000.0000
1 4 4
9.945358037948608e-01 -1.796448603272438e-02 -1.028387770056725e-01 1.232048320770264e+01 
1.786920800805092e-02 9.998385906219482e-01 -1.847743871621788e-03 4.190798568725586e+01 
1.028553768992424e-01 -1.164153218269348e-10 9.946963787078857e-01 7.304455757141113e+00 
0.000000000000000e+00 0.000000000000000e+00 0.000000000000000e+00 1.000000000000000e+00 
src volume info
valid = 1  # volume info valid
filename = /out/sourcedata/freesurfer/sub-v2s0x29050_ses-1/mri/norm.mgz
volume = 256 256 256
voxelsize = 1.000000000000000e+00 1.000000000000000e+00 1.000000000000000e+00
xras   = -1.000000000000000e+00 0.000000000000000e+00 0.000000000000000e+00
yras   = 0.000000000000000e+00 0.000000000000000e+00 -1.000000000000000e+00
zras   = 0.000000000000000e+00 1.000000000000000e+00 0.000000000000000e+00
cras   = 6.285736083984375e+00 3.230276489257812e+01 -9.219390869140625e+00
dst volume info
valid = 1  # volume info valid
filename = /out/sourcedata/freesurfer/sub-v2s0x29050_ses-1/mri/norm.mgz
volume = 256 256 256
voxelsize = 1.000000000000000e+00 1.000000000000000e+00 1.000000000000000e+00
xras   = -1.000000000000000e+00 0.000000000000000e+00 0.000000000000000e+00
yras   = 0.000000000000000e+00 0.000000000000000e+00 -1.000000000000000e+00
zras   = 0.000000000000000e+00 1.000000000000000e+00 0.000000000000000e+00
cras   = 6.285736083984375e+00 3.230276489257812e+01 -9.219390869140625e+00
