# transform file /out/sourcedata/freesurfer/sub-v2s0x29028_ses-1/mri/transforms/cc_up.lta
# created by oesteban on Tue Mar 10 10:42:48 2026

type      = 0 # LINEAR_VOX_TO_VOX
nxforms   = 1
mean      = 130.0000 92.0000 113.0000
sigma     = 10000.0000
1 4 4
9.942905306816101e-01 7.893620431423187e-02 -7.180140912532806e-02 1.886605501174927e+00 
-7.873118668794632e-02 9.968796968460083e-01 5.685471463948488e-03 6.676384735107422e+01 
7.202616333961487e-02 0.000000000000000e+00 9.974027872085571e-01 1.098913097381592e+01 
0.000000000000000e+00 0.000000000000000e+00 0.000000000000000e+00 1.000000000000000e+00 
src volume info
valid = 1  # volume info valid
filename = /out/sourcedata/freesurfer/sub-v2s0x29028_ses-1/mri/norm.mgz
volume = 256 256 256
voxelsize = 1.000000000000000e+00 1.000000000000000e+00 1.000000000000000e+00
xras   = -1.000000000000000e+00 0.000000000000000e+00 0.000000000000000e+00
yras   = 0.000000000000000e+00 0.000000000000000e+00 -1.000000000000000e+00
zras   = 0.000000000000000e+00 1.000000000000000e+00 0.000000000000000e+00
cras   = 2.730712890625000e-01 2.428670501708984e+01 6.311676025390625e+00
dst volume info
valid = 1  # volume info valid
filename = /out/sourcedata/freesurfer/sub-v2s0x29028_ses-1/mri/norm.mgz
volume = 256 256 256
voxelsize = 1.000000000000000e+00 1.000000000000000e+00 1.000000000000000e+00
xras   = -1.000000000000000e+00 0.000000000000000e+00 0.000000000000000e+00
yras   = 0.000000000000000e+00 0.000000000000000e+00 -1.000000000000000e+00
zras   = 0.000000000000000e+00 1.000000000000000e+00 0.000000000000000e+00
cras   = 2.730712890625000e-01 2.428670501708984e+01 6.311676025390625e+00
