# transform file /out/sourcedata/freesurfer/sub-v2s0x29030_ses-1/mri/transforms/cc_up.lta
# created by oesteban on Tue Mar 10 10:37:43 2026

type      = 0 # LINEAR_VOX_TO_VOX
nxforms   = 1
mean      = 128.0000 112.0000 110.0000
sigma     = 10000.0000
1 4 4
9.993485212326050e-01 -2.079135365784168e-02 2.950497157871723e-02 1.242882132530212e+00 
2.078229747712612e-02 9.997839927673340e-01 6.135808653198183e-04 3.232307434082031e+01 
-2.951135113835335e-02 0.000000000000000e+00 9.995645284652710e-01 3.778888702392578e+01 
0.000000000000000e+00 0.000000000000000e+00 0.000000000000000e+00 1.000000000000000e+00 
src volume info
valid = 1  # volume info valid
filename = /out/sourcedata/freesurfer/sub-v2s0x29030_ses-1/mri/norm.mgz
volume = 256 256 256
voxelsize = 1.000000000000000e+00 1.000000000000000e+00 1.000000000000000e+00
xras   = -1.000000000000000e+00 0.000000000000000e+00 0.000000000000000e+00
yras   = 0.000000000000000e+00 0.000000000000000e+00 -1.000000000000000e+00
zras   = 0.000000000000000e+00 1.000000000000000e+00 0.000000000000000e+00
cras   = 6.786750793457031e+00 4.432679748535156e+01 -2.706375122070312e+00
dst volume info
valid = 1  # volume info valid
filename = /out/sourcedata/freesurfer/sub-v2s0x29030_ses-1/mri/norm.mgz
volume = 256 256 256
voxelsize = 1.000000000000000e+00 1.000000000000000e+00 1.000000000000000e+00
xras   = -1.000000000000000e+00 0.000000000000000e+00 0.000000000000000e+00
yras   = 0.000000000000000e+00 0.000000000000000e+00 -1.000000000000000e+00
zras   = 0.000000000000000e+00 1.000000000000000e+00 0.000000000000000e+00
cras   = 6.786750793457031e+00 4.432679748535156e+01 -2.706375122070312e+00
