# transform file transforms/talairach.lta
# created by oesteban on Tue Mar 10 09:33:01 2026

type      = 0 # LINEAR_VOX_TO_VOX
nxforms   = 1
mean      = 122.0000 112.0000 116.0000
sigma     = 10000.0000
1 4 4
1.011244416236877e+00 -1.081191897392273e-01 -3.349262475967407e-02 1.783022308349609e+01 
9.386645257472992e-02 1.072977781295776e+00 1.034404486417770e-01 -1.659676742553711e+01 
2.485255151987076e-02 -1.651283204555511e-01 9.181693792343140e-01 2.091716575622559e+01 
0.000000000000000e+00 0.000000000000000e+00 0.000000000000000e+00 1.000000000000000e+00 
src volume info
valid = 1  # volume info valid
filename = nu.mgz
volume = 256 256 256
voxelsize = 1.000000000000000e+00 1.000000000000000e+00 1.000000000000000e+00
xras   = -1.000000000000000e+00 0.000000000000000e+00 0.000000000000000e+00
yras   = 0.000000000000000e+00 0.000000000000000e+00 -1.000000000000000e+00
zras   = 0.000000000000000e+00 1.000000000000000e+00 0.000000000000000e+00
cras   = 7.740631103515625e-01 3.881576538085938e+01 -2.205368041992188e+00
dst volume info
valid = 1  # volume info valid
filename = /opt/freesurfer/average/RB_all_2020-01-02.gca
volume = 256 256 256
voxelsize = 1.000000000000000e+00 1.000000000000000e+00 1.000000000000000e+00
xras   = -1.000000000000000e+00 0.000000000000000e+00 0.000000000000000e+00
yras   = 0.000000000000000e+00 0.000000000000000e+00 -1.000000000000000e+00
zras   = 0.000000000000000e+00 1.000000000000000e+00 0.000000000000000e+00
cras   = 0.000000000000000e+00 0.000000000000000e+00 0.000000000000000e+00
