# transform file /out/sourcedata/freesurfer/sub-v2s0x29025_ses-1/mri/transforms/cc_up.lta
# created by oesteban on Tue Mar 10 10:22:14 2026

type      = 0 # LINEAR_VOX_TO_VOX
nxforms   = 1
mean      = 130.0000 95.0000 118.0000
sigma     = 10000.0000
1 4 4
9.996498227119446e-01 -1.790191279724240e-03 2.640489675104618e-02 -4.038743019104004e+00 
1.789567060768604e-03 9.999984502792358e-01 4.726988845504820e-05 5.676351928710938e+01 
-2.640493772923946e-02 0.000000000000000e+00 9.996514320373535e-01 2.345338630676270e+01 
0.000000000000000e+00 0.000000000000000e+00 0.000000000000000e+00 1.000000000000000e+00 
src volume info
valid = 1  # volume info valid
filename = /out/sourcedata/freesurfer/sub-v2s0x29025_ses-1/mri/norm.mgz
volume = 256 256 256
voxelsize = 1.000000000000000e+00 1.000000000000000e+00 1.000000000000000e+00
xras   = -1.000000000000000e+00 0.000000000000000e+00 0.000000000000000e+00
yras   = 0.000000000000000e+00 0.000000000000000e+00 -1.000000000000000e+00
zras   = 0.000000000000000e+00 1.000000000000000e+00 0.000000000000000e+00
cras   = 7.740631103515625e-01 3.480773925781250e+01 -2.633827209472656e+01
dst volume info
valid = 1  # volume info valid
filename = /out/sourcedata/freesurfer/sub-v2s0x29025_ses-1/mri/norm.mgz
volume = 256 256 256
voxelsize = 1.000000000000000e+00 1.000000000000000e+00 1.000000000000000e+00
xras   = -1.000000000000000e+00 0.000000000000000e+00 0.000000000000000e+00
yras   = 0.000000000000000e+00 0.000000000000000e+00 -1.000000000000000e+00
zras   = 0.000000000000000e+00 1.000000000000000e+00 0.000000000000000e+00
cras   = 7.740631103515625e-01 3.480773925781250e+01 -2.633827209472656e+01
