# transform file /out/sourcedata/freesurfer/sub-v2s0x29017_ses-1/mri/transforms/cc_up.lta
# created by oesteban on Tue Mar 10 10:01:46 2026

type      = 0 # LINEAR_VOX_TO_VOX
nxforms   = 1
mean      = 128.0000 94.0000 123.0000
sigma     = 10000.0000
1 4 4
9.995778799057007e-01 2.583147026598454e-02 -1.329629030078650e-02 -1.548917889595032e-01 
-2.582918666303158e-02 9.996663331985474e-01 3.435773833189160e-04 4.425665664672852e+01 
1.330072898417711e-02 0.000000000000000e+00 9.999115467071533e-01 2.632909393310547e+01 
0.000000000000000e+00 0.000000000000000e+00 0.000000000000000e+00 1.000000000000000e+00 
src volume info
valid = 1  # volume info valid
filename = /out/sourcedata/freesurfer/sub-v2s0x29017_ses-1/mri/norm.mgz
volume = 256 256 256
voxelsize = 1.000000000000000e+00 1.000000000000000e+00 1.000000000000000e+00
xras   = -1.000000000000000e+00 0.000000000000000e+00 0.000000000000000e+00
yras   = 0.000000000000000e+00 0.000000000000000e+00 -1.000000000000000e+00
zras   = 0.000000000000000e+00 1.000000000000000e+00 0.000000000000000e+00
cras   = 5.033401489257812e+00 3.291471862792969e+01 1.097503662109375e+00
dst volume info
valid = 1  # volume info valid
filename = /out/sourcedata/freesurfer/sub-v2s0x29017_ses-1/mri/norm.mgz
volume = 256 256 256
voxelsize = 1.000000000000000e+00 1.000000000000000e+00 1.000000000000000e+00
xras   = -1.000000000000000e+00 0.000000000000000e+00 0.000000000000000e+00
yras   = 0.000000000000000e+00 0.000000000000000e+00 -1.000000000000000e+00
zras   = 0.000000000000000e+00 1.000000000000000e+00 0.000000000000000e+00
cras   = 5.033401489257812e+00 3.291471862792969e+01 1.097503662109375e+00
