# transform file /out/sourcedata/freesurfer/sub-v2s0x29049_ses-1/mri/transforms/cc_up.lta
# created by oesteban on Tue Mar 10 14:23:04 2026

type      = 0 # LINEAR_VOX_TO_VOX
nxforms   = 1
mean      = 126.0000 92.0000 124.0000
sigma     = 10000.0000
1 4 4
9.986496567726135e-01 -5.193823203444481e-02 -1.038827700540423e-03 8.198925018310547e+00 
5.193820223212242e-02 9.986501932144165e-01 -5.402779788710177e-05 4.967201995849609e+01 
1.040231669321656e-03 0.000000000000000e+00 9.999994039535522e-01 9.871253013610840e+00 
0.000000000000000e+00 0.000000000000000e+00 0.000000000000000e+00 1.000000000000000e+00 
src volume info
valid = 1  # volume info valid
filename = /out/sourcedata/freesurfer/sub-v2s0x29049_ses-1/mri/norm.mgz
volume = 256 256 256
voxelsize = 1.000000000000000e+00 1.000000000000000e+00 1.000000000000000e+00
xras   = -1.000000000000000e+00 0.000000000000000e+00 0.000000000000000e+00
yras   = 0.000000000000000e+00 0.000000000000000e+00 -1.000000000000000e+00
zras   = 0.000000000000000e+00 1.000000000000000e+00 0.000000000000000e+00
cras   = 7.740631103515625e-01 2.929673767089844e+01 -5.211380004882812e+00
dst volume info
valid = 1  # volume info valid
filename = /out/sourcedata/freesurfer/sub-v2s0x29049_ses-1/mri/norm.mgz
volume = 256 256 256
voxelsize = 1.000000000000000e+00 1.000000000000000e+00 1.000000000000000e+00
xras   = -1.000000000000000e+00 0.000000000000000e+00 0.000000000000000e+00
yras   = 0.000000000000000e+00 0.000000000000000e+00 -1.000000000000000e+00
zras   = 0.000000000000000e+00 1.000000000000000e+00 0.000000000000000e+00
cras   = 7.740631103515625e-01 2.929673767089844e+01 -5.211380004882812e+00
