#Insight Transform File V1.0
#Transform 0
Transform: AffineTransform_float_3_3
Parameters: 0.999993 0.00070726 0.00363773 -0.000710739 0.999999 0.00102642 -0.00363727 -0.00102958 0.999993 -0.0101504 0.0811153 -0.0556644
FixedParameters: 0 0 0

#Transform 1
Transform: AffineTransform_float_3_3
Parameters: 0.999996 0.000716276 0.00279547 -0.000721724 0.999997 0.00204699 -0.00279453 -0.00204901 0.999994 -0.0293801 0.112256 0.053222
FixedParameters: 0 0 0

#Transform 2
Transform: AffineTransform_float_3_3
Parameters: 0.999995 0.000796672 0.00283565 -0.000799327 1 0.000819737 -0.00283434 -0.000822262 0.999995 -0.0321766 0.0915977 -0.0274196
FixedParameters: 0 0 0

#Transform 3
Transform: AffineTransform_float_3_3
Parameters: 0.999997 0.00109562 0.00246661 -0.00109738 0.999999 0.000557295 -0.00246539 -0.000559703 0.999997 -0.0605292 0.0970188 -0.0231398
FixedParameters: 0 0 0

#Transform 4
Transform: AffineTransform_float_3_3
Parameters: 0.999996 0.00116797 0.00251848 -0.00116903 0.999999 0.000408057 -0.00251752 -0.000410942 0.999996 -0.0749023 0.0701006 -0.0081183
FixedParameters: 0 0 0

#Transform 5
Transform: AffineTransform_float_3_3
Parameters: 0.999997 0.00114202 0.00214758 -0.00114498 0.999999 0.00138455 -0.00214641 -0.00138746 0.999996 0.0032346 0.116815 -0.0243688
FixedParameters: 0 0 0

#Transform 6
Transform: AffineTransform_float_3_3
Parameters: 0.999998 0.000290647 0.00188621 -0.000292352 0.999999 0.00071645 -0.00188579 -0.000717549 0.999998 0.0038841 0.140389 -0.0564612
FixedParameters: 0 0 0

#Transform 7
Transform: AffineTransform_float_3_3
Parameters: 0.999996 0.000679557 0.00273511 -0.00067944 1 0.000160142 -0.00273489 -0.000162859 0.999996 -0.0501132 0.066065 -0.0148651
FixedParameters: 0 0 0

#Transform 8
Transform: AffineTransform_float_3_3
Parameters: 0.999998 0.000140576 0.00190788 -0.000138424 0.999999 -0.000826265 -0.00190811 0.000825733 0.999998 0.00875665 0.103158 -0.14473
FixedParameters: 0 0 0

#Transform 9
Transform: AffineTransform_float_3_3
Parameters: 0.999998 7.25093e-05 0.00193902 -7.24904e-05 1 0.00025286 -0.00193898 -0.000253141 0.999998 0.0610325 0.0801021 -0.0731648
FixedParameters: 0 0 0

#Transform 10
Transform: AffineTransform_float_3_3
Parameters: 0.999997 0.000999241 0.00234132 -0.000999758 1 0.000322661 -0.00234068 -0.00032534 0.999997 -0.0668659 0.0673007 -0.0629662
FixedParameters: 0 0 0

#Transform 11
Transform: AffineTransform_float_3_3
Parameters: 0.999999 0.000847915 0.00120836 -0.000847085 1 -0.000757025 -0.00120964 0.000755975 0.999999 -0.061649 0.0450515 -0.133177
FixedParameters: 0 0 0

#Transform 12
Transform: AffineTransform_float_3_3
Parameters: 1 -0.000147678 0.000515092 0.000147322 1 -0.000624924 -0.000514908 0.000625076 0.999999 0.0682682 0.0655269 -0.170201
FixedParameters: 0 0 0

#Transform 13
Transform: AffineTransform_float_3_3
Parameters: 1 0.000762109 0.000705882 -0.00076189 0.999999 -0.000155538 -0.000706118 0.000154462 0.999999 -0.011231 -0.0207368 -0.137465
FixedParameters: 0 0 0

#Transform 14
Transform: AffineTransform_float_3_3
Parameters: 0.999999 0.00102234 0.00105167 -0.00102266 1 -0.000324076 -0.00105233 0.000322925 1 -0.0879456 0.0624756 -0.0879384
FixedParameters: 0 0 0

#Transform 15
Transform: AffineTransform_float_3_3
Parameters: 0.999999 0.00106877 0.000614398 -0.00106923 1 0.000372343 -0.000614602 -0.000372657 0.999999 -0.0402513 0.225381 -0.0546148
FixedParameters: 0 0 0

#Transform 16
Transform: AffineTransform_float_3_3
Parameters: 0.999999 0.000392506 0.000592327 -0.000392493 0.999999 0.000832768 -0.000591673 -0.000833232 1 -0.00787652 0.0594091 -0.0736934
FixedParameters: 0 0 0

#Transform 17
Transform: AffineTransform_float_3_3
Parameters: 0.999999 0.000273071 0.000705972 -0.000272929 1 -0.000101193 -0.000706027 0.000100807 0.999999 0.0850701 -0.0220632 -0.0560422
FixedParameters: 0 0 0

#Transform 18
Transform: AffineTransform_float_3_3
Parameters: 0.999999 0.000140671 0.000706065 -0.000140329 1 0.000465901 -0.000705934 -0.000466099 0.999999 0.143734 0.12003 -0.0407739
FixedParameters: 0 0 0

#Transform 19
Transform: AffineTransform_float_3_3
Parameters: 1 -1.39992e-05 -3.00381e-06 1.40008e-05 1 0.000272 2.99619e-06 -0.000272 1 0.0295222 0.104219 -0.127652
FixedParameters: 0 0 0

#Transform 20
Transform: AffineTransform_float_3_3
Parameters: 0.999999 0.000272146 0.000850953 -0.000271853 1 -0.000172231 -0.000851046 0.000171768 0.999999 -0.00321853 -0.00929382 -0.044884
FixedParameters: 0 0 0

#Transform 21
Transform: AffineTransform_float_3_3
Parameters: 1 0.000108017 0.000221992 -0.000107983 1 -7.8024e-05 -0.000222008 7.7976e-05 1 0.00235565 0.17237 -0.0942852
FixedParameters: 0 0 0

#Transform 22
Transform: AffineTransform_float_3_3
Parameters: 1 0.000487079 0.000510924 -0.000486921 1 -0.000155249 -0.000511076 0.000155751 1 -0.0361827 0.0357258 -0.143139
FixedParameters: 0 0 0

#Transform 23
Transform: AffineTransform_float_3_3
Parameters: 1 -1.41137e-05 0.000405996 1.38863e-05 1 0.000280006 -0.000406004 -0.000279994 1 0.00437209 0.0859146 -0.00842746
FixedParameters: 0 0 0

#Transform 24
Transform: AffineTransform_float_3_3
Parameters: 1 -0.00010213 9.38591e-05 0.00010187 0.999999 0.00138101 -9.41408e-05 -0.00138099 0.999999 0.0929875 0.167437 0.0219661
FixedParameters: 0 0 0

#Transform 25
Transform: AffineTransform_float_3_3
Parameters: 1 -0.000377057 5.15883e-05 0.000376943 1 0.00109202 -5.24117e-05 -0.00109198 1 0.0274744 0.00105266 -0.0184086
FixedParameters: 0 0 0

#Transform 26
Transform: AffineTransform_float_3_3
Parameters: 1 -0.000430683 -0.000293466 0.000430318 1 0.00108087 0.000293535 -0.00108113 1 0.029378 0.045305 -0.0120411
FixedParameters: 0 0 0

#Transform 27
Transform: AffineTransform_float_3_3
Parameters: 1 -0.000577179 0.000188452 0.000576821 1 0.000949109 -0.000188547 -0.000948891 0.999999 0.0373671 0.101121 -0.0486914
FixedParameters: 0 0 0

#Transform 28
Transform: AffineTransform_float_3_3
Parameters: 1 -5.70386e-05 0.000169987 5.69614e-05 1 0.00022701 -0.000170013 -0.00022699 1 0.0477007 0.0131505 -0.0595878
FixedParameters: 0 0 0

#Transform 29
Transform: AffineTransform_float_3_3
Parameters: 1 9.14478e-05 0.000476106 -9.15521e-05 1 0.00115996 -0.000475894 -0.00116004 0.999999 0.0409787 0.129168 0.0332217
FixedParameters: 0 0 0

#Transform 30
Transform: AffineTransform_float_3_3
Parameters: 1 0.000573738 0.000387387 -0.000574261 0.999999 0.000674777 -0.000386612 -0.000675222 0.999999 -0.00549803 0.0594363 0.0121535
FixedParameters: 0 0 0

#Transform 31
Transform: AffineTransform_float_3_3
Parameters: 1 0.00016089 9.1194e-05 -0.00016111 1 0.00120499 -9.0806e-05 -0.00120502 1 0.0180328 0.141082 0.0146507
FixedParameters: 0 0 0

#Transform 32
Transform: AffineTransform_float_3_3
Parameters: 1 0.000314114 -6.84761e-05 -0.000313884 0.999998 0.00166802 6.95236e-05 -0.00166798 0.999998 0.0129196 0.11372 0.055581
FixedParameters: 0 0 0

#Transform 33
Transform: AffineTransform_float_3_3
Parameters: 1 -0.000276102 0.000273897 0.000275897 1 0.000374076 -0.000274103 -0.000373924 1 0.042034 0.0344482 -0.0907901
FixedParameters: 0 0 0

#Transform 34
Transform: AffineTransform_float_3_3
Parameters: 0.999999 0.00124379 -0.000454564 -0.00124421 0.999999 -0.000453435 0.000454436 0.000453566 1 -0.0707712 0.0505037 -0.106887
FixedParameters: 0 0 0

#Transform 35
Transform: AffineTransform_float_3_3
Parameters: 0.999999 0.00124433 -0.0003739 -0.00124467 0.999999 0.000884466 0.000375101 -0.000884533 0.999999 -0.0821717 0.0803934 -0.0474618
FixedParameters: 0 0 0

#Transform 36
Transform: AffineTransform_float_3_3
Parameters: 1 -0.000260804 -0.00022223 0.000261196 0.999999 0.000881941 0.00022177 -0.000882057 0.999999 0.0402905 0.109727 0.00248864
FixedParameters: 0 0 0

#Transform 37
Transform: AffineTransform_float_3_3
Parameters: 1 0.000129083 -0.000221952 -0.000128917 1 0.000375029 0.000222048 -0.000374971 1 0.00467587 0.0903007 -0.00515671
FixedParameters: 0 0 0

#Transform 38
Transform: AffineTransform_float_3_3
Parameters: 1 0.000129071 -0.000277967 -0.000128929 1 0.000255036 0.000278033 -0.000254964 1 -0.00433814 0.0619254 -0.0503596
FixedParameters: 0 0 0

#Transform 39
Transform: AffineTransform_float_3_3
Parameters: 0.999999 0.000556131 -0.000516858 -0.000556868 1 0.000255288 0.000517142 -0.000254712 1 -0.0568398 0.0634181 -0.0479573
FixedParameters: 0 0 0

#Transform 40
Transform: AffineTransform_float_3_3
Parameters: 0.999999 0.00124706 -7.80746e-05 -0.00124694 0.999999 0.000742098 7.99252e-05 -0.000741901 0.999999 -0.110914 0.00813772 -0.0316786
FixedParameters: 0 0 0

#Transform 41
Transform: AffineTransform_float_3_3
Parameters: 0.999999 0.00117974 -0.00102915 -0.00117925 0.999999 0.000724215 0.00102985 -0.000722786 0.999999 -0.102418 0.161284 -0.0334813
FixedParameters: 0 0 0

#Transform 42
Transform: AffineTransform_float_3_3
Parameters: 0.999999 0.000930073 -0.000837146 -0.000931927 0.999997 -0.00230422 0.000834854 0.00230578 0.999997 -0.0543502 0.0215204 -0.62571
FixedParameters: 0 0 0

#Transform 43
Transform: AffineTransform_float_3_3
Parameters: 0.999998 0.00178529 0.000829092 -0.00178271 0.999994 -0.00275148 -0.000833906 0.00274952 0.999996 -0.178926 -0.162644 -0.742205
FixedParameters: 0 0 0

#Transform 44
Transform: AffineTransform_float_3_3
Parameters: 1 0.000230897 -0.000577041 -0.000230103 1 -0.000178867 0.000576959 0.000179133 1 -0.0861361 0.256422 0.265384
FixedParameters: 0 0 0

#Transform 45
Transform: AffineTransform_float_3_3
Parameters: 0.999999 -0.00051992 -0.00113058 0.000519079 0.999999 -0.000814587 0.00113142 0.000813412 0.999999 0.0492018 0.14538 0.254396
FixedParameters: 0 0 0

#Transform 46
Transform: AffineTransform_float_3_3
Parameters: 0.999998 0.000378546 -0.00221242 -0.000380456 1 -0.00110916 0.00221258 0.00110984 0.999997 0.021439 0.0472644 -0.177671
FixedParameters: 0 0 0

#Transform 47
Transform: AffineTransform_float_3_3
Parameters: 0.999998 -0.000548586 -0.00204004 0.000545414 0.999999 -0.00175812 0.00204096 0.00175689 0.999997 0.0291633 0.121008 -0.209049
FixedParameters: 0 0 0

#Transform 48
Transform: AffineTransform_float_3_3
Parameters: 0.999997 -0.000613561 -0.00232938 0.000614437 0.999999 0.00061657 0.00232862 -0.00061843 0.999997 0.0194461 -0.000482651 0.0295502
FixedParameters: 0 0 0

#Transform 49
Transform: AffineTransform_float_3_3
Parameters: 0.999998 -0.000251336 -0.00190069 0.000248665 0.999999 -0.00122848 0.00190131 0.00122853 0.999998 0.0141635 0.020277 -0.127676
FixedParameters: 0 0 0

#Transform 50
Transform: AffineTransform_float_3_3
Parameters: 0.999999 -0.000183246 -0.00154197 0.000182753 1 -0.000160282 0.00154203 0.000159718 0.999999 0.00960556 0.0563722 0.103106
FixedParameters: 0 0 0

#Transform 51
Transform: AffineTransform_float_3_3
Parameters: 1 -0.000182117 -0.00114714 0.000182883 0.999999 0.000769791 0.00114686 -0.000770209 0.999999 0.00119168 0.105429 0.17547
FixedParameters: 0 0 0

#Transform 52
Transform: AffineTransform_float_3_3
Parameters: 0.999998 9.23595e-05 -0.00228011 -9.464e-05 1 -0.00115779 0.00227989 0.00115821 0.999996 -0.0355323 0.0776067 -0.082993
FixedParameters: 0 0 0

#Transform 53
Transform: AffineTransform_float_3_3
Parameters: 0.999998 0.000115016 -0.002308 -0.000114984 1 7.2654e-06 0.002308 -6.73456e-06 0.999998 0.00896905 0.120862 -0.112692
FixedParameters: 0 0 0

#Transform 54
Transform: AffineTransform_float_3_3
Parameters: 0.999998 0.000242678 -0.00199316 -0.000244321 1 -0.000662514 0.00199284 0.000663485 0.999998 0.0261803 0.0546793 0.0262177
FixedParameters: 0 0 0

#Transform 55
Transform: AffineTransform_float_3_3
Parameters: 0.999998 1.43341e-05 -0.00165101 -1.66658e-05 1 -0.00100897 0.00165098 0.00100903 0.999998 -0.00874173 0.0169811 -0.0794171
FixedParameters: 0 0 0

#Transform 56
Transform: AffineTransform_float_3_3
Parameters: 0.999998 -4.65587e-05 -0.00189396 4.44411e-05 0.999999 -0.000823085 0.00189404 0.000822913 0.999998 -0.00704525 0.0659546 -0.0654304
FixedParameters: 0 0 0

#Transform 57
Transform: AffineTransform_float_3_3
Parameters: 0.999999 0.00105151 -0.000852608 -0.00105149 1 -0.000577104 0.000852393 0.000577897 1 -0.0224235 0.0693204 -0.358494
FixedParameters: 0 0 0

#Transform 58
Transform: AffineTransform_float_3_3
Parameters: 0.999995 0.00207728 0.00208173 -0.00207572 0.999997 -0.000615323 -0.00208327 0.000611675 0.999997 -0.0614566 -0.104376 -1.11091
FixedParameters: 0 0 0

#Transform 59
Transform: AffineTransform_float_3_3
Parameters: 0.999998 -0.00196464 0.000283615 0.00196436 0.999996 0.00223256 -0.000287387 -0.00223244 0.999998 0.165019 0.243478 0.456189
FixedParameters: 0 0 0

#Transform 60
Transform: AffineTransform_float_3_3
Parameters: 0.999996 -0.00255498 0.00122365 0.00255002 0.999989 0.00405614 -0.00123435 -0.00405286 0.999991 0.18016 0.401169 1.25581
FixedParameters: 0 0 0

#Transform 61
Transform: AffineTransform_float_3_3
Parameters: 0.999999 -0.00046607 -0.000558777 0.000466929 0.999998 0.00166574 0.000557223 -0.00166526 0.999999 0.035346 0.0448529 -0.158426
FixedParameters: 0 0 0

#Transform 62
Transform: AffineTransform_float_3_3
Parameters: 0.999999 -0.000309274 -0.000924243 0.000310725 0.999999 0.000784713 0.000923756 -0.000785286 1 0.0296014 -0.00175605 -0.178369
FixedParameters: 0 0 0

#Transform 63
Transform: AffineTransform_float_3_3
Parameters: 0.999999 -0.000370313 -0.00151966 0.000373688 0.999999 0.00176844 0.00151934 -0.00176857 0.999998 0.0126495 0.0348043 0.0780323
FixedParameters: 0 0 0

#Transform 64
Transform: AffineTransform_float_3_3
Parameters: 1 -0.000205287 -0.00104194 0.000205713 1 -0.000275215 0.00104206 0.000274786 1 0.0139474 0.0416867 0.090036
FixedParameters: 0 0 0

#Transform 65
Transform: AffineTransform_float_3_3
Parameters: 1 0.000211883 -0.00103623 -0.000213117 1 -0.00107778 0.00103577 0.00107822 0.999999 -0.0123666 0.0280655 -0.0944461
FixedParameters: 0 0 0

#Transform 66
Transform: AffineTransform_float_3_3
Parameters: 0.999998 0.000212481 -0.00189306 -0.00021352 1 -0.000274596 0.00189294 0.000274403 0.999998 0.00246281 0.155379 0.025334
FixedParameters: 0 0 0

#Transform 67
Transform: AffineTransform_float_3_3
Parameters: 0.999998 -0.000672594 -0.00151163 0.000673407 1 0.000929984 0.00151137 -0.000931019 0.999999 0.0456966 0.157888 0.102225
FixedParameters: 0 0 0

#Transform 68
Transform: AffineTransform_float_3_3
Parameters: 0.999998 -0.000479661 -0.00203308 0.000480338 1 0.000166024 0.00203292 -0.000166975 0.999998 -0.00416628 0.0523172 -0.00405816
FixedParameters: 0 0 0

#Transform 69
Transform: AffineTransform_float_3_3
Parameters: 0.999998 -0.00048027 -0.00228294 0.000480729 1 -0.000119098 0.00228306 0.000117904 0.999998 0.0126619 0.0354317 -0.0410885
FixedParameters: 0 0 0

#Transform 70
Transform: AffineTransform_float_3_3
Parameters: 0.999999 -0.000476563 -0.001644 0.000480438 0.999997 0.00209121 0.001643 -0.00209179 0.999997 -0.011988 0.108662 0.299789
FixedParameters: 0 0 0

#Transform 71
Transform: AffineTransform_float_3_3
Parameters: 0.999998 6.31518e-05 -0.00203306 -6.48478e-05 0.999999 -0.00090887 0.00203294 0.00090913 0.999998 -0.054401 0.0836881 -0.0205895
FixedParameters: 0 0 0

#Transform 72
Transform: AffineTransform_float_3_3
Parameters: 0.999999 0.00065524 -0.00167548 -0.000658764 0.999998 -0.0022459 0.00167453 0.0022461 0.999996 -0.0263445 0.0148154 -0.255665
FixedParameters: 0 0 0

#Transform 73
Transform: AffineTransform_float_3_3
Parameters: 0.999997 0.000186078 -0.00215217 -0.000187923 0.999999 -0.000893598 0.00215183 0.000893402 0.999998 -0.0524954 -0.0248762 -0.0232986
FixedParameters: 0 0 0

#Transform 74
Transform: AffineTransform_float_3_3
Parameters: 0.999998 0.000184851 -0.00228326 -0.000188148 0.999999 -0.00137857 0.00228274 0.00137943 0.999997 0.0127495 0.102134 -0.0681621
FixedParameters: 0 0 0

#Transform 75
Transform: AffineTransform_float_3_3
Parameters: 0.999998 -0.000450261 -0.00203272 0.000448739 0.999999 -0.000620913 0.00203228 0.000620086 0.999997 0.0208982 0.103543 0.00151786
FixedParameters: 0 0 0

#Transform 76
Transform: AffineTransform_float_3_3
Parameters: 0.999998 0.000190139 -0.00203327 -0.00019286 0.999999 -0.00140661 0.00203273 0.00140739 0.999997 -0.0375071 0.0810286 -0.123051
FixedParameters: 0 0 0

#Transform 77
Transform: AffineTransform_float_3_3
Parameters: 0.999997 5.60771e-05 -0.00270804 -5.79225e-05 0.999999 -0.000709846 0.00270796 0.000710154 0.999996 -0.0479158 0.145397 -0.0759498
FixedParameters: 0 0 0

#Transform 78
Transform: AffineTransform_float_3_3
Parameters: 0.999996 -0.00101726 -0.00240574 0.00101974 0.999999 0.000723549 0.00240426 -0.000725448 0.999997 0.0520831 0.119577 0.0883147
FixedParameters: 0 0 0

#Transform 79
Transform: AffineTransform_float_3_3
Parameters: 0.999996 -0.000156083 -0.0030689 0.000153915 1 -0.000679475 0.00306911 0.000678524 0.999995 0.0422267 0.0278745 -0.0120079
FixedParameters: 0 0 0

#Transform 80
Transform: AffineTransform_float_3_3
Parameters: 0.999999 0.00144104 -0.000565887 -0.00144096 0.999999 7.88155e-05 0.000566113 -7.81843e-05 1 -0.115492 0.0259206 -0.777919
FixedParameters: 0 0 0

#Transform 81
Transform: AffineTransform_float_3_3
Parameters: 0.999994 0.00144783 0.00314787 -0.00144117 0.999996 -0.00217055 -0.00315113 0.00216545 0.999992 -0.169166 0.00349748 -0.890619
FixedParameters: 0 0 0

#Transform 82
Transform: AffineTransform_float_3_3
Parameters: 0.999997 -0.00236131 -0.00037906 0.00236069 0.999997 -0.000821897 0.000380937 0.000820102 0.999999 0.146556 0.248024 0.597721
FixedParameters: 0 0 0

#Transform 83
Transform: AffineTransform_float_3_3
Parameters: 0.999997 -0.00214527 -0.000417507 0.00214373 0.999993 -0.0030279 0.000423492 0.0030271 0.999996 0.202702 0.107108 0.392066
FixedParameters: 0 0 0

#Transform 84
Transform: AffineTransform_float_3_3
Parameters: 0.999999 -0.000442666 -0.00135278 0.000442334 1 -0.000492599 0.00135322 0.000492401 0.999999 0.0235282 0.0235209 -0.243124
FixedParameters: 0 0 0

#Transform 85
Transform: AffineTransform_float_3_3
Parameters: 0.999996 -0.000539483 -0.00302968 0.000532515 0.999997 -0.00247063 0.00303133 0.00246838 0.999993 0.0132036 0.0632729 -0.169847
FixedParameters: 0 0 0

#Transform 86
Transform: AffineTransform_float_3_3
Parameters: 0.999999 -0.000289347 -0.00184617 0.000283651 0.999996 -0.00289553 0.00184783 0.00289547 0.999994 -0.000737479 0.00580357 -0.0245911
FixedParameters: 0 0 0

#Transform 87
Transform: AffineTransform_float_3_3
Parameters: 0.999999 -0.000160375 -0.000947937 0.000160624 1 -0.000396153 0.000948064 0.000395848 1 0.0289937 0.086198 0.177083
FixedParameters: 0 0 0

#Transform 88
Transform: AffineTransform_float_3_3
Parameters: 1 -0.000413084 -0.000972964 0.000412916 1 -8.64018e-05 0.000973035 8.55981e-05 0.999999 0.0412823 0.152433 0.169409
FixedParameters: 0 0 0

#Transform 89
Transform: AffineTransform_float_3_3
Parameters: 0.999997 -0.000164758 -0.00246269 0.000160243 0.999998 -0.0019324 0.00246231 0.0019316 0.999995 0.0174165 0.102509 -0.0692629
FixedParameters: 0 0 0

#Transform 90
Transform: AffineTransform_float_3_3
Parameters: 0.999996 -0.000881714 -0.00240164 0.000878287 0.999999 -0.00154711 0.00240236 0.00154489 0.999996 0.0541164 0.0940185 -0.0787556
FixedParameters: 0 0 0

#Transform 91
Transform: AffineTransform_float_3_3
Parameters: 0.999997 -2.75473e-05 -0.00251695 2.24524e-05 0.999997 -0.00220406 0.00251706 0.00220394 0.999995 -0.0100061 0.0352766 -0.0778634
FixedParameters: 0 0 0

#Transform 92
Transform: AffineTransform_float_3_3
Parameters: 0.999997 -0.000392673 -0.00236123 0.000387326 0.999998 -0.00197892 0.00236277 0.00197808 0.999996 0.0198348 0.0762426 -0.138478
FixedParameters: 0 0 0

#Transform 93
Transform: AffineTransform_float_3_3
Parameters: 0.999995 -0.000926421 -0.00285056 0.000921576 0.999999 -0.00155263 0.00285243 0.00154936 0.999994 0.0442247 0.0555969 -0.0582531
FixedParameters: 0 0 0

#Transform 94
Transform: AffineTransform_float_3_3
Parameters: 0.999997 -0.000453774 -0.00232007 0.000449226 0.999998 -0.00205805 0.00232093 0.00205695 0.999995 0.0298894 0.175075 0.0257454
FixedParameters: 0 0 0

#Transform 95
Transform: AffineTransform_float_3_3
Parameters: 0.999996 -0.000525524 -0.00250105 0.000521478 0.999998 -0.00180831 0.00250195 0.00180769 0.999995 0.0257383 0.0908769 -0.0952204
FixedParameters: 0 0 0

#Transform 96
Transform: AffineTransform_float_3_3
Parameters: 0.999998 -0.00016435 -0.00210866 0.00016065 0.999998 -0.00206334 0.00210833 0.00206266 0.999995 -0.0155854 0.000883626 -0.0899777
FixedParameters: 0 0 0

#Transform 97
Transform: AffineTransform_float_3_3
Parameters: 0.999997 -0.000664725 -0.00238941 0.000659274 0.999997 -0.00239658 0.00239059 0.00239442 0.999995 0.0442617 0.0599852 -0.137745
FixedParameters: 0 0 0

#Transform 98
Transform: AffineTransform_float_3_3
Parameters: 0.999997 -0.000165118 -0.00266569 0.000159883 0.999998 -0.00191943 0.00266631 0.00191957 0.999994 0.07469 0.0374897 -0.081608
FixedParameters: 0 0 0

#Transform 99
Transform: AffineTransform_float_3_3
Parameters: 0.999998 -0.000247725 -0.0023095 0.000243273 0.999998 -0.00204657 0.0023105 0.00204543 0.999995 0.00728453 0.0852928 -0.0279449
FixedParameters: 0 0 0

#Transform 100
Transform: AffineTransform_float_3_3
Parameters: 0.999997 -0.000164979 -0.0026657 0.000160019 0.999998 -0.00186843 0.0026663 0.00186757 0.999994 0.05584 0.0463114 -0.0923061
FixedParameters: 0 0 0

#Transform 101
Transform: AffineTransform_float_3_3
Parameters: 0.999997 -0.000627953 -0.00229771 0.000652049 0.999945 0.0104795 0.00229129 -0.0104815 0.999943 0.0375027 0.473973 0.993081
FixedParameters: 0 0 0

#Transform 102
Transform: AffineTransform_float_3_3
Parameters: 0.999991 -0.0001486 -0.0040652 0.000154402 0.999999 0.00132838 0.0040658 -0.00132862 0.999991 0.0511408 0.150899 0.264393
FixedParameters: 0 0 0

#Transform 103
Transform: AffineTransform_float_3_3
Parameters: 0.999993 0.00100582 -0.00341331 -0.00102717 0.99998 -0.00620753 0.00340669 0.00621147 0.999975 0.0346428 -0.226745 -0.680815
FixedParameters: 0 0 0

#Transform 104
Transform: AffineTransform_float_3_3
Parameters: 0.999987 0.000419804 -0.00494322 -0.000433194 0.999996 -0.00287089 0.00494177 0.00287311 0.999983 -0.0337531 0.0268956 -0.191013
FixedParameters: 0 0 0

#Transform 105
Transform: AffineTransform_float_3_3
Parameters: 0.999991 -0.00114279 -0.00410018 0.00112921 0.999993 -0.00336366 0.00410382 0.00335834 0.999986 0.0284656 0.0926187 -0.188141
FixedParameters: 0 0 0

#Transform 106
Transform: AffineTransform_float_3_3
Parameters: 0.99999 -0.00131099 -0.00412921 0.00129901 0.999995 -0.00290539 0.00413279 0.00289961 0.999988 0.0357511 0.0688391 -0.12872
FixedParameters: 0 0 0

#Transform 107
Transform: AffineTransform_float_3_3
Parameters: 0.99999 -0.000943018 -0.00435141 0.000930987 0.999996 -0.00276208 0.00435359 0.00275892 0.999986 0.0175284 0.0787822 -0.0914221
FixedParameters: 0 0 0

#Transform 108
Transform: AffineTransform_float_3_3
Parameters: 0.99999 -0.00097542 -0.00447932 0.000963584 0.999995 -0.00277334 0.00448169 0.00276966 0.999986 0.0626592 0.0340476 -0.127778
FixedParameters: 0 0 0

#Transform 109
Transform: AffineTransform_float_3_3
Parameters: 0.999994 -0.000222729 -0.00325309 0.000209272 0.999991 -0.0042197 0.00325391 0.0042193 0.999986 0.0673017 0.0247257 -0.397414
FixedParameters: 0 0 0

#Transform 110
Transform: AffineTransform_float_3_3
Parameters: 0.99999 -0.000822957 -0.00436876 0.000811043 0.999996 -0.00273857 0.00437023 0.00273443 0.999986 0.0554145 0.077801 -0.0994558
FixedParameters: 0 0 0

#Transform 111
Transform: AffineTransform_float_3_3
Parameters: 0.999996 -0.00142582 -0.0023907 0.00142718 0.999999 0.00049059 0.0023903 -0.00049441 0.999997 0.0706354 0.156669 0.342853
FixedParameters: 0 0 0

#Transform 112
Transform: AffineTransform_float_3_3
Parameters: 0.999987 -0.00087672 -0.00500479 0.000864279 0.999997 -0.00254336 0.00500721 0.00253864 0.999984 0.0372716 0.0596352 -0.167083
FixedParameters: 0 0 0

#Transform 113
Transform: AffineTransform_float_3_3
Parameters: 0.999985 -0.00063474 -0.00557068 0.000623262 0.999997 -0.0021085 0.00557233 0.0021055 0.999983 -0.00124057 0.0258948 -0.19124
FixedParameters: 0 0 0

#Transform 114
Transform: AffineTransform_float_3_3
Parameters: 0.999984 -0.000859211 -0.00562985 0.000844791 0.999997 -0.0025258 0.00563215 0.0025212 0.999981 -0.00252761 0.0730089 -0.0898413
FixedParameters: 0 0 0

#Transform 115
Transform: AffineTransform_float_3_3
Parameters: 0.999983 -0.00069865 -0.00566509 0.00068335 0.999996 -0.00276392 0.00566691 0.00276009 0.99998 0.0363227 0.140887 -0.0384178
FixedParameters: 0 0 0

#Transform 116
Transform: AffineTransform_float_3_3
Parameters: 0.999981 -0.000967878 -0.00605232 0.000951118 0.999995 -0.00279181 0.00605468 0.00278519 0.999978 0.0431154 0.0638138 -0.139753
FixedParameters: 0 0 0

#Transform 117
Transform: AffineTransform_float_3_3
Parameters: 0.999982 -0.000865784 -0.00604162 0.000849214 0.999996 -0.00278018 0.00604438 0.00277482 0.999978 0.0309216 0.0592818 -0.174721
FixedParameters: 0 0 0

#Transform 118
Transform: AffineTransform_float_3_3
Parameters: 0.999983 -0.000871912 -0.00568428 0.000854084 0.999994 -0.00315291 0.00568772 0.00314809 0.999979 0.0276104 0.0782588 -0.147872
FixedParameters: 0 0 0

#Transform 119
Transform: AffineTransform_float_3_3
Parameters: 0.999982 -0.000545459 -0.00585286 0.000521539 0.999992 -0.00400912 0.00585513 0.00400587 0.999975 -0.0301228 0.0316256 -0.210592
FixedParameters: 0 0 0
