#Insight Transform File V1.0
#Transform 0
Transform: AffineTransform_float_3_3
Parameters: 0.999999 -2.68647e-06 0.001408 3.13527e-07 0.999998 0.001908 -0.001408 -0.001908 0.999997 -0.0185539 0.0310382 0.103694
FixedParameters: 0 0 0

#Transform 1
Transform: AffineTransform_float_3_3
Parameters: 1 1.86406e-07 0.000407 1.86406e-07 1 -0.000458 -0.000407 0.000458 1 -0.0253104 0.0087814 -0.157424
FixedParameters: 0 0 0

#Transform 2
Transform: AffineTransform_float_3_3
Parameters: 1 0.000174232 0.000157744 -0.000173769 0.999999 -0.00146903 -0.000157255 0.00146897 0.999999 -0.0359454 -0.029195 -0.239242
FixedParameters: 0 0 0

#Transform 3
Transform: AffineTransform_float_3_3
Parameters: 1 3.74958e-07 0.000333 3.74958e-07 1 -0.001126 -0.000333 0.001126 1 0.00818923 0.0130858 -0.0915203
FixedParameters: 0 0 0

#Transform 4
Transform: AffineTransform_float_3_3
Parameters: 1 -0.000692049 -4.42402e-05 0.000691951 0.999999 -0.00109803 4.47598e-05 0.00109797 1 0.0490459 -0.0153028 -0.0654164
FixedParameters: 0 0 0

#Transform 5
Transform: AffineTransform_float_3_3
Parameters: 1 -0.000413268 -0.000241542 0.000413731 1 -0.0011091 0.000242459 0.0011089 1 0.0260439 -0.00237529 -0.163136
FixedParameters: 0 0 0

#Transform 6
Transform: AffineTransform_float_3_3
Parameters: 1 -0.000223293 -0.000276764 0.000223707 1 -0.00105706 0.000277237 0.00105694 1 -0.0353568 -0.028681 -0.0680069
FixedParameters: 0 0 0

#Transform 7
Transform: AffineTransform_float_3_3
Parameters: 1 -0.000387268 -0.000413749 0.000386731 0.999999 -0.00064816 0.00041425 0.000647839 0.999999 -0.031034 -0.0097585 -0.0777138
FixedParameters: 0 0 0

#Transform 8
Transform: AffineTransform_float_3_3
Parameters: 1 -0.000499144 -0.000158547 0.000498856 1 -0.000908079 0.000159453 0.000907921 0.999999 -0.0201874 -0.0457424 -0.0603763
FixedParameters: 0 0 0

#Transform 9
Transform: AffineTransform_float_3_3
Parameters: 1 -0.000425034 -5.77513e-05 0.000424966 0.999999 -0.000585024 5.82486e-05 0.000584975 1 -0.0234439 -0.028729 -0.0872821
FixedParameters: 0 0 0

#Transform 10
Transform: AffineTransform_float_3_3
Parameters: 0.999999 -0.000764099 -0.000398809 0.0007639 0.999999 -0.000249305 0.000399191 0.000249695 1 -0.0131605 0.0518399 -0.0572964
FixedParameters: 0 0 0

#Transform 11
Transform: AffineTransform_float_3_3
Parameters: 1 -0.000264068 0.000121853 0.000263932 1 0.000557032 -0.000121147 -0.000556968 1 -0.030656 0.0558456 0.0773461
FixedParameters: 0 0 0

#Transform 12
Transform: AffineTransform_float_3_3
Parameters: 1 -0.000498925 -6.16112e-05 0.000499076 0.999999 0.00122497 6.13887e-05 -0.00122503 0.999999 0.00872332 0.0469106 0.0517364
FixedParameters: 0 0 0

#Transform 13
Transform: AffineTransform_float_3_3
Parameters: 1 -0.000960907 -8.50648e-05 0.000961094 0.999999 0.00110792 8.39362e-05 -0.00110708 1 0.0145227 0.0466242 0.0942255
FixedParameters: 0 0 0

#Transform 14
Transform: AffineTransform_float_3_3
Parameters: 1 -8.49959e-05 -9.03833e-06 8.5004e-05 1 0.000450999 8.96166e-06 -0.000451001 1 -0.0209735 0.0321639 -0.0449074
FixedParameters: 0 0 0

#Transform 15
Transform: AffineTransform_float_3_3
Parameters: 1 -0.000413015 1.14536e-05 0.000412984 0.999999 0.00132301 -1.25464e-05 -0.001323 0.999999 0.012316 0.0475414 0.0617463
FixedParameters: 0 0 0

#Transform 16
Transform: AffineTransform_float_3_3
Parameters: 1 -0.000125954 -5.90972e-05 0.000126045 0.999999 0.000771992 5.89027e-05 -0.000772007 0.999999 0.022177 0.0237354 0.0558938
FixedParameters: 0 0 0

#Transform 17
Transform: AffineTransform_float_3_3
Parameters: 1 -0.000133041 0.000138961 0.000132959 1 0.000296018 -0.000139039 -0.000295981 1 0.0127106 0.00423511 -0.0240281
FixedParameters: 0 0 0

#Transform 18
Transform: AffineTransform_float_3_3
Parameters: 1 -0.000216028 0.000112947 0.000215972 1 0.000247024 -0.000113053 -0.000246976 1 0.0197317 0.00259845 -0.00424721
FixedParameters: 0 0 0

#Transform 19
Transform: AffineTransform_float_3_3
Parameters: 1 -0.000498942 -0.000135212 0.000499057 1 0.000424932 0.000134788 -0.000425067 1 0.021387 0.00397009 0.0737652
FixedParameters: 0 0 0

#Transform 20
Transform: AffineTransform_float_3_3
Parameters: 1 -0.000498831 -0.000198425 0.000499168 0.999999 0.0008529 0.000197574 -0.000853098 0.999999 0.0209462 0.0124853 0.0562586
FixedParameters: 0 0 0

#Transform 21
Transform: AffineTransform_float_3_3
Parameters: 1 -0.000550992 -0.000187023 0.000551007 1 4.08969e-05 0.000186977 -4.1103e-05 1 0.0238637 -0.01617 0.0632987
FixedParameters: 0 0 0

#Transform 22
Transform: AffineTransform_float_3_3
Parameters: 1 -0.000161002 -4.93109e-06 0.000160998 1 -0.000428001 5.06891e-06 0.000427999 1 -0.00202423 -0.0365953 -0.0182949
FixedParameters: 0 0 0

#Transform 23
Transform: AffineTransform_float_3_3
Parameters: 1 -0.00108123 0.000409403 0.00108077 1 0.000552443 -0.000410598 -0.000552556 1 0.116988 -0.0186171 0.306484
FixedParameters: 0 0 0

#Transform 24
Transform: AffineTransform_float_3_3
Parameters: 0.999999 -0.000792226 0.000409562 0.000791773 0.999999 0.000552324 -0.000410438 -0.000552675 1 0.0508286 -0.000631264 0.171201
FixedParameters: 0 0 0

#Transform 25
Transform: AffineTransform_float_3_3
Parameters: 0.999999 0.000651964 0.000410056 -0.000652035 1 8.67326e-05 -0.000409943 -8.72673e-05 1 -0.0831018 0.0482654 -0.0913068
FixedParameters: 0 0 0

#Transform 26
Transform: AffineTransform_float_3_3
Parameters: 1 2.86092e-05 0.000410028 -2.93907e-05 0.999999 0.000952988 -0.000409972 -0.000953012 1 0.0467177 0.0725529 0.118283
FixedParameters: 0 0 0

#Transform 27
Transform: AffineTransform_float_3_3
Parameters: 1 -0.000199295 0.000409857 0.000198705 0.999999 0.000719081 -0.000410143 -0.000718918 0.999999 0.00382414 0.0954214 0.0793642
FixedParameters: 0 0 0

#Transform 28
Transform: AffineTransform_float_3_3
Parameters: 1 0.000361687 0.000410276 -0.000362313 0.999999 0.000762851 -0.000409723 -0.000763148 0.999999 -0.035462 0.0791606 0.0133385
FixedParameters: 0 0 0

#Transform 29
Transform: AffineTransform_float_3_3
Parameters: 1 0.000270802 0.000410131 -0.000271198 1 0.000482889 -0.000409869 -0.000483111 1 -0.0229207 0.0112768 0.0246901
FixedParameters: 0 0 0

#Transform 30
Transform: AffineTransform_float_3_3
Parameters: 1 0.000361938 0.000410054 -0.000362061 1 0.000149852 -0.000409946 -0.000150148 1 -0.0276812 0.0377889 0.0396427
FixedParameters: 0 0 0

#Transform 31
Transform: AffineTransform_float_3_3
Parameters: 1 -3.89508e-05 0.000410005 3.90492e-05 1 -0.000119984 -0.000409995 0.000120016 1 0.0114696 0.00181435 -0.0299311
FixedParameters: 0 0 0

#Transform 32
Transform: AffineTransform_float_3_3
Parameters: 1 -0.000209832 0.000633056 0.000210169 1 -0.000266867 -0.000632944 0.000266133 1 0.0219475 0.00659219 -0.0116782
FixedParameters: 0 0 0

#Transform 33
Transform: AffineTransform_float_3_3
Parameters: 1 -0.000451912 0.000410096 0.000452087 1 -0.000212815 -0.000409904 0.000213185 1 0.0701656 0.00152371 -0.0565733
FixedParameters: 0 0 0

#Transform 34
Transform: AffineTransform_float_3_3
Parameters: 1 -0.000230223 0.00105495 0.000229778 1 0.000210243 -0.00105505 -0.000210757 1 0.0746067 0.0214925 -0.0359824
FixedParameters: 0 0 0

#Transform 35
Transform: AffineTransform_float_3_3
Parameters: 1 -0.000451931 0.000410076 0.000452069 1 -0.000168815 -0.000409923 0.000169185 1 -0.00206281 0.0368455 0.0448022
FixedParameters: 0 0 0

#Transform 36
Transform: AffineTransform_float_3_3
Parameters: 1 -0.000101883 0.000490024 0.000102117 1 -0.00023895 -0.000489975 0.00023905 1 -0.0114208 0.0176328 -0.0279491
FixedParameters: 0 0 0

#Transform 37
Transform: AffineTransform_float_3_3
Parameters: 0.999999 9.88473e-05 0.00072702 -9.91526e-05 1 0.000209928 -0.000726979 -0.000210072 0.999999 -0.0369251 0.00382501 0.0514533
FixedParameters: 0 0 0

#Transform 38
Transform: AffineTransform_float_3_3
Parameters: 0.999999 0.000256244 0.000827924 -0.000256756 1 -0.000294213 -0.000828075 0.000294788 0.999999 -0.0354643 -0.0193324 0.0695215
FixedParameters: 0 0 0

#Transform 39
Transform: AffineTransform_float_3_3
Parameters: 0.999999 -0.000151146 0.000697968 0.000150853 1 0.000210105 -0.000698031 -0.000209894 0.999999 0.012684 0.00402007 0.123161
FixedParameters: 0 0 0

#Transform 40
Transform: AffineTransform_float_3_3
Parameters: 1 -1.35891e-05 0.000639008 1.44109e-05 1 -0.000642991 -0.00063899 0.000643008 0.999999 -0.0201385 0.0444204 -0.0725395
FixedParameters: 0 0 0

#Transform 41
Transform: AffineTransform_float_3_3
Parameters: 0.999999 -1.47399e-05 0.00105399 1.42601e-05 1 0.000702015 -0.00105401 -0.000701985 0.999999 -0.0173839 -0.018581 0.0520309
FixedParameters: 0 0 0

#Transform 42
Transform: AffineTransform_float_3_3
Parameters: 0.999999 -0.000738025 2.73269e-05 0.000737975 1 0.00091202 -2.7673e-05 -0.00091198 0.999999 -0.005375 0.0103662 0.119314
FixedParameters: 0 0 0

#Transform 43
Transform: AffineTransform_float_3_3
Parameters: 1 1.51805e-05 0.000541995 -1.48195e-05 1 -0.000333008 -0.000542005 0.000332992 1 -0.0414019 0.00938702 -0.058036
FixedParameters: 0 0 0

#Transform 44
Transform: AffineTransform_float_3_3
Parameters: 0.999999 -0.000336707 0.000624619 0.000336293 1 0.00113221 -0.000624381 -0.00113179 0.999999 -0.00145882 0.0713294 0.162554
FixedParameters: 0 0 0

#Transform 45
Transform: AffineTransform_float_3_3
Parameters: 1 -0.000336628 0.000409485 0.000336371 0.999999 0.00153214 -0.000410516 -0.00153186 0.999998 0.0189136 0.0323514 0.104179
FixedParameters: 0 0 0

#Transform 46
Transform: AffineTransform_float_3_3
Parameters: 1 -0.000167121 0.00040995 0.000166879 1 0.000296068 -0.000410049 -0.000295931 1 -0.013206 0.0622903 -0.0674528
FixedParameters: 0 0 0

#Transform 47
Transform: AffineTransform_float_3_3
Parameters: 0.999999 -0.000833882 -0.00019351 0.000834119 1 0.000611839 0.000193489 -0.000612162 1 0.0148328 0.0190116 0.0327744
FixedParameters: 0 0 0

#Transform 48
Transform: AffineTransform_float_3_3
Parameters: 1 -0.000277372 -0.00060229 0.000277629 1 0.00104383 0.000602711 -0.00104317 1 0.0117321 0.0379217 0.133658
FixedParameters: 0 0 0

#Transform 49
Transform: AffineTransform_float_3_3
Parameters: 1 0.000295943 -0.000233072 -0.000296057 1 -0.000242931 0.000232928 0.000243069 1 -0.00199321 0.0385674 -0.0647751
FixedParameters: 0 0 0

#Transform 50
Transform: AffineTransform_float_3_3
Parameters: 1 -8.69995e-05 -2.00021e-05 8.70005e-05 1 2.39983e-05 1.99979e-05 -2.40017e-05 1 0.00284885 0.0897516 -0.12142
FixedParameters: 0 0 0

#Transform 51
Transform: AffineTransform_float_3_3
Parameters: 1 -8.68306e-05 -0.000213069 8.71693e-05 0.999999 0.000794981 0.000212931 -0.000795018 0.999999 0.026724 0.0492604 0.0524555
FixedParameters: 0 0 0

#Transform 52
Transform: AffineTransform_float_3_3
Parameters: 0.999999 -0.000697342 -0.000514893 0.000697658 0.999999 0.00127964 0.000514108 -0.00127936 0.999999 0.0317971 0.0529427 0.0385851
FixedParameters: 0 0 0

#Transform 53
Transform: AffineTransform_float_3_3
Parameters: 1 7.28979e-05 -0.000130057 -7.3102e-05 0.999999 -0.00078499 0.000129943 0.000785009 0.999999 -0.0495383 -0.0114881 -0.115201
FixedParameters: 0 0 0

#Transform 54
Transform: AffineTransform_float_3_3
Parameters: 1 -0.000535047 -6.56115e-05 0.000534952 0.999999 -0.000726035 6.53884e-05 0.000725965 0.999999 0.0380403 -0.0106997 -0.040182
FixedParameters: 0 0 0

#Transform 55
Transform: AffineTransform_float_3_3
Parameters: 1 -0.000354388 -0.000602361 0.000354614 1 0.00101779 0.00060264 -0.00101721 1 -0.00799042 0.0218779 0.0460865
FixedParameters: 0 0 0

#Transform 56
Transform: AffineTransform_float_3_3
Parameters: 0.999999 -0.000652478 -0.00053264 0.000653522 1 0.000980653 0.000532359 -0.000981348 1 0.0389674 0.0111165 0.038108
FixedParameters: 0 0 0

#Transform 57
Transform: AffineTransform_float_3_3
Parameters: 1 0.000128974 0.000126027 -0.000129026 1 0.000209984 -0.000125973 -0.000210016 1 -0.0254929 -0.0188286 -0.014027
FixedParameters: 0 0 0

#Transform 58
Transform: AffineTransform_float_3_3
Parameters: 1 -0.000211637 -0.00033523 0.000212363 1 0.00108393 0.00033477 -0.00108407 1 -0.0144315 0.0535329 0.0566913
FixedParameters: 0 0 0

#Transform 59
Transform: AffineTransform_float_3_3
Parameters: 1 -0.000430756 -0.000295356 0.000430243 0.999999 0.000825872 0.000294645 -0.000826126 0.999999 0.00311468 0.0408939 0.0865596
FixedParameters: 0 0 0

#Transform 60
Transform: AffineTransform_float_3_3
Parameters: 1 -9.70028e-05 -1.39807e-05 9.69972e-05 1 -0.000199001 1.40193e-05 0.000198999 1 -0.0124872 0.00149236 -0.0695846
FixedParameters: 0 0 0

#Transform 61
Transform: AffineTransform_float_3_3
Parameters: 1 -0.000126898 -0.000602233 0.000128104 0.999999 0.00183092 0.000602766 -0.00183108 0.999998 -0.000613514 0.0546214 0.186938
FixedParameters: 0 0 0

#Transform 62
Transform: AffineTransform_float_3_3
Parameters: 1 -0.000347634 -0.000378337 0.000348367 1 0.000968869 0.000378663 -0.000969133 1 0.00609294 0.0416389 0.079405
FixedParameters: 0 0 0

#Transform 63
Transform: AffineTransform_float_3_3
Parameters: 1 -1.80861e-05 -0.000325995 1.79139e-05 1 -0.000264006 0.000326005 0.000263994 1 -0.0128955 -0.0142597 -0.115721
FixedParameters: 0 0 0

#Transform 64
Transform: AffineTransform_float_3_3
Parameters: 1 -3.60488e-05 -0.000369995 3.59512e-05 1 -0.000132013 0.000370005 0.000131987 1 -0.0100388 -0.0176722 -0.0914614
FixedParameters: 0 0 0

#Transform 65
Transform: AffineTransform_float_3_3
Parameters: 1 -3.60337e-05 -0.000601998 3.59663e-05 1 -5.60217e-05 0.000602002 5.59783e-05 1 -0.0263951 -0.0301744 0.0223372
FixedParameters: 0 0 0

#Transform 66
Transform: AffineTransform_float_3_3
Parameters: 1 -0.000202597 -0.000515766 0.000201402 1 -0.0011581 0.000516234 0.0011579 0.999999 -0.019835 -0.0188343 -0.157544
FixedParameters: 0 0 0

#Transform 67
Transform: AffineTransform_float_3_3
Parameters: 1 -0.000155185 -0.000252886 0.000154814 0.999999 -0.000733039 0.000253113 0.00073296 0.999999 -0.00715372 -0.0137554 -0.131829
FixedParameters: 0 0 0

#Transform 68
Transform: AffineTransform_float_3_3
Parameters: 0.999999 -0.000528519 -0.000674376 0.00052848 0.999999 0.000712643 0.000673623 -0.000713356 0.999999 0.00948022 0.02432 0.0887383
FixedParameters: 0 0 0

#Transform 69
Transform: AffineTransform_float_3_3
Parameters: 0.999999 -0.000454474 -0.000602397 0.000454526 0.999999 0.000872726 0.000602604 -0.000872274 1 -0.00499933 -0.021535 0.0857575
FixedParameters: 0 0 0

#Transform 70
Transform: AffineTransform_float_3_3
Parameters: 0.999999 -0.000695294 -0.000602814 0.000695705 0.999999 0.00117058 0.000602185 -0.00117142 0.999999 0.0228384 0.0245461 0.0986756
FixedParameters: 0 0 0

#Transform 71
Transform: AffineTransform_float_3_3
Parameters: 0.999999 -0.000454073 -0.000602699 0.000454927 0.999998 0.00153873 0.000602301 -0.00153827 0.999998 -0.0141737 0.0363346 0.0692667
FixedParameters: 0 0 0

#Transform 72
Transform: AffineTransform_float_3_3
Parameters: 1 -0.000825742 -0.000742403 0.000827261 0.999998 0.00169739 0.000741597 -0.00169761 0.999999 0.00430074 0.0468013 0.0722002
FixedParameters: 0 0 0

#Transform 73
Transform: AffineTransform_float_3_3
Parameters: 0.999999 -0.000730119 -0.000603067 0.000730879 0.999998 0.00146056 0.000601932 -0.00146144 0.999999 0.0192153 0.0328161 0.0241418
FixedParameters: 0 0 0

#Transform 74
Transform: AffineTransform_float_3_3
Parameters: 0.999999 -0.000822233 -0.00101244 0.000823766 0.999998 0.00174517 0.00101056 -0.00174683 0.999998 0.00704041 0.0346507 0.0250826
FixedParameters: 0 0 0

#Transform 75
Transform: AffineTransform_float_3_3
Parameters: 1 -0.000759952 -0.00077503 0.000761049 0.999999 0.00135341 0.000773971 -0.00135359 0.999999 0.00358907 -0.00270354 0.102652
FixedParameters: 0 0 0

#Transform 76
Transform: AffineTransform_float_3_3
Parameters: 1 0.000309265 -0.000601864 -0.000308735 1 0.000440186 0.000602136 -0.000439814 0.999999 -0.0349526 0.00907165 0.044857
FixedParameters: 0 0 0

#Transform 77
Transform: AffineTransform_float_3_3
Parameters: 1 0.00023338 -0.000501823 -0.00023362 0.999999 0.000757117 0.000502177 -0.000756882 0.999999 -0.0158984 0.0043695 0.0656022
FixedParameters: 0 0 0

#Transform 78
Transform: AffineTransform_float_3_3
Parameters: 0.999999 0.000233865 -0.000851763 -0.000233134 0.999999 0.0010162 0.000852237 -0.0010158 0.999999 -0.00631661 0.0185657 0.075161
FixedParameters: 0 0 0

#Transform 79
Transform: AffineTransform_float_3_3
Parameters: 1 0.000233305 -0.000601881 -0.000233695 1 0.000507141 0.000602118 -0.000506859 0.999999 -0.00464673 0.00952378 0.0681708
FixedParameters: 0 0 0

#Transform 80
Transform: AffineTransform_float_3_3
Parameters: 1 0.000233522 -0.000601798 -0.000233477 0.999999 0.000868141 0.000602203 -0.00086786 1 -0.0129198 -0.00522284 0.054288
FixedParameters: 0 0 0

#Transform 81
Transform: AffineTransform_float_3_3
Parameters: 1 0.000233935 -0.000601637 -0.000233064 0.999999 0.00155414 0.000602363 -0.00155386 0.999998 -0.0150643 0.0165047 0.0900241
FixedParameters: 0 0 0

#Transform 82
Transform: AffineTransform_float_3_3
Parameters: 0.999999 2.4153e-05 -0.000726962 -2.28469e-05 0.999998 0.00158602 0.000727037 -0.00158598 0.999998 0.00312734 0.0686862 0.0669705
FixedParameters: 0 0 0

#Transform 83
Transform: AffineTransform_float_3_3
Parameters: 0.999999 0.000234633 -0.000916583 -0.000233366 0.999999 0.00178122 0.000917417 -0.00178079 0.999998 -0.00679383 0.0156607 0.0953295
FixedParameters: 0 0 0

#Transform 84
Transform: AffineTransform_float_3_3
Parameters: 1 -0.000190972 -0.00111018 0.000192028 0.999999 0.000925787 0.00110982 -0.000926212 0.999999 0.01427 0.0495872 0.050692
FixedParameters: 0 0 0

#Transform 85
Transform: AffineTransform_float_3_3
Parameters: 1 -0.00019036 -0.00110129 0.000191639 0.999999 0.00148879 0.00110072 -0.00148921 0.999999 0.0203817 0.0520404 0.0843861
FixedParameters: 0 0 0

#Transform 86
Transform: AffineTransform_float_3_3
Parameters: 0.999999 -0.000190714 -0.000948259 0.000192285 0.999999 0.00135582 0.000947739 -0.00135618 0.999998 0.0403017 0.0669794 0.185183
FixedParameters: 0 0 0

#Transform 87
Transform: AffineTransform_float_3_3
Parameters: 0.999999 -0.000188889 -0.00180633 0.000192109 0.999998 0.00172165 0.00180567 -0.00172234 0.999997 0.00959063 0.0187506 0.0912935
FixedParameters: 0 0 0

#Transform 88
Transform: AffineTransform_float_3_3
Parameters: 0.999999 -0.000191898 -0.00127402 0.000192102 1 7.97553e-05 0.00127399 -8.02446e-05 0.999999 -0.000521685 0.0270911 -0.150245
FixedParameters: 0 0 0

#Transform 89
Transform: AffineTransform_float_3_3
Parameters: 0.999997 -0.000665794 -0.00225436 0.000667207 0.999999 0.000534497 0.00225464 -0.000535503 0.999998 -0.0145887 0.0304393 -0.0347514
FixedParameters: 0 0 0

#Transform 90
Transform: AffineTransform_float_3_3
Parameters: 1 5.78651e-05 -0.00120996 -5.71348e-05 0.999999 0.000715069 0.00121004 -0.00071493 0.999999 -0.00582193 0.0119507 0.166892
FixedParameters: 0 0 0

#Transform 91
Transform: AffineTransform_float_3_3
Parameters: 0.999999 0.000197085 -0.00130784 -0.000195915 0.999999 0.000829256 0.00130816 -0.000829742 0.999999 -0.0735813 0.0318083 0.16976
FixedParameters: 0 0 0

#Transform 92
Transform: AffineTransform_float_3_3
Parameters: 0.999999 0.00019009 -0.00155787 -0.000188909 0.999999 0.000700295 0.00155813 -0.000699704 0.999998 -0.0354862 0.0309368 0.104452
FixedParameters: 0 0 0

#Transform 93
Transform: AffineTransform_float_3_3
Parameters: 0.999999 -0.000144398 -0.00147816 0.000145602 1 0.00108379 0.00147784 -0.00108422 0.999999 -0.0605595 0.0135892 0.0767738
FixedParameters: 0 0 0

#Transform 94
Transform: AffineTransform_float_3_3
Parameters: 0.999998 -0.000307311 -0.00155833 0.000309689 1 0.00108352 0.00155867 -0.00108448 0.999998 -0.0110746 0.016638 0.0958066
FixedParameters: 0 0 0

#Transform 95
Transform: AffineTransform_float_3_3
Parameters: 0.999998 -0.000748648 -0.00212519 0.000752353 0.999998 0.00157741 0.00212382 -0.00157859 0.999997 -0.034406 0.00661453 0.0848112
FixedParameters: 0 0 0

#Transform 96
Transform: AffineTransform_float_3_3
Parameters: 0.999997 -0.000923463 -0.00235279 0.000928537 0.999997 0.00192782 0.00235121 -0.00193018 0.999996 0.0170227 0.0227785 0.117085
FixedParameters: 0 0 0

#Transform 97
Transform: AffineTransform_float_3_3
Parameters: 0.999998 -0.000293144 -0.00224025 0.000294856 0.999999 0.000828341 0.00223976 -0.000828658 0.999997 -0.0794327 0.0355764 0.0412769
FixedParameters: 0 0 0

#Transform 98
Transform: AffineTransform_float_3_3
Parameters: 0.999999 0.000510472 -0.00177458 -0.000509527 0.999999 0.000829905 0.00177542 -0.000829095 0.999998 -0.056205 -0.0154881 0.0352604
FixedParameters: 0 0 0

#Transform 99
Transform: AffineTransform_float_3_3
Parameters: 0.999999 -7.39181e-05 -0.00130506 7.50817e-05 0.999999 0.000828902 0.00130494 -0.000829097 0.999999 -0.0164159 0.0311765 0.125434
FixedParameters: 0 0 0

#Transform 100
Transform: AffineTransform_float_3_3
Parameters: 0.999999 2.72638e-05 -0.00177498 -2.57362e-05 0.999999 0.000712047 0.00177502 -0.000711953 0.999998 -0.0413289 0.0301956 0.0701319
FixedParameters: 0 0 0

#Transform 101
Transform: AffineTransform_float_3_3
Parameters: 0.999999 0.000183404 -0.00128194 -0.000182597 1 0.000314234 0.00128206 -0.000314765 0.999999 -0.0387445 0.00278908 0.11225
FixedParameters: 0 0 0

#Transform 102
Transform: AffineTransform_float_3_3
Parameters: 0.999999 -0.000219908 -0.0015323 0.000222092 0.999999 0.00136566 0.0015317 -0.00136534 0.999998 -0.0222105 0.0264825 0.115153
FixedParameters: 0 0 0

#Transform 103
Transform: AffineTransform_float_3_3
Parameters: 0.999999 -0.000260773 -0.00148022 0.000262226 0.999999 0.000828612 0.00147978 -0.000829386 0.999998 -0.0147245 0.00872918 0.0980535
FixedParameters: 0 0 0

#Transform 104
Transform: AffineTransform_float_3_3
Parameters: 0.999998 -0.000692318 -0.00189608 0.000697684 0.999996 0.00299868 0.00189392 -0.00299932 0.999993 0.0113183 0.109672 0.248172
FixedParameters: 0 0 0

#Transform 105
Transform: AffineTransform_float_3_3
Parameters: 0.999998 -0.000497991 -0.00163792 0.000501009 0.999998 0.00183718 0.00163708 -0.00183782 0.999997 -0.0130554 0.0488663 0.142181
FixedParameters: 0 0 0

#Transform 106
Transform: AffineTransform_float_3_3
Parameters: 0.999997 -0.000791253 -0.00227566 0.000795747 0.999998 0.0020862 0.00227335 -0.00208781 0.999995 -0.0162289 0.0788756 0.148068
FixedParameters: 0 0 0

#Transform 107
Transform: AffineTransform_float_3_3
Parameters: 0.999997 -0.000746864 -0.00205014 0.000749135 0.999998 0.00152947 0.00204886 -0.00153053 0.999996 -0.0216975 0.0195353 0.102139
FixedParameters: 0 0 0

#Transform 108
Transform: AffineTransform_float_3_3
Parameters: 0.999998 -0.000619579 -0.00151176 0.00061942 0.999999 -0.000383937 0.00151224 0.000383063 0.999999 -0.0070506 -0.0324448 -0.144147
FixedParameters: 0 0 0

#Transform 109
Transform: AffineTransform_float_3_3
Parameters: 0.999997 -0.00069402 -0.00205035 0.000697982 0.999998 0.00194157 0.00204965 -0.00194243 0.999996 0.00823109 0.0536246 0.171991
FixedParameters: 0 0 0

#Transform 110
Transform: AffineTransform_float_3_3
Parameters: 0.999999 -0.000430926 -0.00168079 0.000434075 0.999998 0.00182927 0.00168021 -0.00182973 0.999997 -0.00706766 0.0527614 0.217017
FixedParameters: 0 0 0

#Transform 111
Transform: AffineTransform_float_3_3
Parameters: 0.999997 -0.000695929 -0.0020497 0.000697071 0.999999 0.00100957 0.0020493 -0.00101143 0.999998 -0.0107757 0.0472988 0.106682
FixedParameters: 0 0 0

#Transform 112
Transform: AffineTransform_float_3_3
Parameters: 0.999998 -0.000695784 -0.00142408 0.000697215 0.999998 0.00155601 0.00142292 -0.00155699 0.999998 0.00361086 0.0510933 0.1712
FixedParameters: 0 0 0

#Transform 113
Transform: AffineTransform_float_3_3
Parameters: 0.999998 -0.000694987 -0.00142447 0.000698013 0.999998 0.00211601 0.00142253 -0.00211699 0.999996 0.0204053 0.0623637 0.187162
FixedParameters: 0 0 0

#Transform 114
Transform: AffineTransform_float_3_3
Parameters: 0.999997 -0.000693028 -0.00209865 0.000697968 0.999997 0.00236854 0.00209635 -0.00237046 0.999995 0.00889228 0.0692591 0.203071
FixedParameters: 0 0 0

#Transform 115
Transform: AffineTransform_float_3_3
Parameters: 0.999998 -0.000350014 -0.00207468 0.000353983 0.999998 0.00192027 0.00207332 -0.00192173 0.999996 -0.00884806 0.0277154 0.149632
FixedParameters: 0 0 0

#Transform 116
Transform: AffineTransform_float_3_3
Parameters: 0.999998 -0.00024475 -0.00188516 0.00024625 1 0.000662537 0.00188584 -0.000663463 0.999998 -0.0189973 -0.0004243 -0.0197989
FixedParameters: 0 0 0

#Transform 117
Transform: AffineTransform_float_3_3
Parameters: 0.999998 -0.000439264 -0.0020056 0.000441735 0.999999 0.00136412 0.0020044 -0.00136488 0.999997 -0.0199503 0.00419751 0.0962826
FixedParameters: 0 0 0

#Transform 118
Transform: AffineTransform_float_3_3
Parameters: 0.999998 -0.00027602 -0.00220612 0.000276979 1 0.00044339 0.00220588 -0.00044461 0.999998 -0.0297787 -0.0381075 0.0683913
FixedParameters: 0 0 0

#Transform 119
Transform: AffineTransform_float_3_3
Parameters: 0.999998 1.62049e-06 -0.001627 -3.79504e-07 1 0.000996003 0.001627 -0.000995999 0.999998 -0.0410403 0.00633903 0.131643
FixedParameters: 0 0 0
