# transform file /out/sourcedata/freesurfer/sub-v2s0x30149_ses-1/mri/transforms/cc_up.lta
# created by oesteban on Tue Mar 10 14:49:27 2026

type      = 0 # LINEAR_VOX_TO_VOX
nxforms   = 1
mean      = 127.0000 106.0000 118.0000
sigma     = 10000.0000
1 4 4
9.965870380401611e-01 -2.467328496277332e-02 -7.877601683139801e-02 1.450521850585938e+01 
2.459656074643135e-02 9.996955990791321e-01 -1.944254850968719e-03 3.917266845703125e+01 
7.880000770092010e-02 1.164153357047226e-10 9.968904852867126e-01 1.252756404876709e+01 
0.000000000000000e+00 0.000000000000000e+00 0.000000000000000e+00 1.000000000000000e+00 
src volume info
valid = 1  # volume info valid
filename = /out/sourcedata/freesurfer/sub-v2s0x30149_ses-1/mri/norm.mgz
volume = 256 256 256
voxelsize = 1.000000000000000e+00 1.000000000000000e+00 1.000000000000000e+00
xras   = -1.000000000000000e+00 0.000000000000000e+00 0.000000000000000e+00
yras   = 0.000000000000000e+00 0.000000000000000e+00 -1.000000000000000e+00
zras   = 0.000000000000000e+00 1.000000000000000e+00 0.000000000000000e+00
cras   = 3.279067993164062e+00 3.931675720214844e+01 -1.573240661621094e+01
dst volume info
valid = 1  # volume info valid
filename = /out/sourcedata/freesurfer/sub-v2s0x30149_ses-1/mri/norm.mgz
volume = 256 256 256
voxelsize = 1.000000000000000e+00 1.000000000000000e+00 1.000000000000000e+00
xras   = -1.000000000000000e+00 0.000000000000000e+00 0.000000000000000e+00
yras   = 0.000000000000000e+00 0.000000000000000e+00 -1.000000000000000e+00
zras   = 0.000000000000000e+00 1.000000000000000e+00 0.000000000000000e+00
cras   = 3.279067993164062e+00 3.931675720214844e+01 -1.573240661621094e+01
