# transform file /out/sourcedata/freesurfer/sub-v2s0x29007_ses-1/mri/transforms/cc_up.lta
# created by oesteban on Tue Mar 10 09:30:51 2026

type      = 0 # LINEAR_VOX_TO_VOX
nxforms   = 1
mean      = 129.0000 106.0000 121.0000
sigma     = 10000.0000
1 4 4
9.985704421997070e-01 -4.399137198925018e-02 -3.036249428987503e-02 9.418491363525391e+00 
4.397105053067207e-02 9.990319609642029e-01 -1.336982124485075e-03 3.269116592407227e+01 
3.039191477000713e-02 0.000000000000000e+00 9.995380640029907e-01 1.622050857543945e+01 
0.000000000000000e+00 0.000000000000000e+00 0.000000000000000e+00 1.000000000000000e+00 
src volume info
valid = 1  # volume info valid
filename = /out/sourcedata/freesurfer/sub-v2s0x29007_ses-1/mri/norm.mgz
volume = 256 256 256
voxelsize = 1.000000000000000e+00 1.000000000000000e+00 1.000000000000000e+00
xras   = -1.000000000000000e+00 0.000000000000000e+00 0.000000000000000e+00
yras   = 0.000000000000000e+00 0.000000000000000e+00 -1.000000000000000e+00
zras   = 0.000000000000000e+00 1.000000000000000e+00 0.000000000000000e+00
cras   = 8.325042724609375e-01 2.693521118164062e+01 -1.354878234863281e+01
dst volume info
valid = 1  # volume info valid
filename = /out/sourcedata/freesurfer/sub-v2s0x29007_ses-1/mri/norm.mgz
volume = 256 256 256
voxelsize = 1.000000000000000e+00 1.000000000000000e+00 1.000000000000000e+00
xras   = -1.000000000000000e+00 0.000000000000000e+00 0.000000000000000e+00
yras   = 0.000000000000000e+00 0.000000000000000e+00 -1.000000000000000e+00
zras   = 0.000000000000000e+00 1.000000000000000e+00 0.000000000000000e+00
cras   = 8.325042724609375e-01 2.693521118164062e+01 -1.354878234863281e+01
