#Insight Transform File V1.0
#Transform 0
Transform: AffineTransform_float_3_3
Parameters: 1 0.000123058 0.000203965 -0.000122942 1 -0.000283025 -0.000204035 0.000282975 1 -0.00247122 0.00778383 0.113388
FixedParameters: 0 0 0

#Transform 1
Transform: AffineTransform_float_3_3
Parameters: 1 0 0 0 1 -0.000684 0 0.000684 1 8e-06 0.161314 0.0650484
FixedParameters: 0 0 0

#Transform 2
Transform: AffineTransform_float_3_3
Parameters: 1 -0.000259 -1.295e-09 0.000259 1 5e-06 -1.295e-09 -5e-06 1 -0.00662411 0.095102 -0.00861237
FixedParameters: 0 0 0

#Transform 3
Transform: AffineTransform_float_3_3
Parameters: 1 -3.10023e-07 -0.000399 -3.10023e-07 0.999999 -0.000776999 0.000399 0.000776999 0.999999 -0.000479926 0.0275156 -0.0693961
FixedParameters: 0 0 0

#Transform 4
Transform: AffineTransform_float_3_3
Parameters: 1 -5.6166e-08 -0.000111 -5.6166e-08 1 -0.000506 0.000111 0.000506 1 0.00299568 -0.0267502 -0.0502856
FixedParameters: 0 0 0

#Transform 5
Transform: AffineTransform_float_3_3
Parameters: 1 -0.000315 -1.575e-09 0.000315 1 5e-06 -1.575e-09 -5e-06 1 -0.02843 -0.0571402 -0.0482546
FixedParameters: 0 0 0

#Transform 6
Transform: AffineTransform_float_3_3
Parameters: 1 -0.000265 2.41945e-07 0.000265 0.999999 -0.000912999 2.41945e-07 0.000912999 0.999999 -0.00678001 0.0711834 0.0527472
FixedParameters: 0 0 0

#Transform 7
Transform: AffineTransform_float_3_3
Parameters: 1 -0.00044 3.1328e-07 0.00044 0.999999 -0.000712 3.1328e-07 0.000712 0.999999 -0.0223414 -0.022471 -0.0114551
FixedParameters: 0 0 0

#Transform 8
Transform: AffineTransform_float_3_3
Parameters: 0.999999 -0.000661929 0.000369127 0.00066107 1 -0.000191756 -0.000368873 0.000192244 1 -0.0235565 0.0462949 -0.0249817
FixedParameters: 0 0 0

#Transform 9
Transform: AffineTransform_float_3_3
Parameters: 1 0.000152085 0.000467972 -0.000151915 1 -0.000182071 -0.000468028 0.000181929 1 -0.00889122 0.010648 0.0582333
FixedParameters: 0 0 0

#Transform 10
Transform: AffineTransform_float_3_3
Parameters: 1 0.000235434 0.000436767 -0.000235566 0.999999 -0.000993103 -0.000437234 0.000992897 1 -0.00616512 0.0336556 -0.120054
FixedParameters: 0 0 0

#Transform 11
Transform: AffineTransform_float_3_3
Parameters: 0.999999 0.000235072 0.000764977 -0.000234928 1 -9.41797e-05 -0.000765022 9.38202e-05 0.999999 0.00405393 0.0696642 0.0993142
FixedParameters: 0 0 0

#Transform 12
Transform: AffineTransform_float_3_3
Parameters: 0.999999 -4.26972e-05 0.000742017 4.33027e-05 1 -0.000407968 -0.000741982 0.000408032 0.999999 -0.0230458 -0.0590876 0.031858
FixedParameters: 0 0 0

#Transform 13
Transform: AffineTransform_float_3_3
Parameters: 1 0.000235255 0.000436863 -0.000234745 1 -0.000583102 -0.000437137 0.000582897 0.999999 -0.00504229 0.0164402 -0.113481
FixedParameters: 0 0 0

#Transform 14
Transform: AffineTransform_float_3_3
Parameters: 1 2.69554e-05 0.000437003 -2.70446e-05 1 0.000101988 -0.000436997 -0.000102012 1 -0.00351847 0.049609 0.122574
FixedParameters: 0 0 0

#Transform 15
Transform: AffineTransform_float_3_3
Parameters: 0.999999 -2.79357e-05 0.000765002 2.80642e-05 1 -8.39785e-05 -0.000764997 8.40214e-05 0.999999 -0.0247079 -0.0548546 0.0216892
FixedParameters: 0 0 0

#Transform 16
Transform: AffineTransform_float_3_3
Parameters: 1 -1.07151e-05 0.000437007 1.12849e-05 1 -0.000651995 -0.000436993 0.000652004 0.999999 -0.0270454 0.0278178 -0.1285
FixedParameters: 0 0 0

#Transform 17
Transform: AffineTransform_float_3_3
Parameters: 1 -0.000195108 0.000560962 0.000194892 1 0.000192109 -0.000561037 -0.000191891 1 -0.0208804 -0.013426 0.087204
FixedParameters: 0 0 0

#Transform 18
Transform: AffineTransform_float_3_3
Parameters: 0.999999 -8.99546e-05 0.000768005 9.00453e-05 1 -5.89308e-05 -0.000767994 5.90691e-05 0.999999 -0.0335374 -0.0274712 -0.0296449
FixedParameters: 0 0 0

#Transform 19
Transform: AffineTransform_float_3_3
Parameters: 0.999999 -0.000195601 0.000843861 0.000195399 0.999999 0.000712165 -0.000844139 -0.000711835 1 -0.0120922 -0.04181 -0.0492199
FixedParameters: 0 0 0

#Transform 20
Transform: AffineTransform_float_3_3
Parameters: 1 -0.000195045 0.000104917 0.000194955 1 0.00042802 -0.000105083 -0.000427979 1 -0.0137293 0.0194816 0.129092
FixedParameters: 0 0 0

#Transform 21
Transform: AffineTransform_float_3_3
Parameters: 1 -0.000195489 0.000531821 0.000195511 0.999999 0.000919104 -0.00053218 -0.000918896 1 -0.00975083 -0.038124 0.0568983
FixedParameters: 0 0 0

#Transform 22
Transform: AffineTransform_float_3_3
Parameters: 1 6.18281e-05 0.00053202 -6.21718e-05 1 0.000322967 -0.00053198 -0.000323033 1 -0.0228526 -0.0287413 -0.0492216
FixedParameters: 0 0 0

#Transform 23
Transform: AffineTransform_float_3_3
Parameters: 1 0.000392106 0.000430903 -0.000391893 1 -0.000247169 -0.000431097 0.000246831 1 -0.0210664 0.00770666 -0.103792
FixedParameters: 0 0 0

#Transform 24
Transform: AffineTransform_float_3_3
Parameters: 0.999999 1.87686e-05 0.000911004 -1.92314e-05 1 0.000253982 -0.000910994 -0.000254017 0.999999 -0.0301346 0.0266909 0.0895194
FixedParameters: 0 0 0

#Transform 25
Transform: AffineTransform_float_3_3
Parameters: 1 -0.000194524 0.000532174 0.000195475 0.999999 -0.000893896 -0.000531826 0.000894104 1 -0.0513815 -0.0249911 0.0172914
FixedParameters: 0 0 0

#Transform 26
Transform: AffineTransform_float_3_3
Parameters: 1 -0.000194806 0.000532071 0.000195194 1 -0.000363896 -0.000531929 0.000364104 1 -0.04147 0.0562615 -0.0893461
FixedParameters: 0 0 0

#Transform 27
Transform: AffineTransform_float_3_3
Parameters: 0.999999 -0.000195168 0.000916964 0.000194833 1 0.000182179 -0.000917035 -0.000182821 0.999999 -0.0519444 -0.0464143 0.03095
FixedParameters: 0 0 0

#Transform 28
Transform: AffineTransform_float_3_3
Parameters: 1 -0.000194531 0.000532172 0.000195468 0.999999 -0.000880896 -0.000531828 0.000881104 1 -0.0414173 0.0265663 0.0139007
FixedParameters: 0 0 0

#Transform 29
Transform: AffineTransform_float_3_3
Parameters: 1 -0.000194713 0.000532105 0.000195287 1 -0.000539896 -0.000531894 0.000540103 0.999999 -0.0344601 0.0780699 -0.0381522
FixedParameters: 0 0 0

#Transform 30
Transform: AffineTransform_float_3_3
Parameters: 0.999999 -0.000195249 0.000764936 0.000194751 1 0.000326149 -0.000764063 -0.000325851 0.999999 -0.0477379 -0.0640896 0.000644875
FixedParameters: 0 0 0

#Transform 31
Transform: AffineTransform_float_3_3
Parameters: 1 -0.000194808 0.00053207 0.000195191 1 -0.000359896 -0.00053193 0.000360104 1 -0.0414044 0.00207376 0.0141341
FixedParameters: 0 0 0

#Transform 32
Transform: AffineTransform_float_3_3
Parameters: 1 -0.000195064 0.000608979 0.000194935 1 0.000106119 -0.00060902 -0.000105881 1 -0.0261079 0.0485466 0.0711973
FixedParameters: 0 0 0

#Transform 33
Transform: AffineTransform_float_3_3
Parameters: 0.999999 -0.000103735 0.000816033 0.000104265 1 -0.000324915 -0.000816966 0.000325085 0.999999 -0.0495866 -0.0155812 -0.0420493
FixedParameters: 0 0 0

#Transform 34
Transform: AffineTransform_float_3_3
Parameters: 0.999999 -0.000195124 0.000929973 0.000194876 1 0.000133181 -0.000930025 -0.000132819 0.999999 -0.0349161 -0.00206045 -0.0300033
FixedParameters: 0 0 0

#Transform 35
Transform: AffineTransform_float_3_3
Parameters: 1 -0.000195526 0.000249589 0.000195473 0.999998 0.00210605 -0.000250412 -0.00210595 0.999998 -0.0160994 -0.039251 0.22763
FixedParameters: 0 0 0

#Transform 36
Transform: AffineTransform_float_3_3
Parameters: 1 -0.000458978 0.000148067 0.000459021 1 -0.000145932 -0.000147933 0.000146068 1 -0.0398455 -0.110135 -0.142929
FixedParameters: 0 0 0

#Transform 37
Transform: AffineTransform_float_3_3
Parameters: 0.999999 -0.000194574 0.000762108 0.000195426 1 -0.000558851 -0.00076189 0.000559148 0.999999 -0.0302571 0.0136302 -0.0280463
FixedParameters: 0 0 0

#Transform 38
Transform: AffineTransform_float_3_3
Parameters: 1 0.000318083 0.000208873 -0.000317917 1 -0.000398066 -0.000209127 0.000397933 1 -0.0021578 0.0829008 0.143092
FixedParameters: 0 0 0

#Transform 39
Transform: AffineTransform_float_3_3
Parameters: 0.999999 -0.000306464 0.000725803 0.000305535 0.999999 0.000640221 -0.000726195 -0.000639777 0.999999 -0.040633 -0.0297277 -0.106219
FixedParameters: 0 0 0

#Transform 40
Transform: AffineTransform_float_3_3
Parameters: 1 0.000501988 0.000889007 -0.000502012 1 1.25537e-05 -0.000888994 -1.34463e-05 1 -0.0160114 -0.00437025 -0.0328313
FixedParameters: 0 0 0

#Transform 41
Transform: AffineTransform_float_3_3
Parameters: 1 -2.56785e-05 0.000667012 2.63215e-05 1 -0.000481982 -0.000666987 0.000482017 0.999999 -0.0328489 0.00181358 -0.0611495
FixedParameters: 0 0 0

#Transform 42
Transform: AffineTransform_float_3_3
Parameters: 1 0.000470558 0.000849245 -0.000470441 1 0.0005196 -0.000848755 -0.000520399 0.999999 -0.00630468 -0.0144037 -0.0133009
FixedParameters: 0 0 0

#Transform 43
Transform: AffineTransform_float_3_3
Parameters: 1 -0.000152512 0.00119306 0.000153488 1 -0.000408817 -0.00119294 0.000409182 0.999999 -0.0559328 -0.0819257 -0.00653679
FixedParameters: 0 0 0

#Transform 44
Transform: AffineTransform_float_3_3
Parameters: 0.999999 0.000483554 0.000647586 -0.000483445 0.999999 -0.000856313 -0.000648414 0.000855687 1 -0.0100067 0.0326834 -0.0136383
FixedParameters: 0 0 0

#Transform 45
Transform: AffineTransform_float_3_3
Parameters: 1 -0.0001799 0.00105902 0.000180101 1 -9.48094e-05 -0.00105898 9.41906e-05 1 -0.037851 0.0577262 0.0784955
FixedParameters: 0 0 0

#Transform 46
Transform: AffineTransform_float_3_3
Parameters: 1 0.000258522 0.000988864 -0.000257478 1 -0.000528255 -0.000989137 0.000527745 1 -0.0176065 -0.0159879 -0.021823
FixedParameters: 0 0 0

#Transform 47
Transform: AffineTransform_float_3_3
Parameters: 1 -0.00025791 0.000989023 0.00025809 1 -9.07447e-05 -0.000988976 9.12551e-05 0.999999 -0.0336946 0.0320169 -0.0395403
FixedParameters: 0 0 0

#Transform 48
Transform: AffineTransform_float_3_3
Parameters: 0.999999 0.000271236 0.000657902 -0.000271764 1 -0.000359179 -0.000658097 0.000358821 0.999999 -0.00362917 0.0289392 0.0797175
FixedParameters: 0 0 0

#Transform 49
Transform: AffineTransform_float_3_3
Parameters: 0.999999 -0.000249082 0.000989231 0.000249917 0.999999 -0.000927753 -0.000988768 0.000928246 0.999999 -0.0501502 -0.0056451 -0.0344994
FixedParameters: 0 0 0

#Transform 50
Transform: AffineTransform_float_3_3
Parameters: 1 0.000400361 0.000988855 -0.000399639 1 -0.000365396 -0.000989147 0.000364604 1 -1.75878e-05 0.0615589 0.0405528
FixedParameters: 0 0 0

#Transform 51
Transform: AffineTransform_float_3_3
Parameters: 0.999999 -0.000510041 0.00121656 0.00050896 0.999999 0.000855619 -0.00121644 -0.00085538 0.999999 -0.0546604 -0.0302914 0.0473014
FixedParameters: 0 0 0

#Transform 52
Transform: AffineTransform_float_3_3
Parameters: 0.999999 0.000320975 0.000905655 -0.000320025 1 -0.00107629 -0.000906344 0.00107571 0.999999 -0.0194582 -0.0108192 -0.00953631
FixedParameters: 0 0 0

#Transform 53
Transform: AffineTransform_float_3_3
Parameters: 0.999999 0.000326459 0.000905835 -0.00032554 1 -0.000507295 -0.000906165 0.000506705 1 -0.0148514 0.0576616 0.00134277
FixedParameters: 0 0 0

#Transform 54
Transform: AffineTransform_float_3_3
Parameters: 0.999999 0.000253332 0.00131013 -0.000254668 1 0.000509667 -0.00130987 -0.000510332 0.999999 -0.0366334 -0.00420905 0.0445932
FixedParameters: 0 0 0

#Transform 55
Transform: AffineTransform_float_3_3
Parameters: 1 0.000305378 0.0011529 -0.000305623 1 -0.000327353 -0.0011531 0.000327648 1 -0.0326883 0.0126005 -0.0541944
FixedParameters: 0 0 0

#Transform 56
Transform: AffineTransform_float_3_3
Parameters: 1 6.41523e-05 0.00113699 -6.38476e-05 1 -0.000134073 -0.00113701 0.000133927 1 -0.023056 0.0369135 -0.0500236
FixedParameters: 0 0 0

#Transform 57
Transform: AffineTransform_float_3_3
Parameters: 0.999999 6.4282e-05 0.00136899 -6.47179e-05 1 -0.000206089 -0.00136901 0.000205912 0.999999 -0.00737212 0.024919 0.112402
FixedParameters: 0 0 0

#Transform 58
Transform: AffineTransform_float_3_3
Parameters: 1 6.54017e-05 0.00117492 -6.45982e-05 1 -0.00119308 -0.00117508 0.00119292 0.999998 -0.0150803 -0.0012718 0.10403
FixedParameters: 0 0 0

#Transform 59
Transform: AffineTransform_float_3_3
Parameters: 1 0.00027351 0.00117488 -0.00027349 1 -0.000434322 -0.00117512 0.000433679 0.999999 -0.00122405 0.0378607 -0.0344553
FixedParameters: 0 0 0

#Transform 60
Transform: AffineTransform_float_3_3
Parameters: 0.999998 0.000255247 0.00166996 -0.000254752 1 -0.000148426 -0.00167004 0.000147574 0.999998 -0.034067 0.0301087 -0.00932674
FixedParameters: 0 0 0

#Transform 61
Transform: AffineTransform_float_3_3
Parameters: 0.999998 0.000235896 0.00158687 -0.000235104 1 -0.000564373 -0.00158713 0.000564626 0.999998 -0.027363 -0.00276894 -0.0615606
FixedParameters: 0 0 0

#Transform 62
Transform: AffineTransform_float_3_3
Parameters: 0.999998 6.42476e-05 0.00167399 -6.37521e-05 1 -0.000148107 -0.00167401 0.000147893 0.999998 -0.0363128 0.0561069 -0.0415541
FixedParameters: 0 0 0

#Transform 63
Transform: AffineTransform_float_3_3
Parameters: 0.999999 6.52477e-05 0.00153295 -6.3752e-05 0.999999 -0.000814099 -0.00153305 0.000813901 0.999999 -0.0257931 0.0221572 0.0466309
FixedParameters: 0 0 0

#Transform 64
Transform: AffineTransform_float_3_3
Parameters: 0.999999 0.000121784 0.00150494 -0.000121216 1 -0.000521183 -0.00150506 0.000520817 0.999998 -0.0165976 0.069378 0.0921184
FixedParameters: 0 0 0

#Transform 65
Transform: AffineTransform_float_3_3
Parameters: 0.999998 6.37323e-05 0.00159301 -6.42675e-05 1 0.000167898 -0.00159299 -0.000168102 0.999998 -0.0251108 -0.0176179 0.0745003
FixedParameters: 0 0 0

#Transform 66
Transform: AffineTransform_float_3_3
Parameters: 0.999998 6.44267e-05 0.00167398 -6.45747e-05 1 -0.000254108 -0.00167402 0.000254892 0.999998 -0.00518395 -0.0374229 0.00671521
FixedParameters: 0 0 0

#Transform 67
Transform: AffineTransform_float_3_3
Parameters: 1 -8.63586e-05 0.00121005 8.66418e-05 1 -0.000529896 -0.00121095 0.000530105 0.999999 -6.43913e-05 -0.0298402 -0.00489102
FixedParameters: 0 0 0

#Transform 68
Transform: AffineTransform_float_3_3
Parameters: 1 9.54328e-06 0.00121 -8.4567e-06 1 -0.000449011 -0.00121 0.000448989 0.999999 -0.0296042 0.0544826 0.0931796
FixedParameters: 0 0 0

#Transform 69
Transform: AffineTransform_float_3_3
Parameters: 0.999998 7.80094e-05 0.001595 -7.79919e-05 1 -5.1244e-06 -0.001595 5.87558e-06 0.999998 -0.0507077 0.00373683 -0.0306745
FixedParameters: 0 0 0

#Transform 70
Transform: AffineTransform_float_3_3
Parameters: 1 1.03287e-05 0.00107499 -8.67129e-06 0.999999 -0.00123601 -0.00107501 0.00123599 0.999998 -0.0534224 0.063089 -0.148415
FixedParameters: 0 0 0

#Transform 71
Transform: AffineTransform_float_3_3
Parameters: 0.999999 9.7544e-06 0.00144799 -9.24558e-06 1 -0.000521014 -0.001448 0.000520986 0.999999 -0.0583428 0.0709494 0.0261585
FixedParameters: 0 0 0

#Transform 72
Transform: AffineTransform_float_3_3
Parameters: 0.999999 8.86694e-06 0.001344 -9.13305e-06 1 9.89878e-05 -0.001344 -9.9012e-05 0.999999 -0.0516411 0.00410496 0.129531
FixedParameters: 0 0 0

#Transform 73
Transform: AffineTransform_float_3_3
Parameters: 0.999999 1.09248e-05 0.00176099 -9.07521e-06 1 -0.00109302 -0.00176101 0.00109298 0.999998 -0.0765601 0.013843 -0.0356959
FixedParameters: 0 0 0

#Transform 74
Transform: AffineTransform_float_3_3
Parameters: 0.999999 9.93684e-06 0.001761 -9.06313e-06 1 -0.000532017 -0.00176101 0.000531983 0.999999 -0.0571783 0.0426371 -0.0581489
FixedParameters: 0 0 0

#Transform 75
Transform: AffineTransform_float_3_3
Parameters: 0.999998 -5.69677e-05 0.00189403 5.80321e-05 1 -0.000544891 -0.00189397 0.000545109 0.999998 -0.0648632 0.0326287 0.0567933
FixedParameters: 0 0 0

#Transform 76
Transform: AffineTransform_float_3_3
Parameters: 0.999999 -0.000188863 0.00155114 0.000190138 0.999999 -0.000733706 -0.00155086 0.000733294 0.999999 -0.0564423 0.0252141 0.0124869
FixedParameters: 0 0 0

#Transform 77
Transform: AffineTransform_float_3_3
Parameters: 0.999999 -0.000243919 0.0013282 0.000245082 0.999999 -0.000814675 -0.0013278 0.000814324 0.999999 -0.0516772 0.0274858 0.0584726
FixedParameters: 0 0 0

#Transform 78
Transform: AffineTransform_float_3_3
Parameters: 0.999999 -2.67171e-05 0.00132799 2.62829e-05 1 0.000540035 -0.00132801 -0.000539965 0.999999 -0.0414357 -0.0164057 0.143574
FixedParameters: 0 0 0

#Transform 79
Transform: AffineTransform_float_3_3
Parameters: 0.999998 -0.000474921 0.00182402 0.00047508 1 -4.31335e-05 -0.00182398 4.38663e-05 0.999999 -0.0594401 -0.0337896 0.00161251
FixedParameters: 0 0 0

#Transform 80
Transform: AffineTransform_float_3_3
Parameters: 1 -3.99659e-05 0.001135 4.0034e-05 1 -2.99546e-05 -0.001135 3.00454e-05 1 -0.0120771 0.00789145 -0.0123366
FixedParameters: 0 0 0

#Transform 81
Transform: AffineTransform_float_3_3
Parameters: 0.999999 0.000293483 0.000656232 -0.000294517 0.999999 0.000787807 -0.000656768 -0.000788193 1 0.000212413 -0.0571025 0.134453
FixedParameters: 0 0 0

#Transform 82
Transform: AffineTransform_float_3_3
Parameters: 0.999999 3.5709e-06 0.000965998 -3.42909e-06 1 -0.000591004 -0.000966002 0.000590997 1 -0.017484 0.00458192 0.0320987
FixedParameters: 0 0 0

#Transform 83
Transform: AffineTransform_float_3_3
Parameters: 1 0.000519551 0.000963243 -0.000519449 1 0.0004655 -0.000963759 -0.000466501 1 -0.0133323 0.0431703 -0.0792305
FixedParameters: 0 0 0

#Transform 84
Transform: AffineTransform_float_3_3
Parameters: 0.999999 -0.000154215 0.000962965 0.000153785 1 0.000223148 -0.000963033 -0.000222851 0.999999 -0.05217 -0.0449727 -0.119085
FixedParameters: 0 0 0

#Transform 85
Transform: AffineTransform_float_3_3
Parameters: 0.999998 0.000674586 0.00145973 -0.000674413 0.999999 -0.000401985 -0.00146027 0.000401015 0.999999 -0.0179348 0.0543546 -0.0198648
FixedParameters: 0 0 0

#Transform 86
Transform: AffineTransform_float_3_3
Parameters: 0.999998 -0.000170661 0.00169193 0.000169338 1 0.000391287 -0.00169206 -0.000390712 0.999998 -0.0656852 -0.0198864 0.0156611
FixedParameters: 0 0 0

#Transform 87
Transform: AffineTransform_float_3_3
Parameters: 0.999999 0.00047409 0.00145564 -0.000472911 0.999999 -0.000748689 -0.00145535 0.00074831 0.999998 -0.0260329 0.00461537 -0.123265
FixedParameters: 0 0 0

#Transform 88
Transform: AffineTransform_float_3_3
Parameters: 0.999999 0.000568203 0.00145553 -0.000566798 1 -0.000826827 -0.00145547 0.000826175 0.999999 -0.0238457 0.0396895 -0.0458455
FixedParameters: 0 0 0

#Transform 89
Transform: AffineTransform_float_3_3
Parameters: 0.999999 0.000486951 0.00145568 -0.000485049 0.999999 -0.000653706 -0.00145532 0.000653292 0.999998 -0.0328785 0.0681968 0.0417943
FixedParameters: 0 0 0

#Transform 90
Transform: AffineTransform_float_3_3
Parameters: 0.999999 0.000461836 0.00136272 -0.000461162 0.999999 -0.000614629 -0.00136328 0.000613371 0.999999 -0.00853642 0.0246431 0.125642
FixedParameters: 0 0 0

#Transform 91
Transform: AffineTransform_float_3_3
Parameters: 1 0.000381006 0.001027 -0.000380994 1 -6.39129e-06 -0.001027 5.60871e-06 1 -0.00132275 0.0387864 0.156339
FixedParameters: 0 0 0

#Transform 92
Transform: AffineTransform_float_3_3
Parameters: 0.999997 0.000461604 0.00209487 -0.000460395 1 -0.000288965 -0.00209513 0.000288033 0.999998 -0.0288334 -0.00517449 -0.0299637
FixedParameters: 0 0 0

#Transform 93
Transform: AffineTransform_float_3_3
Parameters: 0.999999 0.00074683 0.00133754 -0.000746169 0.999999 -0.000620998 -0.00133846 0.000620001 0.999999 -0.0105534 0.0565868 -0.134951
FixedParameters: 0 0 0

#Transform 94
Transform: AffineTransform_float_3_3
Parameters: 0.999998 0.000390643 0.00153284 -0.000390357 1 -0.000419599 -0.00153316 0.000419401 0.999998 -0.0202529 0.0361043 -0.00555576
FixedParameters: 0 0 0

#Transform 95
Transform: AffineTransform_float_3_3
Parameters: 0.999999 0.00055236 0.00111332 -0.00055264 0.999999 0.000574385 -0.00111368 -0.000575616 0.999999 -0.014674 0.000446194 0.115791
FixedParameters: 0 0 0

#Transform 96
Transform: AffineTransform_float_3_3
Parameters: 0.999999 0.000353404 0.00181492 -0.000353597 1 -0.000222642 -0.00181508 0.000222359 0.999999 -0.0236824 0.024496 0.0304348
FixedParameters: 0 0 0

#Transform 97
Transform: AffineTransform_float_3_3
Parameters: 0.999999 0.00049559 0.00145614 -0.00049541 1 0.000281279 -0.00145586 -0.000281722 0.999999 -0.0178227 -0.00550376 -0.136841
FixedParameters: 0 0 0

#Transform 98
Transform: AffineTransform_float_3_3
Parameters: 0.999999 0.000429272 0.00145592 -0.000428729 1 -0.000186624 -0.00145508 0.000186376 0.999999 -0.0122074 -0.00869253 -0.109814
FixedParameters: 0 0 0

#Transform 99
Transform: AffineTransform_float_3_3
Parameters: 0.999998 0.000490456 0.00183461 -0.000488544 0.999999 -0.000793897 -0.00183539 0.000793101 0.999998 -0.0409287 0.00773951 0.0391363
FixedParameters: 0 0 0

#Transform 100
Transform: AffineTransform_float_3_3
Parameters: 0.999999 0.000523061 0.00145862 -0.000521938 0.999999 -0.000727762 -0.00145938 0.000727237 0.999998 -0.0261639 0.0199676 0.0980441
FixedParameters: 0 0 0

#Transform 101
Transform: AffineTransform_float_3_3
Parameters: 0.999999 0.000449049 0.00145929 -0.000449951 0.999999 0.000651344 -0.00145971 -0.000651656 0.999998 -0.02988 -0.0619154 0.109144
FixedParameters: 0 0 0

#Transform 102
Transform: AffineTransform_float_3_3
Parameters: 0.999998 0.000525863 0.00161504 -0.000525136 1 8.4152e-05 -0.00161495 -8.48493e-05 0.999998 -0.0265507 -0.0505206 -0.0456588
FixedParameters: 0 0 0

#Transform 103
Transform: AffineTransform_float_3_3
Parameters: 1 0.000616224 0.000874843 -0.000615777 1 -0.000255539 -0.000875158 0.000255461 0.999999 -0.0185343 0.0460433 -0.0929897
FixedParameters: 0 0 0

#Transform 104
Transform: AffineTransform_float_3_3
Parameters: 0.999999 0.000564995 0.00117 -0.000565004 1 3.33895e-06 -0.00117 -4.66105e-06 1 -0.0145888 0.0500266 0.123271
FixedParameters: 0 0 0

#Transform 105
Transform: AffineTransform_float_3_3
Parameters: 0.999997 0.000478916 0.00211602 -0.000479083 1 3.89863e-05 -0.00211598 -4.00135e-05 0.999998 -0.0482762 0.0226363 -0.00365344
FixedParameters: 0 0 0

#Transform 106
Transform: AffineTransform_float_3_3
Parameters: 0.999999 0.000624323 0.00114282 -0.000623677 1 -0.000282713 -0.00114218 0.000282287 1 -0.0252753 0.0666033 -0.158602
FixedParameters: 0 0 0

#Transform 107
Transform: AffineTransform_float_3_3
Parameters: 0.999999 0.000665147 0.00160053 -0.000663853 0.999999 -0.000717064 -0.00160148 0.000715936 0.999999 -0.0139662 0.0767459 -0.0373074
FixedParameters: 0 0 0

#Transform 108
Transform: AffineTransform_float_3_3
Parameters: 1 0.000394486 0.00114018 -0.000394515 1 0.000451551 -0.00113982 -0.00045145 0.999999 0.003409 -0.0338856 0.130924
FixedParameters: 0 0 0

#Transform 109
Transform: AffineTransform_float_3_3
Parameters: 0.999999 0.000367841 0.00082407 -0.000368158 1 0.000191697 -0.000823929 -0.000192303 0.999999 0.000846814 -0.0319531 0.108726
FixedParameters: 0 0 0

#Transform 110
Transform: AffineTransform_float_3_3
Parameters: 0.999999 0.000557012 0.00113951 -0.000555989 1 -0.000887635 -0.00113949 0.000887366 0.999999 0.00582894 0.0296107 -0.0174576
FixedParameters: 0 0 0

#Transform 111
Transform: AffineTransform_float_3_3
Parameters: 1 0.000411476 0.00021202 -0.000411524 0.999997 0.00247691 -0.000210981 -0.00247709 0.999997 0.0381779 -0.0270577 0.0834417
FixedParameters: 0 0 0

#Transform 112
Transform: AffineTransform_float_3_3
Parameters: 0.999999 0.000651397 -0.000580553 -0.000650601 0.999999 0.000685377 0.000581445 -0.000684621 0.999999 0.0349776 0.0216026 0.139204
FixedParameters: 0 0 0

#Transform 113
Transform: AffineTransform_float_3_3
Parameters: 0.999999 0.00085687 0.000498222 -0.000857129 0.999999 0.000259573 -0.000498778 -0.000259427 1 -0.00121539 0.0111576 -0.0875553
FixedParameters: 0 0 0

#Transform 114
Transform: AffineTransform_float_3_3
Parameters: 1 0.000512832 0.000167514 -0.000513168 1 0.00100291 -0.000167485 -0.00100309 0.999999 -0.0310702 -0.0199777 -0.136106
FixedParameters: 0 0 0

#Transform 115
Transform: AffineTransform_float_3_3
Parameters: 1 0.000593963 7.72797e-05 -0.000594036 0.999999 0.000470954 -7.67202e-05 -0.000471045 1 -0.0204498 0.0438133 0.0434273
FixedParameters: 0 0 0

#Transform 116
Transform: AffineTransform_float_3_3
Parameters: 1 0.000412755 0.00043923 -0.000413244 1 0.000556818 -0.00043877 -0.000557181 0.999999 0.0128861 -0.0573363 -0.0399052
FixedParameters: 0 0 0

#Transform 117
Transform: AffineTransform_float_3_3
Parameters: 1 0.00055002 7.68581e-05 -0.00054998 1 -0.000258042 -7.71419e-05 0.000257958 1 0.0261393 0.0199403 -0.13268
FixedParameters: 0 0 0

#Transform 118
Transform: AffineTransform_float_3_3
Parameters: 1 0.000237962 0.000114079 -0.000238038 1 0.000330973 -0.000113921 -0.000331027 1 0.0136754 0.0656777 0.0844347
FixedParameters: 0 0 0

#Transform 119
Transform: AffineTransform_float_3_3
Parameters: 1 0.000389933 0.000950028 -0.000390068 1 7.16294e-05 -0.000949972 -7.13704e-05 0.999999 -0.0159969 -0.0467515 -0.0451047
FixedParameters: 0 0 0
