# transform file /out/sourcedata/freesurfer/sub-v2s0x29019_ses-1/mri/transforms/cc_up.lta
# created by oesteban on Tue Mar 10 10:00:44 2026

type      = 0 # LINEAR_VOX_TO_VOX
nxforms   = 1
mean      = 128.0000 99.0000 118.0000
sigma     = 10000.0000
1 4 4
9.992828369140625e-01 3.669223980978131e-03 -3.768729045987129e-02 3.274823427200317e+00 
-3.666617209091783e-03 9.999932646751404e-01 1.382840418955311e-04 4.445707702636719e+01 
3.768754377961159e-02 0.000000000000000e+00 9.992895722389221e-01 1.723230552673340e+01 
0.000000000000000e+00 0.000000000000000e+00 0.000000000000000e+00 1.000000000000000e+00 
src volume info
valid = 1  # volume info valid
filename = /out/sourcedata/freesurfer/sub-v2s0x29019_ses-1/mri/norm.mgz
volume = 256 256 256
voxelsize = 1.000000000000000e+00 1.000000000000000e+00 1.000000000000000e+00
xras   = -1.000000000000000e+00 0.000000000000000e+00 0.000000000000000e+00
yras   = 0.000000000000000e+00 0.000000000000000e+00 -1.000000000000000e+00
zras   = 0.000000000000000e+00 1.000000000000000e+00 0.000000000000000e+00
cras   = 7.740631103515625e-01 3.545083618164062e+01 2.224731445312500e-02
dst volume info
valid = 1  # volume info valid
filename = /out/sourcedata/freesurfer/sub-v2s0x29019_ses-1/mri/norm.mgz
volume = 256 256 256
voxelsize = 1.000000000000000e+00 1.000000000000000e+00 1.000000000000000e+00
xras   = -1.000000000000000e+00 0.000000000000000e+00 0.000000000000000e+00
yras   = 0.000000000000000e+00 0.000000000000000e+00 -1.000000000000000e+00
zras   = 0.000000000000000e+00 1.000000000000000e+00 0.000000000000000e+00
cras   = 7.740631103515625e-01 3.545083618164062e+01 2.224731445312500e-02
