# transform file /out/sourcedata/freesurfer/sub-v2s0x29052_ses-1/mri/transforms/cc_up.lta
# created by oesteban on Tue Mar 10 14:13:36 2026

type      = 0 # LINEAR_VOX_TO_VOX
nxforms   = 1
mean      = 131.0000 136.0000 111.0000
sigma     = 10000.0000
1 4 4
9.983879327774048e-01 2.830181270837784e-02 -4.919852316379547e-02 -9.876812249422073e-02 
-2.826751209795475e-02 9.995993971824646e-01 1.392965437844396e-03 1.658078575134277e+01 
4.921823740005493e-02 0.000000000000000e+00 9.987879991531372e-01 2.873262786865234e+01 
0.000000000000000e+00 0.000000000000000e+00 0.000000000000000e+00 1.000000000000000e+00 
src volume info
valid = 1  # volume info valid
filename = /out/sourcedata/freesurfer/sub-v2s0x29052_ses-1/mri/norm.mgz
volume = 256 256 256
voxelsize = 1.000000000000000e+00 1.000000000000000e+00 1.000000000000000e+00
xras   = -1.000000000000000e+00 0.000000000000000e+00 0.000000000000000e+00
yras   = 0.000000000000000e+00 0.000000000000000e+00 -1.000000000000000e+00
zras   = 0.000000000000000e+00 1.000000000000000e+00 0.000000000000000e+00
cras   = 9.792762756347656e+00 4.582980346679688e+01 5.440785980224609e+01
dst volume info
valid = 1  # volume info valid
filename = /out/sourcedata/freesurfer/sub-v2s0x29052_ses-1/mri/norm.mgz
volume = 256 256 256
voxelsize = 1.000000000000000e+00 1.000000000000000e+00 1.000000000000000e+00
xras   = -1.000000000000000e+00 0.000000000000000e+00 0.000000000000000e+00
yras   = 0.000000000000000e+00 0.000000000000000e+00 -1.000000000000000e+00
zras   = 0.000000000000000e+00 1.000000000000000e+00 0.000000000000000e+00
cras   = 9.792762756347656e+00 4.582980346679688e+01 5.440785980224609e+01
