#Insight Transform File V1.0
#Transform 0
Transform: AffineTransform_float_3_3
Parameters: 1 7.9e-08 0.0002 7.9e-08 1 -0.000395 -0.0002 0.000395 1 0.00638719 -0.0181004 -0.0503919
FixedParameters: 0 0 0

#Transform 1
Transform: AffineTransform_float_3_3
Parameters: 1 -5.4252e-08 -0.000274 -5.4252e-08 1 -0.000198 0.000274 0.000198 1 -0.000301909 -0.000249022 -0.0483363
FixedParameters: 0 0 0

#Transform 2
Transform: AffineTransform_float_3_3
Parameters: 1 0.000136 -3.6176e-08 -0.000136 1 -0.000266 -3.6176e-08 0.000266 1 -0.0281435 0.0308037 -0.0438878
FixedParameters: 0 0 0

#Transform 3
Transform: AffineTransform_float_3_3
Parameters: 1 0 0 0 1 -0.000354 0 0.000354 1 -0.028719 0.0297928 -0.098559
FixedParameters: 0 0 0

#Transform 4
Transform: AffineTransform_float_3_3
Parameters: 1 -9.79e-09 -8.9e-05 -9.79e-09 1 -0.00011 8.9e-05 0.00011 1 -0.0117834 -5.19628e-05 -0.0457555
FixedParameters: 0 0 0

#Transform 5
Transform: AffineTransform_float_3_3
Parameters: 1 0.000135082 0.000264958 -0.000134918 1 -0.000311036 -0.000265042 0.000310964 1 -0.0458786 0.00551584 0.0413297
FixedParameters: 0 0 0

#Transform 6
Transform: AffineTransform_float_3_3
Parameters: 1 0.000277 -8.1161e-08 -0.000277 1 -0.000293 -8.1161e-08 0.000293 1 -0.0523462 -0.0011979 -0.00324656
FixedParameters: 0 0 0

#Transform 7
Transform: AffineTransform_float_3_3
Parameters: 1 0.000117 3.8493e-08 -0.000117 1 0.000329 3.8493e-08 -0.000329 1 -0.00396019 -0.000447119 -0.0943811
FixedParameters: 0 0 0

#Transform 8
Transform: AffineTransform_float_3_3
Parameters: 1 0.000558 6.37236e-07 -0.000558001 0.999999 0.001142 -3.62763e-07 -0.001142 1 0.00854408 -0.0025184 0.176292
FixedParameters: 0 0 0

#Transform 9
Transform: AffineTransform_float_3_3
Parameters: 1 0.000555517 0.00108328 -0.000557482 0.999997 0.0022924 -0.00108172 -0.0022936 0.999997 -0.0355095 0.0192251 0.396981
FixedParameters: 0 0 0

#Transform 10
Transform: AffineTransform_float_3_3
Parameters: 0.999999 0.000557056 0.00057791 -0.000557943 0.999998 0.00163268 -0.000577089 -0.00163332 0.999998 -0.0400504 0.0292243 0.0749358
FixedParameters: 0 0 0

#Transform 11
Transform: AffineTransform_float_3_3
Parameters: 0.999999 0.000383944 0.000893023 -0.000384055 1 6.1657e-05 -0.000892975 -6.23429e-05 0.999999 -0.0503056 0.025926 -0.0240491
FixedParameters: 0 0 0

#Transform 12
Transform: AffineTransform_float_3_3
Parameters: 0.999999 0.000501429 0.00114281 -0.000500571 1 -0.000375572 -0.00114319 0.000375427 1 0.000106109 0.0159043 0.0282608
FixedParameters: 0 0 0

#Transform 13
Transform: AffineTransform_float_3_3
Parameters: 1 0.00055869 0.000978607 -0.000558311 0.999999 -0.000704547 -0.000978394 0.000704454 1 -0.00620148 -0.000871224 -0.0175342
FixedParameters: 0 0 0

#Transform 14
Transform: AffineTransform_float_3_3
Parameters: 0.999999 0.000151629 0.000892893 -0.000150371 0.999999 -0.000704135 -0.000893106 0.000704865 1 0.0113392 -0.00323143 -0.0345531
FixedParameters: 0 0 0

#Transform 15
Transform: AffineTransform_float_3_3
Parameters: 1 0.000407025 0.000452977 -0.000406975 1 -5.51844e-05 -0.000453023 5.58156e-05 1 0.0186759 -0.00243109 -0.0105412
FixedParameters: 0 0 0

#Transform 16
Transform: AffineTransform_float_3_3
Parameters: 1 -9.98724e-06 0.000452961 8.01259e-06 0.999991 0.00438701 -0.00045304 -0.004387 0.999991 0.0459613 0.0229649 0.361993
FixedParameters: 0 0 0

#Transform 17
Transform: AffineTransform_float_3_3
Parameters: 1 -0.000131677 0.00107492 0.000131323 1 0.000630142 -0.00107408 -0.000629859 0.999999 0.0248013 0.0181977 0.0665538
FixedParameters: 0 0 0

#Transform 18
Transform: AffineTransform_float_3_3
Parameters: 0.999999 -6.23409e-06 0.000851006 7.76589e-06 0.999999 -0.000899994 -0.000850993 0.000900005 0.999999 -0.0431632 0.0480557 -0.156932
FixedParameters: 0 0 0

#Transform 19
Transform: AffineTransform_float_3_3
Parameters: 0.999999 7.20214e-05 0.000974997 -7.19785e-05 1 -2.20702e-05 -0.000975001 2.19298e-05 0.999999 0.0112254 -0.0222728 0.0305342
FixedParameters: 0 0 0

#Transform 20
Transform: AffineTransform_float_3_3
Parameters: 1 0.000165507 0.00115593 -0.000165492 1 -0.000439192 -0.00115607 0.000438809 0.999999 -0.0164321 0.0245554 -0.00222316
FixedParameters: 0 0 0

#Transform 21
Transform: AffineTransform_float_3_3
Parameters: 1 0.000172041 0.00101099 -0.000171959 1 -4.11739e-05 -0.00101101 4.08261e-05 1 -0.00455688 0.025128 0.0173802
FixedParameters: 0 0 0

#Transform 22
Transform: AffineTransform_float_3_3
Parameters: 0.999999 0.00021936 0.000922914 -0.00021864 1 -0.000390202 -0.000923084 0.000389797 0.999999 -0.0018406 0.0184757 -0.0151136
FixedParameters: 0 0 0

#Transform 23
Transform: AffineTransform_float_3_3
Parameters: 1 0.000352911 0.00115672 -0.000352089 0.999999 -0.000788408 -0.00115628 0.000787592 0.999999 -0.00632889 0.00801567 -0.0562964
FixedParameters: 0 0 0

#Transform 24
Transform: AffineTransform_float_3_3
Parameters: 0.999999 0.000307437 0.0013159 -0.000306563 1 -0.000332404 -0.0013161 0.000331596 0.999999 -0.0122321 -0.00244386 -0.0127263
FixedParameters: 0 0 0

#Transform 25
Transform: AffineTransform_float_3_3
Parameters: 0.999999 0.000237872 0.000847755 -0.000236127 0.999999 -0.0010292 -0.000848243 0.0010288 0.999999 0.0190594 -0.0312214 -0.132047
FixedParameters: 0 0 0

#Transform 26
Transform: AffineTransform_float_3_3
Parameters: 1 0.000484442 0.000452527 -0.000484558 1 -0.00097622 -0.000453474 0.000976781 1 0.00584305 -0.0313357 -0.0611595
FixedParameters: 0 0 0

#Transform 27
Transform: AffineTransform_float_3_3
Parameters: 0.999998 0.000394663 0.00160259 -0.000392335 1 -0.00103863 -0.00160341 0.00103737 0.999998 -0.0215893 0.0323478 0.0702874
FixedParameters: 0 0 0

#Transform 28
Transform: AffineTransform_float_3_3
Parameters: 0.999998 0.00048466 0.0015958 -0.000484338 1 -0.000414773 -0.0015962 0.000413227 0.999998 -0.0295187 0.0335302 -0.066828
FixedParameters: 0 0 0

#Transform 29
Transform: AffineTransform_float_3_3
Parameters: 0.999999 0.000484866 0.00133869 -0.000484134 0.999999 -0.000646648 -0.00133931 0.000646351 0.999999 -0.0284078 0.0292249 -0.0401248
FixedParameters: 0 0 0

#Transform 30
Transform: AffineTransform_float_3_3
Parameters: 0.999999 0.000295286 0.00125193 -0.000294713 1 -0.000229369 -0.00125207 0.00022863 0.999999 0.00415341 0.00880276 -0.0459841
FixedParameters: 0 0 0

#Transform 31
Transform: AffineTransform_float_3_3
Parameters: 0.999999 0.000345196 0.00085692 -0.000344803 1 -0.000229295 -0.000857078 0.000228704 0.999999 -0.0162227 -0.00609479 -0.0375623
FixedParameters: 0 0 0

#Transform 32
Transform: AffineTransform_float_3_3
Parameters: 0.999999 6.07637e-05 0.00156709 -6.3236e-05 0.999999 0.0014269 -0.00156691 -0.0014271 0.999998 0.00226046 -0.00786841 0.24714
FixedParameters: 0 0 0

#Transform 33
Transform: AffineTransform_float_3_3
Parameters: 0.999999 6.35327e-05 0.00178798 -6.24671e-05 1 -0.000298112 -0.00178802 0.000297887 0.999999 9.72332e-05 -0.00934582 0.0270581
FixedParameters: 0 0 0

#Transform 34
Transform: AffineTransform_float_3_3
Parameters: 0.999998 6.46426e-05 0.00195095 -6.23571e-05 0.999999 -0.000842123 -0.00195105 0.000841875 0.999997 -0.0035037 0.0481027 -0.102246
FixedParameters: 0 0 0

#Transform 35
Transform: AffineTransform_float_3_3
Parameters: 0.999999 6.42223e-05 0.00179496 -6.27793e-05 1 -0.000680114 -0.00179504 0.000680886 0.999998 0.0127633 0.00894657 -0.00815147
FixedParameters: 0 0 0

#Transform 36
Transform: AffineTransform_float_3_3
Parameters: 0.999999 6.48372e-05 0.00180294 -6.31627e-05 1 -0.00101912 -0.00180307 0.00101889 0.999998 0.00227319 0.0286958 -0.00810013
FixedParameters: 0 0 0

#Transform 37
Transform: AffineTransform_float_3_3
Parameters: 0.999998 6.4239e-05 0.00188596 -6.27608e-05 1 -0.000657119 -0.00188604 0.00065688 0.999998 0.00856454 -0.016597 -0.0417983
FixedParameters: 0 0 0

#Transform 38
Transform: AffineTransform_float_3_3
Parameters: 0.999999 0.000225865 0.00184077 -0.000223135 1 -0.00101341 -0.00184123 0.00101259 0.999998 -0.00555603 0.0213584 -0.0375665
FixedParameters: 0 0 0

#Transform 39
Transform: AffineTransform_float_3_3
Parameters: 0.999999 6.43623e-05 0.00173995 -6.26375e-05 0.999999 -0.00078311 -0.00174005 0.000782889 0.999998 0.00261826 0.0124002 -0.072314
FixedParameters: 0 0 0

#Transform 40
Transform: AffineTransform_float_3_3
Parameters: 1 6.30761e-05 0.000447989 -6.29238e-05 1 -0.000170028 -0.000448011 0.000169972 1 0.0106296 -0.0308684 -0.123585
FixedParameters: 0 0 0

#Transform 41
Transform: AffineTransform_float_3_3
Parameters: 0.999999 -0.000419398 0.00126355 0.000414601 0.999994 0.00347853 -0.00126545 -0.00347847 0.999993 0.0526145 -0.0564952 0.430247
FixedParameters: 0 0 0

#Transform 42
Transform: AffineTransform_float_3_3
Parameters: 0.999995 -0.00153847 0.0029654 0.00154453 0.999997 -0.00220143 -0.00296161 0.00220557 0.999993 0.188667 0.0057372 -0.0567176
FixedParameters: 0 0 0

#Transform 43
Transform: AffineTransform_float_3_3
Parameters: 0.999996 -0.000951402 0.00263059 0.000963594 0.999988 -0.00479148 -0.00262541 0.00479452 0.999985 0.0589034 0.0628139 -0.488651
FixedParameters: 0 0 0

#Transform 44
Transform: AffineTransform_float_3_3
Parameters: 0.999995 0.000411902 0.00332515 -0.000405095 0.999998 -0.00207636 -0.00332685 0.00207464 0.999993 -0.0733222 0.0350991 -0.102349
FixedParameters: 0 0 0

#Transform 45
Transform: AffineTransform_float_3_3
Parameters: 0.999995 0.000420329 0.00333684 -0.000411669 0.999996 -0.00279639 -0.00333816 0.00279461 0.99999 0.00800781 -0.0558797 -0.0831188
FixedParameters: 0 0 0

#Transform 46
Transform: AffineTransform_float_3_3
Parameters: 0.999994 0.000498354 0.00338493 -0.000490647 0.999998 -0.00217267 -0.00338607 0.00217133 0.999992 0.00528583 0.0169883 -0.0738374
FixedParameters: 0 0 0

#Transform 47
Transform: AffineTransform_float_3_3
Parameters: 0.999993 0.000295786 0.00372747 -0.000289214 0.999999 -0.00182109 -0.00372753 0.00181991 0.999992 0.0316433 0.0396243 -0.0939851
FixedParameters: 0 0 0

#Transform 48
Transform: AffineTransform_float_3_3
Parameters: 0.999993 0.00039676 0.00370339 -0.000390242 0.999998 -0.00155546 -0.00370361 0.00155454 0.999992 0.0335573 0.0358698 -0.0651587
FixedParameters: 0 0 0

#Transform 49
Transform: AffineTransform_float_3_3
Parameters: 0.999992 0.000398184 0.00382026 -0.000390819 0.999998 -0.00188051 -0.00382074 0.00187949 0.999991 0.0369223 0.021394 -0.0959472
FixedParameters: 0 0 0

#Transform 50
Transform: AffineTransform_float_3_3
Parameters: 0.999993 0.00061389 0.00372187 -0.000606109 0.999998 -0.00185227 -0.00372313 0.00184973 0.999992 0.0231346 -0.00856156 -0.0371262
FixedParameters: 0 0 0

#Transform 51
Transform: AffineTransform_float_3_3
Parameters: 0.999993 0.000449321 0.0035342 -0.000443678 0.999999 -0.00178958 -0.0035348 0.00178742 0.999992 0.0171467 -0.0414581 -0.113218
FixedParameters: 0 0 0

#Transform 52
Transform: AffineTransform_float_3_3
Parameters: 0.999993 0.000507427 0.00369626 -0.000502574 0.999999 -0.00146887 -0.00369674 0.00146713 0.999992 -0.0281536 0.00150008 -0.0226754
FixedParameters: 0 0 0

#Transform 53
Transform: AffineTransform_float_3_3
Parameters: 0.999993 0.000629463 0.00364555 -0.000620538 0.999997 -0.00232228 -0.00364645 0.00231972 0.99999 -0.0461077 0.0707601 0.00448804
FixedParameters: 0 0 0

#Transform 54
Transform: AffineTransform_float_3_3
Parameters: 0.999994 0.000677344 0.00356662 -0.000670655 0.999997 -0.00206041 -0.00356739 0.0020576 0.999992 -0.028745 0.0196486 -0.0847606
FixedParameters: 0 0 0

#Transform 55
Transform: AffineTransform_float_3_3
Parameters: 0.999993 0.000763254 0.00367671 -0.000756747 0.999999 -0.00170179 -0.00367829 0.0016992 0.999992 -0.0342268 0.0754143 -0.0712997
FixedParameters: 0 0 0

#Transform 56
Transform: AffineTransform_float_3_3
Parameters: 0.999992 0.00087042 0.00374651 -0.000863578 0.999998 -0.00171525 -0.00374849 0.00171175 0.999992 -0.0465493 0.0143428 -0.024923
FixedParameters: 0 0 0

#Transform 57
Transform: AffineTransform_float_3_3
Parameters: 0.999993 0.00098812 0.00358905 -0.000980882 0.999997 -0.00198453 -0.00359095 0.00198146 0.999991 -0.0552042 0.0347269 -0.0349669
FixedParameters: 0 0 0

#Transform 58
Transform: AffineTransform_float_3_3
Parameters: 0.999992 0.000917817 0.00387392 -0.000909181 0.999997 -0.00227754 -0.00387608 0.00227346 0.99999 -0.0465858 -0.0177138 -0.0638398
FixedParameters: 0 0 0

#Transform 59
Transform: AffineTransform_float_3_3
Parameters: 0.999992 0.00106042 0.00386397 -0.00105258 0.999997 -0.00192108 -0.00386603 0.00191691 0.99999 -0.0524536 0.0207049 -0.0430498
FixedParameters: 0 0 0

#Transform 60
Transform: AffineTransform_float_3_3
Parameters: 0.999999 0.000448234 0.00168794 -0.000447767 1 -0.000138756 -0.00168706 0.000138244 0.999998 -0.024482 -0.0141329 -0.294955
FixedParameters: 0 0 0

#Transform 61
Transform: AffineTransform_float_3_3
Parameters: 0.999998 0.000390451 0.0022551 -0.000390547 1 0.00024212 -0.00225491 -0.000243881 0.999998 -0.0214445 -0.0315582 -0.117477
FixedParameters: 0 0 0

#Transform 62
Transform: AffineTransform_float_3_3
Parameters: 0.999999 0.00068808 0.000340902 -0.00068992 0.999983 0.00566276 -0.000337098 -0.00566323 0.999984 -0.0394605 0.124637 0.744731
FixedParameters: 0 0 0

#Transform 63
Transform: AffineTransform_float_3_3
Parameters: 0.999991 0.00053909 0.00405219 -0.000532909 0.999998 -0.00150417 -0.0040528 0.00150183 0.99999 -0.0234715 0.0842589 0.0028277
FixedParameters: 0 0 0

#Transform 64
Transform: AffineTransform_float_3_3
Parameters: 0.999996 0.000400446 0.0028797 -0.000390552 0.999994 -0.00328014 -0.0028813 0.00327886 0.999991 -0.020976 0.121207 -0.292495
FixedParameters: 0 0 0

#Transform 65
Transform: AffineTransform_float_3_3
Parameters: 0.999992 0.000675383 0.00405411 -0.000670619 0.999999 -0.00132873 -0.0040549 0.00132627 0.999991 -0.0101897 0.0589429 -0.0238342
FixedParameters: 0 0 0

#Transform 66
Transform: AffineTransform_float_3_3
Parameters: 0.999993 0.000760549 0.00372326 -0.000752452 0.999997 -0.00229682 -0.00372474 0.00229418 0.999991 -0.0211226 0.0475604 -0.0321287
FixedParameters: 0 0 0

#Transform 67
Transform: AffineTransform_float_3_3
Parameters: 0.999992 0.000791385 0.00390551 -0.000784618 0.999998 -0.00189108 -0.00390749 0.00188892 0.99999 -0.0319664 0.0310952 -0.0190237
FixedParameters: 0 0 0

#Transform 68
Transform: AffineTransform_float_3_3
Parameters: 0.999992 0.000821952 0.00392855 -0.00081505 0.999998 -0.00177022 -0.00393045 0.00176778 0.99999 -0.0258752 0.0249178 -0.0245071
FixedParameters: 0 0 0

#Transform 69
Transform: AffineTransform_float_3_3
Parameters: 0.999993 0.000851074 0.00362234 -0.000843926 0.999997 -0.00195407 -0.00362365 0.00195093 0.999991 -0.0342989 0.0209467 -0.00770824
FixedParameters: 0 0 0

#Transform 70
Transform: AffineTransform_float_3_3
Parameters: 0.999992 0.000814956 0.00408262 -0.000808043 0.999998 -0.00170531 -0.00408438 0.00170169 0.99999 -0.00779167 0.0320201 -0.0309059
FixedParameters: 0 0 0

#Transform 71
Transform: AffineTransform_float_3_3
Parameters: 0.999992 0.000702805 0.00375973 -0.000696194 0.999998 -0.00181163 -0.00376027 0.00180837 0.999992 -0.00218229 -0.0104532 -0.0357202
FixedParameters: 0 0 0

#Transform 72
Transform: AffineTransform_float_3_3
Parameters: 0.999992 0.000881185 0.00390561 -0.000874815 0.999999 -0.00158543 -0.00390639 0.00158157 0.999991 -0.0187682 -0.00244614 -0.00770282
FixedParameters: 0 0 0

#Transform 73
Transform: AffineTransform_float_3_3
Parameters: 0.999992 0.000984783 0.00381851 -0.000979216 0.999999 -0.00151675 -0.00381949 0.00151225 0.999991 -0.0300432 0.00322666 0.0100335
FixedParameters: 0 0 0

#Transform 74
Transform: AffineTransform_float_3_3
Parameters: 0.999992 0.000863147 0.00386663 -0.000856852 0.999999 -0.00159133 -0.00386837 0.00158767 0.999992 -0.0228926 0.0202064 0.0178027
FixedParameters: 0 0 0

#Transform 75
Transform: AffineTransform_float_3_3
Parameters: 0.999992 0.000920496 0.00384493 -0.000915506 0.999999 -0.00117053 -0.00384607 0.00116747 0.999992 -0.0263482 0.0208019 0.00776765
FixedParameters: 0 0 0

#Transform 76
Transform: AffineTransform_float_3_3
Parameters: 0.999993 0.00103091 0.0036216 -0.00102609 0.999998 -0.00135672 -0.00362239 0.00135327 0.999992 -0.0378761 0.0234893 -0.0467403
FixedParameters: 0 0 0

#Transform 77
Transform: AffineTransform_float_3_3
Parameters: 0.999993 0.00115565 0.00370255 -0.00115135 0.999998 -0.00125827 -0.00370345 0.00125373 0.999993 -0.0424906 0.0100564 -0.0100232
FixedParameters: 0 0 0

#Transform 78
Transform: AffineTransform_float_3_3
Parameters: 0.999994 0.00124829 0.00340333 -0.00124171 0.999997 -0.00214424 -0.00340567 0.00213976 0.999992 -0.0584302 -0.0196645 -0.0820929
FixedParameters: 0 0 0

#Transform 79
Transform: AffineTransform_float_3_3
Parameters: 0.999994 0.00144826 0.00331184 -0.00144074 0.999996 -0.00219379 -0.00331517 0.00218921 0.999992 -0.0670328 -0.0328654 -0.0527774
FixedParameters: 0 0 0

#Transform 80
Transform: AffineTransform_float_3_3
Parameters: 0.999995 0.000944408 0.00321212 -0.000938592 0.999997 -0.00199602 -0.00321388 0.00199297 0.999993 -0.0215937 0.0240886 -0.0793723
FixedParameters: 0 0 0

#Transform 81
Transform: AffineTransform_float_3_3
Parameters: 0.999996 0.000956164 0.00245877 -0.000952836 0.999998 -0.00128735 -0.00246023 0.00128565 0.999996 -0.0312741 -0.0234479 -0.0331755
FixedParameters: 0 0 0

#Transform 82
Transform: AffineTransform_float_3_3
Parameters: 0.999999 0.00084838 0.000483852 -0.00084962 0.999994 0.00335859 -0.000481149 -0.00335841 0.999994 -0.0664428 0.0343946 0.373563
FixedParameters: 0 0 0

#Transform 83
Transform: AffineTransform_float_3_3
Parameters: 0.999993 0.00134455 0.00351279 -0.00134445 0.999999 -0.000159724 -0.00351321 0.000155277 0.999994 -0.0731505 0.0720678 0.0380538
FixedParameters: 0 0 0

#Transform 84
Transform: AffineTransform_float_3_3
Parameters: 0.999994 0.00132878 0.00313098 -0.00132422 0.999998 -0.00152815 -0.00313302 0.00152385 0.999994 -0.0534609 0.0407927 -0.135198
FixedParameters: 0 0 0

#Transform 85
Transform: AffineTransform_float_3_3
Parameters: 0.999995 0.000843855 0.00327601 -0.000840146 0.999999 -0.00117776 -0.00327699 0.00117524 0.999994 -0.0334475 0.0369446 -0.0465834
FixedParameters: 0 0 0

#Transform 86
Transform: AffineTransform_float_3_3
Parameters: 0.999995 0.000795664 0.00300751 -0.000789334 0.999998 -0.00188438 -0.00300949 0.00188161 0.999993 -0.032319 0.0277264 -0.0576818
FixedParameters: 0 0 0

#Transform 87
Transform: AffineTransform_float_3_3
Parameters: 0.999993 0.00074628 0.00348787 -0.00074072 0.999998 -0.00151459 -0.00348912 0.0015124 0.999993 -0.0125415 0.0351176 -0.0849544
FixedParameters: 0 0 0

#Transform 88
Transform: AffineTransform_float_3_3
Parameters: 0.999994 0.000722356 0.00324103 -0.000717642 0.999999 -0.00134533 -0.00324197 0.00134267 0.999994 -0.00991915 0.0351493 -0.0608083
FixedParameters: 0 0 0

#Transform 89
Transform: AffineTransform_float_3_3
Parameters: 0.999994 0.000792203 0.00316795 -0.000788797 0.999999 -0.00132751 -0.00316905 0.0013255 0.999994 -0.0200793 0.0148744 -0.00596212
FixedParameters: 0 0 0

#Transform 90
Transform: AffineTransform_float_3_3
Parameters: 0.999995 0.000766898 0.00284568 -0.000762101 0.999998 -0.00172218 -0.00284732 0.00171983 0.999995 -0.0119658 0.0075028 -0.0645237
FixedParameters: 0 0 0

#Transform 91
Transform: AffineTransform_float_3_3
Parameters: 0.999995 0.000839636 0.00309848 -0.000834364 0.999998 -0.0018196 -0.00310052 0.00181741 0.999994 -0.0168402 -0.00349968 -0.0509027
FixedParameters: 0 0 0

#Transform 92
Transform: AffineTransform_float_3_3
Parameters: 0.999994 0.00085348 0.00342889 -0.000849516 0.999999 -0.00130892 -0.00343011 0.00130508 0.999994 -0.0101545 0.00809306 -0.0157865
FixedParameters: 0 0 0

#Transform 93
Transform: AffineTransform_float_3_3
Parameters: 0.999993 0.000926248 0.00342358 -0.000920753 0.999999 -0.00153416 -0.00342441 0.00153084 0.999993 -0.0257604 -0.00586229 -0.0319209
FixedParameters: 0 0 0

#Transform 94
Transform: AffineTransform_float_3_3
Parameters: 0.999998 0.000766245 0.001722 -0.000763755 0.999999 -0.00130432 -0.001723 0.00130268 0.999997 -0.0306336 -0.0192412 -0.21053
FixedParameters: 0 0 0

#Transform 95
Transform: AffineTransform_float_3_3
Parameters: 0.999996 0.000807008 0.00262947 -0.000801994 0.999998 -0.00190412 -0.00263153 0.00190288 0.999994 -0.029511 -0.0462706 -0.0433223
FixedParameters: 0 0 0

#Transform 96
Transform: AffineTransform_float_3_3
Parameters: 1 -2.70745e-05 -0.000292185 2.89243e-05 0.999979 0.006592 0.000291816 -0.00659201 0.999978 0.0379309 0.0530917 0.612719
FixedParameters: 0 0 0

#Transform 97
Transform: AffineTransform_float_3_3
Parameters: 0.999993 -9.11758e-05 0.00372007 9.38228e-05 0.999999 -0.000758656 -0.00371993 0.000759344 0.999993 0.0808046 0.0230823 0.0010189
FixedParameters: 0 0 0

#Transform 98
Transform: AffineTransform_float_3_3
Parameters: 0.999997 0.000509989 0.00235629 -0.000502011 0.999994 -0.00339019 -0.00235772 0.00338881 0.999992 -0.0173793 0.102132 -0.300545
FixedParameters: 0 0 0

#Transform 99
Transform: AffineTransform_float_3_3
Parameters: 0.999995 0.000565886 0.00327416 -0.000561115 0.999998 -0.00149284 -0.00327484 0.00149115 0.999993 -0.0312768 0.0494521 -0.0434362
FixedParameters: 0 0 0

#Transform 100
Transform: AffineTransform_float_3_3
Parameters: 0.999994 0.000554972 0.00340187 -0.000548028 0.999997 -0.00204988 -0.00340313 0.00204812 0.999992 -0.0321702 0.0401258 -0.0520799
FixedParameters: 0 0 0

#Transform 101
Transform: AffineTransform_float_3_3
Parameters: 0.999995 0.000796521 0.00308058 -0.00079048 0.999998 -0.00179244 -0.00308242 0.00179055 0.999993 -0.0434252 0.0208536 -0.0624853
FixedParameters: 0 0 0

#Transform 102
Transform: AffineTransform_float_3_3
Parameters: 0.999995 0.000602434 0.00330884 -0.000596566 0.999998 -0.00194498 -0.00331017 0.00194302 0.999992 -0.0290406 0.0410028 -0.0873698
FixedParameters: 0 0 0

#Transform 103
Transform: AffineTransform_float_3_3
Parameters: 0.999994 0.000954821 0.00335335 -0.000949179 0.999998 -0.00173719 -0.00335465 0.00173381 0.999993 -0.0521263 0.021249 -0.0754959
FixedParameters: 0 0 0

#Transform 104
Transform: AffineTransform_float_3_3
Parameters: 0.999994 0.00081861 0.00341666 -0.00081239 0.999999 -0.00164279 -0.00341834 0.00164021 0.999993 -0.0437072 0.00898703 0.00420739
FixedParameters: 0 0 0

#Transform 105
Transform: AffineTransform_float_3_3
Parameters: 0.999994 0.000955315 0.00327917 -0.000948684 0.999997 -0.00192712 -0.00328083 0.00192388 0.999993 -0.0587197 0.0126126 -0.0364198
FixedParameters: 0 0 0

#Transform 106
Transform: AffineTransform_float_3_3
Parameters: 0.999995 0.000955208 0.00321816 -0.000948792 0.999997 -0.00193006 -0.00321984 0.00192693 0.999993 -0.0605155 -0.00108827 -0.0171613
FixedParameters: 0 0 0

#Transform 107
Transform: AffineTransform_float_3_3
Parameters: 0.999995 0.000954899 0.00319525 -0.000949102 0.999998 -0.00184704 -0.00319676 0.00184396 0.999993 -0.0178155 -0.0172924 -0.0403348
FixedParameters: 0 0 0

#Transform 108
Transform: AffineTransform_float_3_3
Parameters: 0.999994 0.000954877 0.00327029 -0.000949124 0.999998 -0.00179811 -0.00327171 0.00179489 0.999993 -0.0230358 0.00190622 -0.0400879
FixedParameters: 0 0 0

#Transform 109
Transform: AffineTransform_float_3_3
Parameters: 0.999994 0.000878068 0.0031816 -0.000872929 0.999999 -0.00159479 -0.00318339 0.00159121 0.999993 -0.0110783 0.0405864 -0.00879058
FixedParameters: 0 0 0

#Transform 110
Transform: AffineTransform_float_3_3
Parameters: 0.999994 0.000954045 0.00329355 -0.000948958 0.999999 -0.00153214 -0.00329546 0.00152987 0.999994 -0.0143123 -0.00725168 -0.0386046
FixedParameters: 0 0 0

#Transform 111
Transform: AffineTransform_float_3_3
Parameters: 0.999994 0.000953854 0.00334362 -0.000949145 0.999999 -0.00145318 -0.00334538 0.00144982 0.999994 -0.0120403 0.0316236 -0.038862
FixedParameters: 0 0 0

#Transform 112
Transform: AffineTransform_float_3_3
Parameters: 0.999994 0.00084722 0.00318588 -0.000842779 0.999999 -0.00132569 -0.00318712 0.00132331 0.999994 -0.0087669 0.0224511 -0.00118105
FixedParameters: 0 0 0

#Transform 113
Transform: AffineTransform_float_3_3
Parameters: 0.999995 0.000952467 0.00323798 -0.000949533 0.999999 -0.00107208 -0.00323902 0.00106892 0.999994 -0.0229463 0.0190459 -0.0112139
FixedParameters: 0 0 0

#Transform 114
Transform: AffineTransform_float_3_3
Parameters: 0.999994 0.00083368 0.00338934 -0.00083032 1 -0.000791819 -0.00339066 0.000789178 0.999994 -0.0114533 0.0134478 -0.0184704
FixedParameters: 0 0 0

#Transform 115
Transform: AffineTransform_float_3_3
Parameters: 0.999999 0.000839564 0.00108734 -0.000840435 0.999999 0.000400086 -0.00108766 -0.000400914 1 -0.0250192 -0.0446881 -0.120244
FixedParameters: 0 0 0

#Transform 116
Transform: AffineTransform_float_3_3
Parameters: 0.999999 0.000829395 -0.000159928 -0.000828613 0.999963 0.00853413 0.000166077 -0.00853386 0.999963 -0.0497685 0.118775 0.627334
FixedParameters: 0 0 0

#Transform 117
Transform: AffineTransform_float_3_3
Parameters: 0.999995 0.00119804 0.00314275 -0.00119996 0.999999 0.000621232 -0.00314125 -0.000624767 0.999995 -0.0582916 0.0451374 0.0645943
FixedParameters: 0 0 0

#Transform 118
Transform: AffineTransform_float_3_3
Parameters: 0.999999 0.00138081 0.00113982 -0.0013792 0.999998 -0.00158257 -0.00114118 0.00158143 0.999998 -0.0849204 0.0125719 -0.328928
FixedParameters: 0 0 0

#Transform 119
Transform: AffineTransform_float_3_3
Parameters: 0.999999 0.000268839 0.000871609 -0.000274158 0.999983 0.00592777 -0.00086939 -0.00592724 0.999982 0.0404965 0.211158 0.520393
FixedParameters: 0 0 0
