# transform file /out/sourcedata/freesurfer/sub-v2s0x29055_ses-1/mri/transforms/cc_up.lta
# created by oesteban on Tue Mar 10 14:28:39 2026

type      = 0 # LINEAR_VOX_TO_VOX
nxforms   = 1
mean      = 129.0000 99.0000 111.0000
sigma     = 10000.0000
1 4 4
9.998344779014587e-01 -1.725205965340137e-02 5.799090955406427e-03 1.932550072669983e-01 
1.725176908075809e-02 9.998512864112854e-01 1.000611518975347e-04 4.978344345092773e+01 
-5.799954291433096e-03 0.000000000000000e+00 9.999832510948181e-01 2.674729537963867e+01 
0.000000000000000e+00 0.000000000000000e+00 0.000000000000000e+00 1.000000000000000e+00 
src volume info
valid = 1  # volume info valid
filename = /out/sourcedata/freesurfer/sub-v2s0x29055_ses-1/mri/norm.mgz
volume = 256 256 256
voxelsize = 1.000000000000000e+00 1.000000000000000e+00 1.000000000000000e+00
xras   = -1.000000000000000e+00 0.000000000000000e+00 0.000000000000000e+00
yras   = 0.000000000000000e+00 0.000000000000000e+00 -1.000000000000000e+00
zras   = 0.000000000000000e+00 1.000000000000000e+00 0.000000000000000e+00
cras   = 6.285736083984375e+00 4.031877136230469e+01 -1.473039245605469e+01
dst volume info
valid = 1  # volume info valid
filename = /out/sourcedata/freesurfer/sub-v2s0x29055_ses-1/mri/norm.mgz
volume = 256 256 256
voxelsize = 1.000000000000000e+00 1.000000000000000e+00 1.000000000000000e+00
xras   = -1.000000000000000e+00 0.000000000000000e+00 0.000000000000000e+00
yras   = 0.000000000000000e+00 0.000000000000000e+00 -1.000000000000000e+00
zras   = 0.000000000000000e+00 1.000000000000000e+00 0.000000000000000e+00
cras   = 6.285736083984375e+00 4.031877136230469e+01 -1.473039245605469e+01
