# transform file /out/sourcedata/freesurfer/sub-v2s0x29047_ses-1/mri/transforms/cc_up.lta
# created by oesteban on Tue Mar 10 14:05:31 2026

type      = 0 # LINEAR_VOX_TO_VOX
nxforms   = 1
mean      = 127.0000 96.0000 110.0000
sigma     = 10000.0000
1 4 4
9.999827146530151e-01 6.728824228048325e-04 -5.854290910065174e-03 2.616633415222168e+00 
-6.728708976879716e-04 9.999998211860657e-01 3.939250291296048e-06 4.208435821533203e+01 
5.854292307049036e-03 0.000000000000000e+00 9.999829530715942e-01 3.926478195190430e+01 
0.000000000000000e+00 0.000000000000000e+00 0.000000000000000e+00 1.000000000000000e+00 
src volume info
valid = 1  # volume info valid
filename = /out/sourcedata/freesurfer/sub-v2s0x29047_ses-1/mri/norm.mgz
volume = 256 256 256
voxelsize = 1.000000000000000e+00 1.000000000000000e+00 1.000000000000000e+00
xras   = -1.000000000000000e+00 0.000000000000000e+00 0.000000000000000e+00
yras   = 0.000000000000000e+00 0.000000000000000e+00 -1.000000000000000e+00
zras   = 0.000000000000000e+00 1.000000000000000e+00 0.000000000000000e+00
cras   = 7.740631103515625e-01 5.484783935546875e+01 -1.022138977050781e+01
dst volume info
valid = 1  # volume info valid
filename = /out/sourcedata/freesurfer/sub-v2s0x29047_ses-1/mri/norm.mgz
volume = 256 256 256
voxelsize = 1.000000000000000e+00 1.000000000000000e+00 1.000000000000000e+00
xras   = -1.000000000000000e+00 0.000000000000000e+00 0.000000000000000e+00
yras   = 0.000000000000000e+00 0.000000000000000e+00 -1.000000000000000e+00
zras   = 0.000000000000000e+00 1.000000000000000e+00 0.000000000000000e+00
cras   = 7.740631103515625e-01 5.484783935546875e+01 -1.022138977050781e+01
