# transform file /out/sourcedata/freesurfer/sub-v2s0x30147_ses-1/mri/transforms/cc_up.lta
# created by oesteban on Tue Mar 10 14:36:56 2026

type      = 0 # LINEAR_VOX_TO_VOX
nxforms   = 1
mean      = 131.0000 95.0000 113.0000
sigma     = 10000.0000
1 4 4
9.965730905532837e-01 5.895147845149040e-02 5.802583321928978e-02 -1.306356239318848e+01 
-5.885180458426476e-02 9.982609152793884e-01 -3.426667535677552e-03 5.925531005859375e+01 
-5.812692642211914e-02 -2.328306714094452e-10 9.983093142509460e-01 3.284690093994141e+01 
0.000000000000000e+00 0.000000000000000e+00 0.000000000000000e+00 1.000000000000000e+00 
src volume info
valid = 1  # volume info valid
filename = /out/sourcedata/freesurfer/sub-v2s0x30147_ses-1/mri/norm.mgz
volume = 256 256 256
voxelsize = 1.000000000000000e+00 1.000000000000000e+00 1.000000000000000e+00
xras   = -1.000000000000000e+00 0.000000000000000e+00 0.000000000000000e+00
yras   = 0.000000000000000e+00 0.000000000000000e+00 -1.000000000000000e+00
zras   = 0.000000000000000e+00 1.000000000000000e+00 0.000000000000000e+00
cras   = 5.784721374511719e+00 3.981777954101562e+01 -8.718414306640625e+00
dst volume info
valid = 1  # volume info valid
filename = /out/sourcedata/freesurfer/sub-v2s0x30147_ses-1/mri/norm.mgz
volume = 256 256 256
voxelsize = 1.000000000000000e+00 1.000000000000000e+00 1.000000000000000e+00
xras   = -1.000000000000000e+00 0.000000000000000e+00 0.000000000000000e+00
yras   = 0.000000000000000e+00 0.000000000000000e+00 -1.000000000000000e+00
zras   = 0.000000000000000e+00 1.000000000000000e+00 0.000000000000000e+00
cras   = 5.784721374511719e+00 3.981777954101562e+01 -8.718414306640625e+00
