#Insight Transform File V1.0
#Transform 0
Transform: AffineTransform_float_3_3
Parameters: 1 0.000159997 0.000643501 -0.000162001 0.999995 0.0031139 -0.000642498 -0.0031141 0.999995 -0.0261427 0.00413927 -0.175676
FixedParameters: 0 0 0

#Transform 1
Transform: AffineTransform_float_3_3
Parameters: 1 -9.42486e-05 0.000263911 9.37512e-05 0.999999 0.000942024 -0.000264088 -0.000941974 0.999999 -0.0272017 0.0219067 -0.234262
FixedParameters: 0 0 0

#Transform 2
Transform: AffineTransform_float_3_3
Parameters: 1 0.000383083 -5.44197e-05 -0.000382918 0.999999 0.00151502 5.45802e-05 -0.00151498 0.999999 -0.0140167 -0.0105678 -0.252789
FixedParameters: 0 0 0

#Transform 3
Transform: AffineTransform_float_3_3
Parameters: 1 0.000280999 7.26946e-07 -0.000281002 0.999996 0.002587 -2.7305e-07 -0.002587 0.999996 -0.0178536 -0.0295547 -0.127279
FixedParameters: 0 0 0

#Transform 4
Transform: AffineTransform_float_3_3
Parameters: 1 0.000168 1.848e-08 -0.000168 1 0.00011 1.848e-08 -0.00011 1 -0.0210262 -0.0111009 -0.192941
FixedParameters: 0 0 0

#Transform 5
Transform: AffineTransform_float_3_3
Parameters: 1 0.000133921 7.01518e-05 -0.000134079 1 0.00113299 -6.98482e-05 -0.00113301 1 -0.0201576 -0.0305023 -0.204166
FixedParameters: 0 0 0

#Transform 6
Transform: AffineTransform_float_3_3
Parameters: 1 -0.000530855 0.000346694 0.000530144 0.999997 0.00246218 -0.000348307 -0.00246281 0.999997 -0.0292994 -0.0311152 -0.123699
FixedParameters: 0 0 0

#Transform 7
Transform: AffineTransform_float_3_3
Parameters: 0.999999 -0.000867815 0.00051002 0.000868184 0.999997 -0.00232656 -0.000507981 0.00232744 0.999997 -0.0244146 -0.0602128 -0.158608
FixedParameters: 0 0 0

#Transform 8
Transform: AffineTransform_float_3_3
Parameters: 1 -0.00109043 0.000542174 0.00109157 0.999995 -0.00290841 -0.000538828 0.00290859 0.999995 -0.0435151 -0.0650297 -0.23016
FixedParameters: 0 0 0

#Transform 9
Transform: AffineTransform_float_3_3
Parameters: 1 -0.00056581 0.000424254 0.00056519 0.999999 -0.00044876 -0.000423747 0.00044824 1 -0.0170551 0.0110451 -0.139437
FixedParameters: 0 0 0

#Transform 10
Transform: AffineTransform_float_3_3
Parameters: 1 -0.000565263 0.000313334 0.000565736 0.999997 -0.00235782 -0.000311667 0.00235818 0.999997 -0.0156817 0.0337801 -0.0616534
FixedParameters: 0 0 0

#Transform 11
Transform: AffineTransform_float_3_3
Parameters: 1 -0.000684997 1.99951e-06 0.000685002 0.999995 -0.002919 -4.77e-10 0.002919 0.999995 -0.0145682 0.00302746 -0.168476
FixedParameters: 0 0 0

#Transform 12
Transform: AffineTransform_float_3_3
Parameters: 1 -0.000187942 0.000151072 0.000188057 1 -0.000380972 -0.000150928 0.000381028 1 -0.0235178 0.00757005 -0.124202
FixedParameters: 0 0 0

#Transform 13
Transform: AffineTransform_float_3_3
Parameters: 1 -0.00027 4.833e-07 0.00027 0.999999 -0.00179 4.833e-07 0.00179 0.999999 -0.0349674 0.0371939 -0.0273717
FixedParameters: 0 0 0

#Transform 14
Transform: AffineTransform_float_3_3
Parameters: 1 -0.000367 3.82781e-07 0.000367 1 -0.001043 3.82781e-07 0.001043 1 -0.0384455 -0.0227401 -0.115519
FixedParameters: 0 0 0

#Transform 15
Transform: AffineTransform_float_3_3
Parameters: 1 -0.000464 2.088e-07 0.000464 1 -0.00045 2.088e-07 0.00045 1 -0.032492 0.00359397 -0.103814
FixedParameters: 0 0 0

#Transform 16
Transform: AffineTransform_float_3_3
Parameters: 1 -0.000564786 0.000265454 0.000565212 0.999999 -0.000803849 -0.000264545 0.000804149 0.999999 -0.0378335 0.0737956 -0.0970709
FixedParameters: 0 0 0

#Transform 17
Transform: AffineTransform_float_3_3
Parameters: 1 -0.00100485 0.000246597 0.00100515 1 -0.000593753 -0.000246403 0.000594248 1 -0.0469091 -0.0277658 -0.0876002
FixedParameters: 0 0 0

#Transform 18
Transform: AffineTransform_float_3_3
Parameters: 1 -0.000138 1.22682e-07 0.000138 0.999999 -0.000888999 1.22682e-07 0.000888999 0.999999 -0.00366296 0.0309141 -0.0425398
FixedParameters: 0 0 0

#Transform 19
Transform: AffineTransform_float_3_3
Parameters: 1 -0.000138 1.63254e-07 0.000138 1 -0.001183 1.63254e-07 0.001183 1 -0.00365806 0.0244083 -0.0720464
FixedParameters: 0 0 0

#Transform 20
Transform: AffineTransform_float_3_3
Parameters: 1 -0.000138 -1.13022e-07 0.000138 0.999999 0.000818999 -1.13022e-07 -0.000818999 0.999999 -0.00365615 0.0105566 -0.0482978
FixedParameters: 0 0 0

#Transform 21
Transform: AffineTransform_float_3_3
Parameters: 1 -0.000138 1.9941e-07 0.000138 0.999999 -0.001445 1.9941e-07 0.001445 0.999999 -0.00365637 0.0773435 -0.0280654
FixedParameters: 0 0 0

#Transform 22
Transform: AffineTransform_float_3_3
Parameters: 1 -0.000217984 0.000154022 0.000218016 1 -0.000101966 -0.000153978 0.000102034 1 -0.00720081 -0.00412853 -0.0473986
FixedParameters: 0 0 0

#Transform 23
Transform: AffineTransform_float_3_3
Parameters: 1 -0.000138 9.5358e-08 0.000138 1 -0.000691 9.5358e-08 0.000691 1 -0.00366163 0.0502957 -0.0342541
FixedParameters: 0 0 0

#Transform 24
Transform: AffineTransform_float_3_3
Parameters: 1 -6.3e-05 3.9186e-08 6.3e-05 1 -0.000622 3.9186e-08 0.000622 1 -0.00747173 -0.0179563 -0.115886
FixedParameters: 0 0 0

#Transform 25
Transform: AffineTransform_float_3_3
Parameters: 1 -0.000457 2.02451e-07 0.000457 1 -0.000443 2.02451e-07 0.000443 1 -0.0105902 0.0601885 -0.062666
FixedParameters: 0 0 0

#Transform 26
Transform: AffineTransform_float_3_3
Parameters: 1 -6.9e-05 4.2918e-08 6.9e-05 1 -0.000622 4.2918e-08 0.000622 1 -0.00224606 0.0610839 -0.0254457
FixedParameters: 0 0 0

#Transform 27
Transform: AffineTransform_float_3_3
Parameters: 1 -0.00037 3.1894e-07 0.00037 0.999999 -0.000861999 3.1894e-07 0.000861999 0.999999 -0.0157085 -0.0388889 -0.109961
FixedParameters: 0 0 0

#Transform 28
Transform: AffineTransform_float_3_3
Parameters: 1 0.000165034 5.38973e-05 -0.000164966 1 -0.000622009 -5.41026e-05 0.000621991 1 -0.00652431 -0.00656804 -0.0413559
FixedParameters: 0 0 0

#Transform 29
Transform: AffineTransform_float_3_3
Parameters: 1 0.000409533 -0.000358534 -0.000409466 0.999999 -0.00130385 0.000357466 0.00130415 0.999999 0.0122377 0.0393143 0.00114315
FixedParameters: 0 0 0

#Transform 30
Transform: AffineTransform_float_3_3
Parameters: 1 -0.000600334 -0.000296325 0.000599667 0.999999 -0.00112518 0.000296675 0.00112482 1 -0.0293044 -0.0143076 -0.0259479
FixedParameters: 0 0 0

#Transform 31
Transform: AffineTransform_float_3_3
Parameters: 1 0.000315848 -0.000628076 -0.000316152 1 -0.000241801 0.000628923 0.000242199 1 0.0134871 0.0144003 -0.0157113
FixedParameters: 0 0 0

#Transform 32
Transform: AffineTransform_float_3_3
Parameters: 1 0.000122325 -0.000628132 -0.000122675 1 -0.00107392 0.000628869 0.00107408 0.999999 0.00478116 0.0654589 0.0212266
FixedParameters: 0 0 0

#Transform 33
Transform: AffineTransform_float_3_3
Parameters: 1 0.000315549 -0.000570249 -0.000316451 0.999999 -0.000790819 0.000569749 0.000791179 0.999999 0.0077186 -0.0456166 -0.0458282
FixedParameters: 0 0 0

#Transform 34
Transform: AffineTransform_float_3_3
Parameters: 0.999999 0.000315528 -0.00082618 -0.000316471 1 -0.000570739 0.000825819 0.000571261 1 0.0083866 0.0763144 -0.00547482
FixedParameters: 0 0 0

#Transform 35
Transform: AffineTransform_float_3_3
Parameters: 0.999999 0.000314986 -0.000705453 -0.000316013 0.999999 -0.00143778 0.000704546 0.00143822 0.999998 -0.00637322 0.0974083 -0.0383694
FixedParameters: 0 0 0

#Transform 36
Transform: AffineTransform_float_3_3
Parameters: 1 0.000316103 -0.000627948 -0.000315896 1 0.000165198 0.000628052 -0.000164801 1 -0.00260628 -0.0171226 -0.00869604
FixedParameters: 0 0 0

#Transform 37
Transform: AffineTransform_float_3_3
Parameters: 1 0.000149278 -0.000628172 -0.000149723 1 -0.00114991 0.000628828 0.00115009 0.999999 -0.00867203 0.0650606 0.0145861
FixedParameters: 0 0 0

#Transform 38
Transform: AffineTransform_float_3_3
Parameters: 1 0.000167246 -0.000628201 -0.000168755 1 -0.00119989 0.000628798 0.00120011 0.999999 -0.0033254 -0.0436128 -0.0359795
FixedParameters: 0 0 0

#Transform 39
Transform: AffineTransform_float_3_3
Parameters: 1 5.60064e-05 -0.000628089 -5.6995e-05 0.999998 -0.00158196 0.00062891 0.00158203 0.999998 -0.0176221 -0.038728 0.0213935
FixedParameters: 0 0 0

#Transform 40
Transform: AffineTransform_float_3_3
Parameters: 0.999999 0.000315276 -0.000799286 -0.000316725 1 -0.000906748 0.000798713 0.000906253 1 -0.00231615 0.0853061 0.0491336
FixedParameters: 0 0 0

#Transform 41
Transform: AffineTransform_float_3_3
Parameters: 1 0.000315148 -0.000628428 -0.000315853 0.999999 -0.0013568 0.000628572 0.0013562 0.999999 -0.0111207 0.0641824 0.0536187
FixedParameters: 0 0 0

#Transform 42
Transform: AffineTransform_float_3_3
Parameters: 1 0.000194198 -0.000628248 -0.000194803 0.999999 -0.00127688 0.000628752 0.00127712 0.999999 -0.0279108 0.00300454 -0.0133416
FixedParameters: 0 0 0

#Transform 43
Transform: AffineTransform_float_3_3
Parameters: 1 0.000186323 -0.000627904 -0.000185677 1 0.000514116 0.000628095 -0.000513883 0.999999 -0.0149997 0.0220795 0.0686851
FixedParameters: 0 0 0

#Transform 44
Transform: AffineTransform_float_3_3
Parameters: 0.999999 -5.86519e-05 -0.00075895 5.83479e-05 0.999999 -0.000859045 0.00075905 0.000858956 1 -0.0147843 0.0274321 0.0274412
FixedParameters: 0 0 0

#Transform 45
Transform: AffineTransform_float_3_3
Parameters: 0.999999 -0.000121045 -0.00102088 0.000119955 1 -0.00102412 0.00102012 0.00102388 0.999999 -0.0241843 -0.056646 -0.033555
FixedParameters: 0 0 0

#Transform 46
Transform: AffineTransform_float_3_3
Parameters: 0.999999 -0.000147033 -0.000991994 0.000146968 1 -3.21458e-05 0.000992004 3.28541e-05 0.999999 -0.0250814 -0.0172707 0.0496694
FixedParameters: 0 0 0

#Transform 47
Transform: AffineTransform_float_3_3
Parameters: 0.999999 -0.000857315 -0.000917844 0.000854685 0.999997 -0.00251979 0.000920156 0.00251822 0.999997 0.00564994 0.202721 0.0177885
FixedParameters: 0 0 0

#Transform 48
Transform: AffineTransform_float_3_3
Parameters: 0.999999 -0.00124133 -0.000628372 0.00123967 0.999997 -0.00211878 0.000630628 0.00211822 0.999997 -0.016378 0.131612 -0.0999348
FixedParameters: 0 0 0

#Transform 49
Transform: AffineTransform_float_3_3
Parameters: 0.999999 -0.00111945 -0.000996252 0.00111655 0.999997 -0.00245812 0.000998747 0.00245689 0.999997 -0.0423353 0.0403425 -0.103534
FixedParameters: 0 0 0

#Transform 50
Transform: AffineTransform_float_3_3
Parameters: 0.999998 -0.00111922 -0.00119592 0.00111677 0.999997 -0.00186034 0.00119808 0.00185866 0.999997 -0.058376 0.0331636 0.00486841
FixedParameters: 0 0 0

#Transform 51
Transform: AffineTransform_float_3_3
Parameters: 1 6.47225e-05 -0.00119813 -6.72773e-05 0.999998 -0.00190092 0.00119788 0.00190108 0.999998 -0.0146069 -0.0299985 0.112322
FixedParameters: 0 0 0

#Transform 52
Transform: AffineTransform_float_3_3
Parameters: 0.999999 0.000348209 -0.00119881 -0.000350791 0.999997 -0.00232858 0.00119819 0.00232942 0.999996 -0.0111702 0.00558486 0.0196801
FixedParameters: 0 0 0

#Transform 53
Transform: AffineTransform_float_3_3
Parameters: 1 0.00021194 -0.00119837 -0.000214059 0.999998 -0.00171874 0.00119763 0.00171925 0.999998 -0.0113695 -0.0122257 0.0544494
FixedParameters: 0 0 0

#Transform 54
Transform: AffineTransform_float_3_3
Parameters: 0.999999 0.000293246 -0.00119868 -0.000296756 0.999998 -0.00229865 0.00119832 0.00229835 0.999996 -0.00950668 0.0540682 0.0388258
FixedParameters: 0 0 0

#Transform 55
Transform: AffineTransform_float_3_3
Parameters: 1 0.000181723 -0.0011985 -0.000185279 0.999996 -0.00273478 0.0011985 0.00273522 0.999995 -0.0119117 -0.0147677 0.0117363
FixedParameters: 0 0 0

#Transform 56
Transform: AffineTransform_float_3_3
Parameters: 0.999999 0.00010202 -0.00129624 -0.000104979 0.999998 -0.00229887 0.00129576 0.00229913 0.999996 -0.0126444 0.0172829 0.0821911
FixedParameters: 0 0 0

#Transform 57
Transform: AffineTransform_float_3_3
Parameters: 0.999999 0.000114571 -0.00126322 -0.000116428 0.999998 -0.00192286 0.00126278 0.00192315 0.999998 -0.0127589 0.0384582 0.0713074
FixedParameters: 0 0 0

#Transform 58
Transform: AffineTransform_float_3_3
Parameters: 1 6.95751e-05 -0.00119814 -7.14246e-05 0.999998 -0.00202392 0.00119786 0.00202409 0.999997 0.00794104 0.0495427 0.0714013
FixedParameters: 0 0 0

#Transform 59
Transform: AffineTransform_float_3_3
Parameters: 0.999999 3.54969e-05 -0.000927099 -3.85028e-05 0.999997 -0.00269997 0.000926899 0.00270003 0.999996 -0.00773419 0.074803 -0.0242677
FixedParameters: 0 0 0

#Transform 60
Transform: AffineTransform_float_3_3
Parameters: 0.999999 4.14684e-05 -0.00100106 -4.25314e-05 0.999999 -0.00152996 0.00100094 0.00153004 0.999999 0.00445279 -0.0164293 -0.0242631
FixedParameters: 0 0 0

#Transform 61
Transform: AffineTransform_float_3_3
Parameters: 1 -0.000174185 -0.00119768 0.000171816 0.999999 -0.00182321 0.00119832 0.00182379 0.999997 0.00375417 0.0686641 0.0833866
FixedParameters: 0 0 0

#Transform 62
Transform: AffineTransform_float_3_3
Parameters: 1 -0.000213003 -0.00119747 0.000209996 0.999997 -0.00250725 0.00119853 0.00250675 0.999996 -0.0103342 0.00966901 0.05156
FixedParameters: 0 0 0

#Transform 63
Transform: AffineTransform_float_3_3
Parameters: 0.999999 -0.000279101 -0.0014474 0.000275899 0.999997 -0.0021424 0.00144759 0.0021416 0.999996 -0.00116916 0.00549266 0.073724
FixedParameters: 0 0 0

#Transform 64
Transform: AffineTransform_float_3_3
Parameters: 1 -0.000384799 -0.00104171 0.0003842 0.999999 -0.000767401 0.0010423 0.000766599 0.999999 -0.00519806 0.0130007 0.182285
FixedParameters: 0 0 0

#Transform 65
Transform: AffineTransform_float_3_3
Parameters: 0.999999 -0.000579302 -0.00119641 0.0005757 0.999996 -0.00275769 0.00119759 0.00275731 0.999996 -0.0211327 0.0540972 0.0884087
FixedParameters: 0 0 0

#Transform 66
Transform: AffineTransform_float_3_3
Parameters: 0.999999 -0.000554381 -0.0011969 0.000552619 0.999998 -0.00198866 0.0011981 0.00198834 0.999998 -0.00526317 0.00457988 0.0718085
FixedParameters: 0 0 0

#Transform 67
Transform: AffineTransform_float_3_3
Parameters: 0.999999 -0.000455559 -0.00144688 0.00045244 0.999997 -0.00245966 0.00144812 0.00245834 0.999996 0.000129329 0.0518546 0.125277
FixedParameters: 0 0 0

#Transform 68
Transform: AffineTransform_float_3_3
Parameters: 1 -0.000349276 -0.00112599 0.000346725 0.999995 -0.00290739 0.00112701 0.00290761 0.999995 -0.00493582 0.0335531 0.0434164
FixedParameters: 0 0 0

#Transform 69
Transform: AffineTransform_float_3_3
Parameters: 0.999999 -0.000395162 -0.00125201 0.000391837 0.999996 -0.00252549 0.00125299 0.00252451 0.999996 -0.00287409 -0.0115172 0.107911
FixedParameters: 0 0 0

#Transform 70
Transform: AffineTransform_float_3_3
Parameters: 0.999999 -0.000308115 -0.00119746 0.000305885 0.999999 -0.00176537 0.00119854 0.00176563 0.999997 0.00324239 0.0574583 0.137623
FixedParameters: 0 0 0

#Transform 71
Transform: AffineTransform_float_3_3
Parameters: 0.999999 -0.000142291 -0.000997675 0.000139708 0.999998 -0.00229614 0.000998323 0.00229586 0.999997 0.0131597 0.0847194 0.0512856
FixedParameters: 0 0 0

#Transform 72
Transform: AffineTransform_float_3_3
Parameters: 0.999999 -0.00036247 -0.00119696 0.00035953 0.999995 -0.00289743 0.00119805 0.00289757 0.999995 -0.00316619 0.00108739 0.0329074
FixedParameters: 0 0 0

#Transform 73
Transform: AffineTransform_float_3_3
Parameters: 0.999999 -0.000633007 -0.00125449 0.000629992 0.999997 -0.00239579 0.00125651 0.00239521 0.999997 -0.00152016 0.0412242 0.0434192
FixedParameters: 0 0 0

#Transform 74
Transform: AffineTransform_float_3_3
Parameters: 0.999999 -0.000512115 -0.0011971 0.000509886 0.999999 -0.00176561 0.0011979 0.00176539 0.999997 -0.00124553 0.0666179 0.134261
FixedParameters: 0 0 0

#Transform 75
Transform: AffineTransform_float_3_3
Parameters: 0.999999 0.00010498 -0.00126934 -0.000109018 0.999995 -0.00316686 0.00126866 0.00316714 0.999994 0.0128708 0.0433024 0.130049
FixedParameters: 0 0 0

#Transform 76
Transform: AffineTransform_float_3_3
Parameters: 0.999998 -0.000223186 -0.00165131 0.000217816 0.999995 -0.00313936 0.00165169 0.00313963 0.999993 0.0106003 0.0286126 0.070331
FixedParameters: 0 0 0

#Transform 77
Transform: AffineTransform_float_3_3
Parameters: 0.999998 -0.000381598 -0.00189508 0.000377401 0.999997 -0.00242672 0.00189592 0.00242528 0.999996 0.00531175 0.00709809 0.115367
FixedParameters: 0 0 0

#Transform 78
Transform: AffineTransform_float_3_3
Parameters: 0.999998 -0.000927393 -0.00202099 0.000923609 0.999997 -0.00217287 0.00202301 0.00217113 0.999995 -0.000151505 0.152423 0.0911812
FixedParameters: 0 0 0

#Transform 79
Transform: AffineTransform_float_3_3
Parameters: 0.999997 -0.00118221 -0.00207404 0.00117679 0.999996 -0.00251245 0.00207696 0.00250955 0.999994 -0.0188231 0.0157941 0.0476237
FixedParameters: 0 0 0

#Transform 80
Transform: AffineTransform_float_3_3
Parameters: 0.999999 -8.52729e-05 -0.00148976 8.17262e-05 0.999996 -0.00286812 0.00149024 0.00286788 0.999995 -0.00409179 -0.00278355 0.0334492
FixedParameters: 0 0 0

#Transform 81
Transform: AffineTransform_float_3_3
Parameters: 0.999999 -0.000205891 -0.0014243 0.000201107 0.999994 -0.00343329 0.0014257 0.00343271 0.999993 -0.00625416 0.110329 0.118082
FixedParameters: 0 0 0

#Transform 82
Transform: AffineTransform_float_3_3
Parameters: 0.999999 -0.000493762 -0.00146307 0.000487237 0.999992 -0.00393672 0.00146493 0.00393528 0.999991 -0.0275114 0.0734565 0.115124
FixedParameters: 0 0 0

#Transform 83
Transform: AffineTransform_float_3_3
Parameters: 0.999998 -0.0004891 -0.00166951 0.0004839 0.999995 -0.00305481 0.00167048 0.00305319 0.999994 -0.0180773 0.0542185 0.110417
FixedParameters: 0 0 0

#Transform 84
Transform: AffineTransform_float_3_3
Parameters: 0.999998 -0.000456346 -0.00166982 0.000451657 0.999997 -0.00260176 0.00167018 0.00260124 0.999995 -0.0206327 0.0757058 0.133517
FixedParameters: 0 0 0

#Transform 85
Transform: AffineTransform_float_3_3
Parameters: 0.999998 -0.000420206 -0.0016697 0.000414797 0.999995 -0.0031167 0.0016703 0.0031163 0.999993 -0.0165548 0.0774028 0.107688
FixedParameters: 0 0 0

#Transform 86
Transform: AffineTransform_float_3_3
Parameters: 0.999998 -0.000378906 -0.00166967 0.000373097 0.999993 -0.00353563 0.00167033 0.00353537 0.999993 -0.0300216 0.0154014 0.0850133
FixedParameters: 0 0 0

#Transform 87
Transform: AffineTransform_float_3_3
Parameters: 0.999998 -0.00056906 -0.0018098 0.000561944 0.999992 -0.00389902 0.0018112 0.00389798 0.999991 -0.0181669 0.0200234 0.157007
FixedParameters: 0 0 0

#Transform 88
Transform: AffineTransform_float_3_3
Parameters: 0.999998 -0.00091314 -0.00172329 0.000907859 0.999995 -0.00298057 0.00172671 0.00297943 0.999994 -0.02433 0.0541762 0.176053
FixedParameters: 0 0 0

#Transform 89
Transform: AffineTransform_float_3_3
Parameters: 0.999999 -0.000271471 -0.00182505 0.00026453 0.999993 -0.00354449 0.00182595 0.00354451 0.999992 0.000942024 0.0894733 0.116969
FixedParameters: 0 0 0

#Transform 90
Transform: AffineTransform_float_3_3
Parameters: 0.999998 -0.000793004 -0.00137555 0.000786994 0.99999 -0.00436009 0.00137944 0.00435891 0.999989 -0.0322335 0.0316644 0.148087
FixedParameters: 0 0 0

#Transform 91
Transform: AffineTransform_float_3_3
Parameters: 0.999999 0.000327151 -0.00145433 -0.00033285 0.999992 -0.00402252 0.00145367 0.00402348 0.999991 -0.00270921 0.0140842 0.110878
FixedParameters: 0 0 0

#Transform 92
Transform: AffineTransform_float_3_3
Parameters: 0.999998 -0.000102276 -0.00165368 9.67262e-05 0.999995 -0.00319016 0.00165332 0.00318983 0.999993 -0.0162687 0.0462619 0.169791
FixedParameters: 0 0 0

#Transform 93
Transform: AffineTransform_float_3_3
Parameters: 0.999998 5.1851e-05 -0.00172616 -5.71483e-05 0.999995 -0.0029829 0.00172584 0.00298309 0.999994 -0.00571171 0.0159735 0.193176
FixedParameters: 0 0 0

#Transform 94
Transform: AffineTransform_float_3_3
Parameters: 0.999997 -2.82164e-07 -0.00214701 -6.28212e-06 0.999995 -0.00292599 0.00214699 0.00292601 0.999994 -0.00198726 -0.0475193 0.201787
FixedParameters: 0 0 0

#Transform 95
Transform: AffineTransform_float_3_3
Parameters: 0.999998 0.000634247 -0.00189994 -0.000642755 0.999989 -0.00461079 0.00189706 0.00461121 0.999987 0.00896113 -0.060173 0.130929
FixedParameters: 0 0 0

#Transform 96
Transform: AffineTransform_float_3_3
Parameters: 0.999997 0.000157975 -0.00235755 -0.000166025 0.999994 -0.00340362 0.00235745 0.00340438 0.999992 0.00407827 0.0856345 0.16751
FixedParameters: 0 0 0

#Transform 97
Transform: AffineTransform_float_3_3
Parameters: 0.999998 -0.000788823 -0.00208581 0.000783178 0.999996 -0.00279164 0.00208719 0.00278936 0.999994 -0.0382635 0.0974827 0.192319
FixedParameters: 0 0 0

#Transform 98
Transform: AffineTransform_float_3_3
Parameters: 0.999998 -0.000189066 -0.00227242 0.000181932 0.999995 -0.00310942 0.00227358 0.00310858 0.999992 -0.0147656 0.0435699 0.139866
FixedParameters: 0 0 0

#Transform 99
Transform: AffineTransform_float_3_3
Parameters: 0.999998 -0.000814285 -0.00210644 0.000804714 0.99999 -0.00440471 0.00211057 0.00440329 0.999988 -0.04445 -0.0187502 0.1437
FixedParameters: 0 0 0

#Transform 100
Transform: AffineTransform_float_3_3
Parameters: 0.999998 -3.8822e-05 -0.00224085 2.91773e-05 0.999991 -0.00438308 0.00224115 0.00438293 0.999988 -0.0261119 0.0385841 0.143873
FixedParameters: 0 0 0

#Transform 101
Transform: AffineTransform_float_3_3
Parameters: 0.999998 -0.000735464 -0.0022082 0.000727537 0.999993 -0.00383162 0.0022108 0.00382939 0.99999 -0.0417676 0.0736996 0.191379
FixedParameters: 0 0 0

#Transform 102
Transform: AffineTransform_float_3_3
Parameters: 0.999997 -0.000442103 -0.00250941 0.000432894 0.999994 -0.0036271 0.00251159 0.0036259 0.999991 -0.031888 0.0472662 0.187907
FixedParameters: 0 0 0

#Transform 103
Transform: AffineTransform_float_3_3
Parameters: 0.999998 -0.000818992 -0.00219567 0.000810008 0.999992 -0.00409279 0.00219933 0.00409121 0.999989 -0.0352599 0.0476726 0.169523
FixedParameters: 0 0 0

#Transform 104
Transform: AffineTransform_float_3_3
Parameters: 0.999996 -0.00128336 -0.00271713 0.00127364 0.999992 -0.00380948 0.00272287 0.00380652 0.999989 -0.0476517 0.00310627 0.170435
FixedParameters: 0 0 0

#Transform 105
Transform: AffineTransform_float_3_3
Parameters: 0.999996 -0.000883466 -0.00265754 0.000872535 0.999992 -0.00393733 0.00266045 0.00393466 0.999988 -0.0398004 0.0507774 0.221684
FixedParameters: 0 0 0

#Transform 106
Transform: AffineTransform_float_3_3
Parameters: 0.999996 -0.00035338 -0.00257947 0.000341618 0.99999 -0.0044109 0.00258153 0.0044101 0.999987 -0.0135081 0.0393053 0.157975
FixedParameters: 0 0 0

#Transform 107
Transform: AffineTransform_float_3_3
Parameters: 0.999998 -0.000405492 -0.00221593 0.000394508 0.999986 -0.00518389 0.00221808 0.00518311 0.999984 -0.0166794 0.0279827 0.152774
FixedParameters: 0 0 0

#Transform 108
Transform: AffineTransform_float_3_3
Parameters: 0.999998 -0.000500815 -0.00194976 0.000492184 0.999989 -0.00451897 0.00195224 0.00451803 0.999988 -0.0205177 0.0105478 0.18361
FixedParameters: 0 0 0

#Transform 109
Transform: AffineTransform_float_3_3
Parameters: 0.999997 -0.000277667 -0.00221693 0.000269331 0.999993 -0.00390961 0.00221807 0.00390839 0.99999 -0.00194626 0.0324234 0.195951
FixedParameters: 0 0 0

#Transform 110
Transform: AffineTransform_float_3_3
Parameters: 0.999998 -0.000607117 -0.00221606 0.000599882 0.999994 -0.00321134 0.00221794 0.00320966 0.999993 -0.00804413 -0.0160439 0.206676
FixedParameters: 0 0 0

#Transform 111
Transform: AffineTransform_float_3_3
Parameters: 0.999997 -0.000468134 -0.00213101 0.000459865 0.99999 -0.00428499 0.00213299 0.00428401 0.999988 -0.0110159 0.00412012 0.203556
FixedParameters: 0 0 0

#Transform 112
Transform: AffineTransform_float_3_3
Parameters: 0.999998 -0.00046624 -0.00205793 0.00045676 0.99999 -0.00448795 0.00206007 0.00448705 0.999988 -0.0133422 -0.0469181 0.145643
FixedParameters: 0 0 0

#Transform 113
Transform: AffineTransform_float_3_3
Parameters: 0.999997 -0.000972436 -0.00221388 0.000963569 0.999991 -0.00425915 0.00221712 0.00425686 0.999989 -0.0222788 -0.0277664 0.179402
FixedParameters: 0 0 0

#Transform 114
Transform: AffineTransform_float_3_3
Parameters: 0.999998 -0.000556495 -0.00221589 0.000548509 0.999993 -0.00383223 0.00221712 0.00383078 0.99999 -0.00906365 0.0552663 0.188713
FixedParameters: 0 0 0

#Transform 115
Transform: AffineTransform_float_3_3
Parameters: 0.999998 0.00014662 -0.00196964 -0.000155376 0.999991 -0.0042547 0.00196836 0.0042553 0.999989 0.00186481 0.10488 0.16161
FixedParameters: 0 0 0

#Transform 116
Transform: AffineTransform_float_3_3
Parameters: 0.999999 2.31164e-05 -0.00181414 -3.18829e-05 0.999988 -0.00489695 0.00181387 0.00489705 0.999987 -0.00957794 0.0266343 0.135591
FixedParameters: 0 0 0

#Transform 117
Transform: AffineTransform_float_3_3
Parameters: 0.999998 -0.000436182 -0.00221402 0.000426819 0.99999 -0.00459696 0.00221599 0.00459605 0.999987 -0.0150159 0.00134207 0.149354
FixedParameters: 0 0 0

#Transform 118
Transform: AffineTransform_float_3_3
Parameters: 0.999997 -0.000385008 -0.00213457 0.00037699 0.999993 -0.00375081 0.00213643 0.00375018 0.99999 -0.00699038 0.0422035 0.22755
FixedParameters: 0 0 0

#Transform 119
Transform: AffineTransform_float_3_3
Parameters: 0.999999 -9.99182e-05 -0.00070087 9.80836e-05 0.999999 -0.00130907 0.000700129 0.00130993 0.999999 0.00582191 0.0152105 0.29762
FixedParameters: 0 0 0
