# transform file /out/sourcedata/freesurfer/sub-v2s0x29029_ses-1/mri/transforms/cc_up.lta
# created by oesteban on Tue Mar 10 10:38:50 2026

type      = 0 # LINEAR_VOX_TO_VOX
nxforms   = 1
mean      = 130.0000 96.0000 118.0000
sigma     = 10000.0000
1 4 4
9.988478422164917e-01 -2.953113988041878e-02 -3.782780468463898e-02 5.154558658599854e+00 
2.950998395681381e-02 9.995639324188232e-01 -1.117585576139390e-03 4.936747741699219e+01 
3.784430772066116e-02 0.000000000000000e+00 9.992836713790894e-01 1.522219276428223e+01 
0.000000000000000e+00 0.000000000000000e+00 0.000000000000000e+00 1.000000000000000e+00 
src volume info
valid = 1  # volume info valid
filename = /out/sourcedata/freesurfer/sub-v2s0x29029_ses-1/mri/norm.mgz
volume = 256 256 256
voxelsize = 1.000000000000000e+00 1.000000000000000e+00 1.000000000000000e+00
xras   = -1.000000000000000e+00 0.000000000000000e+00 0.000000000000000e+00
yras   = 0.000000000000000e+00 0.000000000000000e+00 -1.000000000000000e+00
zras   = 0.000000000000000e+00 1.000000000000000e+00 0.000000000000000e+00
cras   = 4.281745910644531e+00 3.781378173828125e+01 -8.718414306640625e+00
dst volume info
valid = 1  # volume info valid
filename = /out/sourcedata/freesurfer/sub-v2s0x29029_ses-1/mri/norm.mgz
volume = 256 256 256
voxelsize = 1.000000000000000e+00 1.000000000000000e+00 1.000000000000000e+00
xras   = -1.000000000000000e+00 0.000000000000000e+00 0.000000000000000e+00
yras   = 0.000000000000000e+00 0.000000000000000e+00 -1.000000000000000e+00
zras   = 0.000000000000000e+00 1.000000000000000e+00 0.000000000000000e+00
cras   = 4.281745910644531e+00 3.781378173828125e+01 -8.718414306640625e+00
