#Insight Transform File V1.0
#Transform 0
Transform: AffineTransform_float_3_3
Parameters: 0.999923 0.000371232 -0.0124562 -0.000377772 1 -0.000541336 0.0124558 0.000545666 0.999923 0.205938 -0.0101101 0.0430927
FixedParameters: 0 0 0

#Transform 1
Transform: AffineTransform_float_3_3
Parameters: 0.999923 -0.000193775 -0.0124561 0.00019822 1 0.000337557 0.0124559 -0.00034044 0.999923 0.182165 0.0586102 0.022043
FixedParameters: 0 0 0

#Transform 2
Transform: AffineTransform_float_3_3
Parameters: 0.999933 0.00036919 -0.0115058 -0.000361819 0.999999 0.000626204 0.0115062 -0.000622793 0.999933 0.157948 0.0402602 -0.0237709
FixedParameters: 0 0 0

#Transform 3
Transform: AffineTransform_float_3_3
Parameters: 0.999926 0.000497244 -0.0121378 -0.000491756 1 0.000435001 0.0121382 -0.000428996 0.999926 0.1656 0.0660463 -0.0207242
FixedParameters: 0 0 0

#Transform 4
Transform: AffineTransform_float_3_3
Parameters: 0.999932 0.000687651 -0.011635 -0.000688349 1 -2.59928e-05 0.011635 3.40031e-05 0.999933 0.159552 0.0687988 0.022435
FixedParameters: 0 0 0

#Transform 5
Transform: AffineTransform_float_3_3
Parameters: 0.999946 0.000837339 -0.0102906 -0.000833664 0.999999 0.000425601 0.0102913 -0.000417405 0.999947 0.116716 -0.0153822 0.021694
FixedParameters: 0 0 0

#Transform 6
Transform: AffineTransform_float_3_3
Parameters: 0.999941 0.00104609 -0.0108759 -0.0010449 0.999999 0.000106371 0.0108751 -9.46292e-05 0.999941 0.122717 0.0222977 -0.014514
FixedParameters: 0 0 0

#Transform 7
Transform: AffineTransform_float_3_3
Parameters: 0.99994 -0.000296505 -0.010953 0.000295493 1 -0.000139245 0.010953 0.000135761 0.99994 0.0986238 0.00979071 0.0349708
FixedParameters: 0 0 0

#Transform 8
Transform: AffineTransform_float_3_3
Parameters: 0.999948 -0.000369548 -0.0101696 0.000358455 1 -0.0010387 0.0101704 0.0010353 0.999947 0.227262 0.0925671 0.0562124
FixedParameters: 0 0 0

#Transform 9
Transform: AffineTransform_float_3_3
Parameters: 0.999954 -0.00086098 -0.00955673 0.000858017 0.999999 -0.000316214 0.00955627 0.000307786 0.999955 0.197494 0.0295057 0.0609329
FixedParameters: 0 0 0

#Transform 10
Transform: AffineTransform_float_3_3
Parameters: 0.99996 -5.22348e-07 -0.00900601 -5.22348e-07 1 -5.79977e-05 0.00900601 5.79977e-05 0.99996 0.0845071 0.0465972 0.0308515
FixedParameters: 0 0 0

#Transform 11
Transform: AffineTransform_float_3_3
Parameters: 0.999959 -3.76801e-06 -0.009036 2.31824e-07 1 -0.000417019 0.009036 0.000416983 0.999959 0.0418238 -0.0336256 -0.0299283
FixedParameters: 0 0 0

#Transform 12
Transform: AffineTransform_float_3_3
Parameters: 0.999959 0.00042263 -0.00906534 -0.00043037 0.999999 -0.000811131 0.00906465 0.000814864 0.999958 0.0537681 0.0297378 0.0106285
FixedParameters: 0 0 0

#Transform 13
Transform: AffineTransform_float_3_3
Parameters: 0.999963 -0.000130969 -0.00858297 0.00012903 1 -0.000230116 0.00858303 0.000228884 0.999963 0.152417 0.0218904 0.0291516
FixedParameters: 0 0 0

#Transform 14
Transform: AffineTransform_float_3_3
Parameters: 0.999962 7.41074e-06 -0.00877401 -1.25885e-05 1 -0.00052291 0.008774 0.000523085 0.999962 0.15714 0.0266203 0.0204541
FixedParameters: 0 0 0

#Transform 15
Transform: AffineTransform_float_3_3
Parameters: 0.999969 -0.000384963 -0.00783476 0.000380036 0.999999 -0.000634997 0.00783524 0.000632003 0.999969 0.0835947 0.0313061 0.0260236
FixedParameters: 0 0 0

#Transform 16
Transform: AffineTransform_float_3_3
Parameters: 0.999969 -0.000636923 -0.00783509 0.000638077 1 0.000135005 0.00783492 -0.000139995 0.99997 0.0588103 0.000372208 -0.000976805
FixedParameters: 0 0 0

#Transform 17
Transform: AffineTransform_float_3_3
Parameters: 0.999977 0.000203359 -0.00687099 -0.000202645 1 5.23936e-05 0.00687102 -5.1604e-05 0.999977 0.0942382 -0.0134679 0.0172551
FixedParameters: 0 0 0

#Transform 18
Transform: AffineTransform_float_3_3
Parameters: 0.999984 -0.000910147 -0.00547536 0.000887854 0.999992 -0.00404592 0.00547863 0.00404108 0.999977 0.124072 0.0928386 0.0776223
FixedParameters: 0 0 0

#Transform 19
Transform: AffineTransform_float_3_3
Parameters: 0.999987 -0.00166591 -0.00468908 0.00165209 0.999994 -0.00296878 0.00469392 0.00296122 0.999984 0.09174 0.0631244 0.107391
FixedParameters: 0 0 0

#Transform 20
Transform: AffineTransform_float_3_3
Parameters: 0.999988 -0.000534339 -0.00475673 0.000531658 0.999999 -0.000493534 0.00475726 0.000490463 0.999988 0.0651134 0.00636522 0.0483177
FixedParameters: 0 0 0

#Transform 21
Transform: AffineTransform_float_3_3
Parameters: 0.999994 -0.00025944 -0.00347274 0.000256556 0.999999 -0.000991896 0.00347325 0.000990104 0.999993 0.0364211 -0.00272205 0.0845721
FixedParameters: 0 0 0

#Transform 22
Transform: AffineTransform_float_3_3
Parameters: 0.999995 -0.000531506 -0.00331908 0.000531495 1 0.000148237 0.00331992 -0.000149765 0.999994 0.0458189 -0.0112468 -0.0140213
FixedParameters: 0 0 0

#Transform 23
Transform: AffineTransform_float_3_3
Parameters: 0.999996 5.14291e-06 -0.002613 -5.85704e-06 1 -0.000327986 0.002613 0.000328014 0.999996 0.000378233 -0.0184318 0.0169971
FixedParameters: 0 0 0

#Transform 24
Transform: AffineTransform_float_3_3
Parameters: 0.999997 -9.6342e-05 -0.00273395 9.46572e-05 1 -0.000491261 0.00273405 0.000490738 0.999996 0.0285302 -0.0180582 0.0323261
FixedParameters: 0 0 0

#Transform 25
Transform: AffineTransform_float_3_3
Parameters: 0.999997 -0.000358658 -0.0023529 0.000357343 1 -0.000279842 0.0023531 0.000279157 0.999997 0.0454701 0.0246942 0.0427267
FixedParameters: 0 0 0

#Transform 26
Transform: AffineTransform_float_3_3
Parameters: 0.999997 1.20613e-05 -0.002454 -1.29386e-05 1 2.50318e-05 0.002454 -2.49705e-05 0.999997 0.0237624 0.0163321 0.0495882
FixedParameters: 0 0 0

#Transform 27
Transform: AffineTransform_float_3_3
Parameters: 0.999998 9.42121e-06 -0.00204199 -7.57875e-06 1 0.000696017 0.002042 -0.000695982 0.999997 -0.0733982 0.0114744 -0.0150716
FixedParameters: 0 0 0

#Transform 28
Transform: AffineTransform_float_3_3
Parameters: 0.999998 0.000427729 -0.00218586 -0.000427271 1 0.000333935 0.00218614 -0.000333066 0.999997 -0.0120199 0.00772222 -0.00964373
FixedParameters: 0 0 0

#Transform 29
Transform: AffineTransform_float_3_3
Parameters: 1 7.34782e-06 -0.00119699 -5.65217e-06 1 0.00112601 0.00119701 -0.00112599 0.999998 -0.0240497 -0.00109005 -0.0497382
FixedParameters: 0 0 0

#Transform 30
Transform: AffineTransform_float_3_3
Parameters: 0.999999 0.000155113 -0.000882979 -0.000155887 1 0.000128138 0.000883019 -0.000127863 0.999999 -0.0870762 0.0228036 0.0730811
FixedParameters: 0 0 0

#Transform 31
Transform: AffineTransform_float_3_3
Parameters: 1 0.00061238 -0.000934751 -0.000612619 0.999999 0.000407573 0.000935249 -0.000406427 0.999999 0.00935093 0.00519509 -0.0825771
FixedParameters: 0 0 0

#Transform 32
Transform: AffineTransform_float_3_3
Parameters: 1 0.000658095 -0.000882929 -0.000657905 1 0.000107581 0.000883071 -0.000107419 0.999999 -0.0626428 0.0107438 -0.0810149
FixedParameters: 0 0 0

#Transform 33
Transform: AffineTransform_float_3_3
Parameters: 1 0.000437186 -0.00054085 -0.000436814 1 0.000343236 0.00054115 -0.000343763 1 -0.0598353 -0.0114104 -0.0924137
FixedParameters: 0 0 0

#Transform 34
Transform: AffineTransform_float_3_3
Parameters: 1 0.000341765 -0.00057114 -0.000342234 1 -0.000410804 0.000570859 0.000411195 1 -0.0594647 0.000453736 -0.0615562
FixedParameters: 0 0 0

#Transform 35
Transform: AffineTransform_float_3_3
Parameters: 1 0.000300923 -0.00056904 -0.000301077 1 -0.000134829 0.000568959 0.000135171 1 -0.0478269 -0.0191733 -0.0675918
FixedParameters: 0 0 0

#Transform 36
Transform: AffineTransform_float_3_3
Parameters: 1 0.000154848 -0.000422056 -0.000155151 1 -0.000358934 0.000421944 0.000359065 1 -0.0361478 0.00783094 -0.0636336
FixedParameters: 0 0 0

#Transform 37
Transform: AffineTransform_float_3_3
Parameters: 0.999999 0.00079197 -0.000218108 -0.000792029 0.999999 -0.000135827 0.000217892 0.000136173 1 0.0133211 -0.0223334 -0.0881007
FixedParameters: 0 0 0

#Transform 38
Transform: AffineTransform_float_3_3
Parameters: 1 0.000457003 -0.000207993 -0.000456997 1 1.60951e-05 0.000208007 -1.59049e-05 1 -0.0369179 -0.00842955 -0.124359
FixedParameters: 0 0 0

#Transform 39
Transform: AffineTransform_float_3_3
Parameters: 1 0.000597791 0.000352354 -0.000598208 0.999999 0.000592789 -0.000351645 -0.00059321 1 -0.0339117 -0.0354396 -0.16965
FixedParameters: 0 0 0

#Transform 40
Transform: AffineTransform_float_3_3
Parameters: 1 0.000548938 0.000352096 -0.000549062 1 0.000175807 -0.000351903 -0.000176193 1 -0.0408972 -0.0268622 -0.149514
FixedParameters: 0 0 0

#Transform 41
Transform: AffineTransform_float_3_3
Parameters: 1 0.000155077 0.000351966 -0.000155923 1 -0.000220055 -0.000352034 0.000219945 1 -0.0407218 -0.0209849 -0.164506
FixedParameters: 0 0 0

#Transform 42
Transform: AffineTransform_float_3_3
Parameters: 1 0.000901283 0.000447432 -0.000900718 1 -0.000630403 -0.000448567 0.000629596 0.999999 -0.0167035 -0.013335 -0.157571
FixedParameters: 0 0 0

#Transform 43
Transform: AffineTransform_float_3_3
Parameters: 1 0.000864113 0.000351724 -0.000863888 0.999999 -0.000319304 -0.000352276 0.000319696 1 -0.00561508 -0.0439194 -0.18983
FixedParameters: 0 0 0

#Transform 44
Transform: AffineTransform_float_3_3
Parameters: 0.999999 0.000605311 0.000425557 -0.000604689 0.999999 -0.000731257 -0.000425442 0.000731742 0.999999 -0.0297378 0.015277 -0.181122
FixedParameters: 0 0 0

#Transform 45
Transform: AffineTransform_float_3_3
Parameters: 0.999997 0.000876935 0.00236981 -0.000871068 0.999997 -0.00250407 -0.00237119 0.00250193 0.999994 -0.0692275 0.0221033 -0.149622
FixedParameters: 0 0 0

#Transform 46
Transform: AffineTransform_float_3_3
Parameters: 0.999997 0.00203962 0.00173492 -0.00203139 0.999985 -0.00495254 -0.00174508 0.00494946 0.999986 -0.049877 0.0346486 -0.145872
FixedParameters: 0 0 0

#Transform 47
Transform: AffineTransform_float_3_3
Parameters: 0.999999 0.00104961 0.000814932 -0.00104739 0.999998 -0.00197186 -0.000817066 0.00197114 0.999997 -0.0375612 0.0462049 -0.279273
FixedParameters: 0 0 0

#Transform 48
Transform: AffineTransform_float_3_3
Parameters: 0.999999 0.00104908 0.000815615 -0.00104792 0.999998 -0.00132086 -0.000816384 0.00132014 0.999999 -0.0383373 0.0244019 -0.23423
FixedParameters: 0 0 0

#Transform 49
Transform: AffineTransform_float_3_3
Parameters: 1 0.000597104 0.000816194 -0.000595896 0.999999 -0.00135249 -0.000816806 0.00135151 0.999999 -0.0293719 0.0102347 -0.252102
FixedParameters: 0 0 0

#Transform 50
Transform: AffineTransform_float_3_3
Parameters: 0.999999 0.00114611 0.000816852 -0.0011459 1 -0.000128936 -0.000817147 0.000128064 0.999999 -0.0173235 -0.0281609 -0.302131
FixedParameters: 0 0 0

#Transform 51
Transform: AffineTransform_float_3_3
Parameters: 0.999998 0.00144661 0.000815917 -0.00144539 0.999998 -0.00074918 -0.000817082 0.000747819 1 -0.0401107 -0.0288063 -0.314921
FixedParameters: 0 0 0

#Transform 52
Transform: AffineTransform_float_3_3
Parameters: 0.999999 0.00103739 0.000816502 -0.00103661 1 -0.000479847 -0.000816497 0.000479153 0.999999 -0.0553066 -0.0518955 -0.324541
FixedParameters: 0 0 0

#Transform 53
Transform: AffineTransform_float_3_3
Parameters: 0.999998 0.00141923 0.000814869 -0.00141777 0.999998 -0.00150216 -0.00081713 0.00150184 0.999998 -0.0652027 0.0187268 -0.357284
FixedParameters: 0 0 0

#Transform 54
Transform: AffineTransform_float_3_3
Parameters: 0.999999 0.00172939 0.000290696 -0.00172961 0.999997 -0.0013325 -0.000293306 0.00133249 0.999999 -0.0294272 0.0140124 -0.354305
FixedParameters: 0 0 0

#Transform 55
Transform: AffineTransform_float_3_3
Parameters: 0.999999 0.00131284 0.000720466 -0.00131216 0.999999 -0.00116895 -0.000721534 0.00116805 0.999999 -0.0233798 0.0210982 -0.386866
FixedParameters: 0 0 0

#Transform 56
Transform: AffineTransform_float_3_3
Parameters: 0.999999 0.0014444 0.000592018 -0.0014446 0.999998 -0.000679856 -0.000592981 0.000679144 0.999999 -0.0405715 -0.0184824 -0.382578
FixedParameters: 0 0 0

#Transform 57
Transform: AffineTransform_float_3_3
Parameters: 0.999996 0.00173132 0.00192191 -0.00172968 0.999998 -0.00120933 -0.00192409 0.00120567 0.999998 -0.0203928 -0.0392974 -0.440628
FixedParameters: 0 0 0

#Transform 58
Transform: AffineTransform_float_3_3
Parameters: 0.999996 0.00215956 0.00176766 -0.00215544 0.999995 -0.00201182 -0.00177234 0.00200818 0.999996 -0.031106 -0.0532419 -0.476507
FixedParameters: 0 0 0

#Transform 59
Transform: AffineTransform_float_3_3
Parameters: 0.999998 0.0020245 0.00111227 -0.0020225 0.999997 -0.00135025 -0.00111473 0.00134775 0.999998 -0.00865013 -0.0192414 -0.550676
FixedParameters: 0 0 0

#Transform 60
Transform: AffineTransform_float_3_3
Parameters: 0.999996 0.00148671 0.00219516 -0.00148328 0.999998 -0.00123726 -0.00219783 0.00123374 0.999997 -0.0409704 -0.0385193 -0.431055
FixedParameters: 0 0 0

#Transform 61
Transform: AffineTransform_float_3_3
Parameters: 0.999997 0.00156826 0.00191415 -0.00156574 0.999998 -0.001183 -0.00191585 0.00118 0.999997 -0.00196538 0.00761926 -0.458802
FixedParameters: 0 0 0

#Transform 62
Transform: AffineTransform_float_3_3
Parameters: 0.999998 0.000221145 0.00189287 -0.000219855 1 -0.000605417 -0.00189213 0.000604583 0.999998 -0.0230989 0.0366958 -0.451132
FixedParameters: 0 0 0

#Transform 63
Transform: AffineTransform_float_3_3
Parameters: 0.999998 0.000572053 0.0015106 -0.000570945 0.999999 -0.000698863 -0.0015104 0.000697136 0.999998 -0.045213 0.00847807 -0.504426
FixedParameters: 0 0 0

#Transform 64
Transform: AffineTransform_float_3_3
Parameters: 0.999999 0.00162049 0.000769963 -0.00161951 0.999998 -0.000641248 -0.000771038 0.000639752 1 -0.0107258 8.51213e-05 -0.577859
FixedParameters: 0 0 0

#Transform 65
Transform: AffineTransform_float_3_3
Parameters: 0.999998 0.00149864 0.000682601 -0.00149736 0.999999 -0.000934024 -0.000684398 0.000932976 1 0.0013796 -0.00946945 -0.601985
FixedParameters: 0 0 0

#Transform 66
Transform: AffineTransform_float_3_3
Parameters: 0.999998 0.00144231 0.00139761 -0.00143969 0.999997 -0.00165601 -0.00139938 0.00165398 0.999997 -0.00744822 0.0198573 -0.542585
FixedParameters: 0 0 0

#Transform 67
Transform: AffineTransform_float_3_3
Parameters: 0.999998 0.00162379 0.00118756 -0.00162221 0.999997 -0.00150693 -0.00118944 0.00150407 0.999998 -0.0289851 -0.0100528 -0.602344
FixedParameters: 0 0 0

#Transform 68
Transform: AffineTransform_float_3_3
Parameters: 0.999998 0.001186 0.00115194 -0.00118399 0.999998 -0.00173937 -0.00115406 0.00173763 0.999998 -0.0106718 0.00829601 -0.598867
FixedParameters: 0 0 0

#Transform 69
Transform: AffineTransform_float_3_3
Parameters: 0.999999 0.000934573 0.00107677 -0.000932426 0.999996 -0.002388 -0.00107923 0.00238699 0.999996 0.00765905 0.0155377 -0.614971
FixedParameters: 0 0 0

#Transform 70
Transform: AffineTransform_float_3_3
Parameters: 0.999998 0.000899203 0.00146804 -0.000895796 0.999997 -0.00218132 -0.00146996 0.00217968 0.999996 -0.0125462 -0.00833966 -0.636841
FixedParameters: 0 0 0

#Transform 71
Transform: AffineTransform_float_3_3
Parameters: 0.999997 0.00197994 0.000790149 -0.00197806 0.999995 -0.00245157 -0.000794851 0.00245043 0.999996 -0.0365831 -0.0288038 -0.68315
FixedParameters: 0 0 0

#Transform 72
Transform: AffineTransform_float_3_3
Parameters: 0.999999 0.000940135 0.00152785 -0.000935868 0.999994 -0.00335844 -0.00153015 0.00335657 0.999993 -0.013457 -0.0164423 -0.642974
FixedParameters: 0 0 0

#Transform 73
Transform: AffineTransform_float_3_3
Parameters: 0.999998 0.0015419 0.00126748 -0.0015381 0.999996 -0.00228696 -0.00127052 0.00228505 0.999997 0.0346396 -0.0330289 -0.689546
FixedParameters: 0 0 0

#Transform 74
Transform: AffineTransform_float_3_3
Parameters: 0.999999 0.000847359 0.00121235 -0.000844641 0.999998 -0.00194503 -0.00121365 0.00194397 0.999998 -0.0472974 0.0891117 -0.698808
FixedParameters: 0 0 0

#Transform 75
Transform: AffineTransform_float_3_3
Parameters: 0.999997 0.00138967 0.00168197 -0.00138633 0.999996 -0.00218134 -0.00168503 0.00217866 0.999996 -0.00403556 0.0770946 -0.721164
FixedParameters: 0 0 0

#Transform 76
Transform: AffineTransform_float_3_3
Parameters: 0.999996 0.00167652 0.00236021 -0.00167447 0.999998 -0.00107096 -0.00236279 0.00106704 0.999996 -0.0307244 0.028832 -0.82068
FixedParameters: 0 0 0

#Transform 77
Transform: AffineTransform_float_3_3
Parameters: 0.999996 0.000412095 0.00280126 -0.000406906 0.999999 -0.00181915 -0.00280175 0.00181785 0.999995 -0.0196918 0.0083895 -0.845159
FixedParameters: 0 0 0

#Transform 78
Transform: AffineTransform_float_3_3
Parameters: 0.999994 0.000327653 0.00325804 -0.000317346 0.999995 -0.00296305 -0.00325895 0.00296195 0.999991 -0.00374031 0.0884739 -0.735775
FixedParameters: 0 0 0

#Transform 79
Transform: AffineTransform_float_3_3
Parameters: 0.999992 0.00170996 0.00355919 -0.00170204 0.999996 -0.00223908 -0.00356282 0.00223293 0.999991 -0.0387878 0.047586 -0.799506
FixedParameters: 0 0 0

#Transform 80
Transform: AffineTransform_float_3_3
Parameters: 0.999994 0.00181804 0.00299434 -0.00181196 0.999997 -0.00201844 -0.00299766 0.00201256 0.999993 -0.0756647 0.0223239 -0.883717
FixedParameters: 0 0 0

#Transform 81
Transform: AffineTransform_float_3_3
Parameters: 0.99999 0.00197856 0.0038311 -0.00197044 0.999996 -0.00197657 -0.00383489 0.00196943 0.99999 -0.0330335 0.00333259 -0.907559
FixedParameters: 0 0 0

#Transform 82
Transform: AffineTransform_float_3_3
Parameters: 0.999988 0.000922635 0.00484755 -0.000914362 0.999999 -0.00157745 -0.00484945 0.00157255 0.999987 -0.104278 0.00933028 -0.861972
FixedParameters: 0 0 0

#Transform 83
Transform: AffineTransform_float_3_3
Parameters: 0.999989 -2.8453e-05 0.00458205 3.65462e-05 0.999998 -0.00164685 -0.00458194 0.00164715 0.999988 -0.105882 0.0376207 -0.915489
FixedParameters: 0 0 0

#Transform 84
Transform: AffineTransform_float_3_3
Parameters: 0.999984 0.00103355 0.00552671 -0.00103145 1 -0.000282705 -0.00552729 0.000277292 0.999984 0.00205105 -0.126661 -1.05922
FixedParameters: 0 0 0

#Transform 85
Transform: AffineTransform_float_3_3
Parameters: 0.999983 -0.000188015 0.00593716 0.000192984 0.999999 -0.000838869 -0.00593684 0.000840131 0.999982 -0.00363724 -0.12818 -1.08366
FixedParameters: 0 0 0

#Transform 86
Transform: AffineTransform_float_3_3
Parameters: 0.999981 3.54077e-05 0.00618795 -2.55972e-05 0.999998 -0.00168119 -0.00618805 0.00168181 0.99998 -0.102036 -0.0527347 -1.05801
FixedParameters: 0 0 0

#Transform 87
Transform: AffineTransform_float_3_3
Parameters: 0.999977 0.00162798 0.0066083 -0.00161702 0.999998 -0.00166672 -0.00661169 0.00165627 0.999977 -0.0951742 -0.0752233 -1.14438
FixedParameters: 0 0 0

#Transform 88
Transform: AffineTransform_float_3_3
Parameters: 0.99998 0.000718164 0.00640087 -0.00070884 0.999998 -0.00158957 -0.00640114 0.00158544 0.999979 -0.102935 -0.0646191 -1.14783
FixedParameters: 0 0 0

#Transform 89
Transform: AffineTransform_float_3_3
Parameters: 0.999976 0.000632378 0.00698271 -0.000617619 0.999997 -0.00206136 -0.00698429 0.00205663 0.999973 -0.151754 -0.011331 -1.16352
FixedParameters: 0 0 0

#Transform 90
Transform: AffineTransform_float_3_3
Parameters: 0.999972 0.000192324 0.00745869 -0.00017968 0.999998 -0.00165239 -0.00745931 0.00165161 0.999971 -0.223134 -0.0964914 -1.1919
FixedParameters: 0 0 0

#Transform 91
Transform: AffineTransform_float_3_3
Parameters: 0.999973 0.00132796 0.00725428 -0.00131304 0.999997 -0.00206658 -0.00725672 0.00205642 0.999972 -0.19143 0.0163614 -1.1315
FixedParameters: 0 0 0

#Transform 92
Transform: AffineTransform_float_3_3
Parameters: 0.999974 0.000857718 0.00706335 -0.000844281 0.999998 -0.00194501 -0.00706465 0.00193899 0.999973 -0.147263 -0.0377797 -1.13473
FixedParameters: 0 0 0

#Transform 93
Transform: AffineTransform_float_3_3
Parameters: 0.999976 0.00148292 0.00674896 -0.00146908 0.999997 -0.00206696 -0.00675205 0.00205704 0.999975 -0.114763 -0.0578879 -1.13592
FixedParameters: 0 0 0

#Transform 94
Transform: AffineTransform_float_3_3
Parameters: 0.999973 0.00157448 0.00714726 -0.00156152 0.999997 -0.00175121 -0.00714974 0.00173979 0.999973 -0.16374 -0.057211 -1.14595
FixedParameters: 0 0 0

#Transform 95
Transform: AffineTransform_float_3_3
Parameters: 0.999972 0.00150056 0.00742127 -0.00148644 0.999997 -0.00183208 -0.00742373 0.00182091 0.999971 -0.169704 -0.0748767 -1.09745
FixedParameters: 0 0 0

#Transform 96
Transform: AffineTransform_float_3_3
Parameters: 0.999971 0.00144775 0.00749855 -0.00143425 0.999998 -0.00170481 -0.00750145 0.00169419 0.999971 -0.198527 -0.102602 -1.134
FixedParameters: 0 0 0

#Transform 97
Transform: AffineTransform_float_3_3
Parameters: 0.999973 0.00140565 0.00712171 -0.00139335 0.999997 -0.00164097 -0.00712429 0.00163103 0.999974 -0.175858 -0.0672902 -1.15458
FixedParameters: 0 0 0

#Transform 98
Transform: AffineTransform_float_3_3
Parameters: 0.999974 0.00116968 0.0071411 -0.00115732 0.999998 -0.00163931 -0.0071429 0.00163069 0.999973 -0.153805 -0.0949755 -1.1292
FixedParameters: 0 0 0

#Transform 99
Transform: AffineTransform_float_3_3
Parameters: 0.999968 0.00132715 0.0079143 -0.00131685 0.999999 -0.00128746 -0.00791569 0.00127754 0.999968 -0.163211 -0.122668 -1.14559
FixedParameters: 0 0 0

#Transform 100
Transform: AffineTransform_float_3_3
Parameters: 0.999967 0.00135337 0.00799492 -0.00134063 0.999998 -0.00155177 -0.00799708 0.00154123 0.999967 -0.233658 -0.098986 -1.18447
FixedParameters: 0 0 0

#Transform 101
Transform: AffineTransform_float_3_3
Parameters: 0.99996 0.00298557 0.00849485 -0.00296743 0.999994 -0.00208029 -0.00850015 0.00205471 0.999962 -0.280083 -0.0873305 -1.15757
FixedParameters: 0 0 0

#Transform 102
Transform: AffineTransform_float_3_3
Parameters: 0.999962 0.0015144 0.00855794 -0.0014966 0.999997 -0.00203889 -0.00856106 0.00202611 0.999962 -0.242995 -0.047166 -1.11249
FixedParameters: 0 0 0

#Transform 103
Transform: AffineTransform_float_3_3
Parameters: 0.999968 0.00115902 0.00783335 -0.00114098 0.999996 -0.00230501 -0.00783564 0.00229599 0.999966 -0.233099 -0.0394336 -1.08922
FixedParameters: 0 0 0

#Transform 104
Transform: AffineTransform_float_3_3
Parameters: 0.999903 0.0095932 0.0100371 -0.00956479 0.99995 -0.00285428 -0.0100639 0.00275772 0.999945 -0.357214 -0.103699 -1.17654
FixedParameters: 0 0 0

#Transform 105
Transform: AffineTransform_float_3_3
Parameters: 0.999923 0.00821913 0.00921687 -0.00819186 0.999962 -0.00297773 -0.00924112 0.00290227 0.999953 -0.325608 -0.0536009 -1.15633
FixedParameters: 0 0 0

#Transform 106
Transform: AffineTransform_float_3_3
Parameters: 0.999967 0.00205998 0.00780249 -0.00203902 0.999995 -0.002696 -0.0078085 0.00268 0.999966 -0.160412 0.0205417 -1.07657
FixedParameters: 0 0 0

#Transform 107
Transform: AffineTransform_float_3_3
Parameters: 0.999923 0.00684125 0.0103547 -0.00681174 0.999972 -0.00285775 -0.0103743 0.00278724 0.999943 -0.347788 0.00696895 -1.16243
FixedParameters: 0 0 0

#Transform 108
Transform: AffineTransform_float_3_3
Parameters: 0.999913 0.00806138 0.0104535 -0.00803661 0.999964 -0.00246823 -0.0104725 0.00238378 0.999943 -0.42637 0.00956201 -1.19187
FixedParameters: 0 0 0

#Transform 109
Transform: AffineTransform_float_3_3
Parameters: 0.999933 0.00565624 0.0100296 -0.00562776 0.99998 -0.00294064 -0.0100464 0.00288437 0.999946 -0.360627 0.0158057 -1.14315
FixedParameters: 0 0 0

#Transform 110
Transform: AffineTransform_float_3_3
Parameters: 0.999973 0.000579912 0.0072315 -0.000561093 0.999997 -0.00261613 -0.00723349 0.00261287 0.99997 -0.160986 -0.0275579 -1.10792
FixedParameters: 0 0 0

#Transform 111
Transform: AffineTransform_float_3_3
Parameters: 0.999984 -0.00225143 0.0052921 0.00225457 0.999998 -0.000480077 -0.00529091 0.00049192 0.999986 0.187434 -0.0819984 1.54251
FixedParameters: 0 0 0

#Transform 112
Transform: AffineTransform_float_3_3
Parameters: 0.999974 0.00218733 0.00689953 -0.00217067 0.999995 -0.00251804 -0.00690547 0.00250296 0.999973 -0.1033 0.103881 -1.07362
FixedParameters: 0 0 0

#Transform 113
Transform: AffineTransform_float_3_3
Parameters: 0.999975 0.00122236 0.0070587 -0.00120864 0.999998 -0.00189658 -0.0070613 0.00188842 0.999974 -0.222673 -0.0494234 -1.12585
FixedParameters: 0 0 0

#Transform 114
Transform: AffineTransform_float_3_3
Parameters: 0.999964 0.00315235 0.00796273 -0.00313865 0.999993 -0.00168805 -0.00796827 0.00166294 0.999967 -0.267266 -0.0617418 -1.15697
FixedParameters: 0 0 0

#Transform 115
Transform: AffineTransform_float_3_3
Parameters: 0.999971 0.00176615 0.00748451 -0.00174685 0.999995 -0.00256415 -0.00748949 0.00255085 0.999968 -0.180949 -0.0361711 -1.11356
FixedParameters: 0 0 0

#Transform 116
Transform: AffineTransform_float_3_3
Parameters: 0.999967 0.00224374 0.00787913 -0.00222226 0.999994 -0.0026396 -0.00788488 0.0026224 0.999966 -0.176487 -0.0590753 -1.11071
FixedParameters: 0 0 0

#Transform 117
Transform: AffineTransform_float_3_3
Parameters: 0.999972 0.00172242 0.00726743 -0.00170258 0.999995 -0.00267745 -0.00727258 0.00266555 0.99997 -0.168243 0.0284958 -1.09164
FixedParameters: 0 0 0

#Transform 118
Transform: AffineTransform_float_3_3
Parameters: 0.999956 0.00428736 0.00831952 -0.00426565 0.999988 -0.00270261 -0.00833048 0.0026674 0.999961 -0.13776 0.0189188 -1.111
FixedParameters: 0 0 0

#Transform 119
Transform: AffineTransform_float_3_3
Parameters: 0.999188 0.0103538 0.0389215 -0.0101162 0.999929 -0.00630085 -0.0389845 0.00590215 0.999223 -0.338596 -0.0233969 0.0261965
FixedParameters: 0 0 0
