# transform file /out/sourcedata/freesurfer/sub-v2s0x29015_ses-1/mri/transforms/cc_up.lta
# created by oesteban on Tue Mar 10 09:19:00 2026

type      = 0 # LINEAR_VOX_TO_VOX
nxforms   = 1
mean      = 129.0000 112.0000 120.0000
sigma     = 10000.0000
1 4 4
9.912918806076050e-01 8.998110890388489e-02 9.614396840333939e-02 -2.164834594726562e+01 
-8.956085145473480e-02 9.959434270858765e-01 -8.686377666890621e-03 5.307159805297852e+01 
-9.653557091951370e-02 0.000000000000000e+00 9.953294992446899e-01 3.319802093505859e+01 
0.000000000000000e+00 0.000000000000000e+00 0.000000000000000e+00 1.000000000000000e+00 
src volume info
valid = 1  # volume info valid
filename = /out/sourcedata/freesurfer/sub-v2s0x29015_ses-1/mri/norm.mgz
volume = 256 256 256
voxelsize = 1.000000000000000e+00 1.000000000000000e+00 1.000000000000000e+00
xras   = -1.000000000000000e+00 0.000000000000000e+00 0.000000000000000e+00
yras   = 0.000000000000000e+00 0.000000000000000e+00 -1.000000000000000e+00
zras   = 0.000000000000000e+00 1.000000000000000e+00 0.000000000000000e+00
cras   = -5.914901733398438e+00 2.681933593750000e+01 -1.203034973144531e+01
dst volume info
valid = 1  # volume info valid
filename = /out/sourcedata/freesurfer/sub-v2s0x29015_ses-1/mri/norm.mgz
volume = 256 256 256
voxelsize = 1.000000000000000e+00 1.000000000000000e+00 1.000000000000000e+00
xras   = -1.000000000000000e+00 0.000000000000000e+00 0.000000000000000e+00
yras   = 0.000000000000000e+00 0.000000000000000e+00 -1.000000000000000e+00
zras   = 0.000000000000000e+00 1.000000000000000e+00 0.000000000000000e+00
cras   = -5.914901733398438e+00 2.681933593750000e+01 -1.203034973144531e+01
