# transform file /out/sourcedata/freesurfer/sub-v2s0x29051_ses-1/mri/transforms/cc_up.lta
# created by oesteban on Tue Mar 10 14:32:32 2026

type      = 0 # LINEAR_VOX_TO_VOX
nxforms   = 1
mean      = 129.0000 99.0000 116.0000
sigma     = 10000.0000
1 4 4
9.966701269149780e-01 -3.372607380151749e-02 -7.423753291368484e-02 1.170606899261475e+01 
3.363290429115295e-02 9.994310736656189e-01 -2.505165524780750e-03 4.399634552001953e+01 
7.427979260683060e-02 -2.328306436538696e-10 9.972374439239502e-01 8.752515792846680e+00 
0.000000000000000e+00 0.000000000000000e+00 0.000000000000000e+00 1.000000000000000e+00 
src volume info
valid = 1  # volume info valid
filename = /out/sourcedata/freesurfer/sub-v2s0x29051_ses-1/mri/norm.mgz
volume = 256 256 256
voxelsize = 1.000000000000000e+00 1.000000000000000e+00 1.000000000000000e+00
xras   = -1.000000000000000e+00 0.000000000000000e+00 0.000000000000000e+00
yras   = 0.000000000000000e+00 0.000000000000000e+00 -1.000000000000000e+00
zras   = 0.000000000000000e+00 1.000000000000000e+00 0.000000000000000e+00
cras   = 5.283714294433594e+00 3.831475830078125e+01 -1.022138977050781e+01
dst volume info
valid = 1  # volume info valid
filename = /out/sourcedata/freesurfer/sub-v2s0x29051_ses-1/mri/norm.mgz
volume = 256 256 256
voxelsize = 1.000000000000000e+00 1.000000000000000e+00 1.000000000000000e+00
xras   = -1.000000000000000e+00 0.000000000000000e+00 0.000000000000000e+00
yras   = 0.000000000000000e+00 0.000000000000000e+00 -1.000000000000000e+00
zras   = 0.000000000000000e+00 1.000000000000000e+00 0.000000000000000e+00
cras   = 5.283714294433594e+00 3.831475830078125e+01 -1.022138977050781e+01
