# transform file /out/sourcedata/freesurfer/sub-v2s0x29034_ses-1/mri/transforms/cc_up.lta
# created by oesteban on Tue Mar 10 11:13:10 2026

type      = 0 # LINEAR_VOX_TO_VOX
nxforms   = 1
mean      = 125.0000 139.0000 114.0000
sigma     = 10000.0000
1 4 4
9.995477199554443e-01 4.478602204471827e-03 2.973800711333752e-02 -7.024057209491730e-02 
-4.476621281355619e-03 9.999899864196777e-01 -1.331860403297469e-04 6.572356224060059e+00 
-2.973830513656139e-02 1.455191522836685e-11 9.995577335357666e-01 2.474671173095703e+01 
0.000000000000000e+00 0.000000000000000e+00 0.000000000000000e+00 1.000000000000000e+00 
src volume info
valid = 1  # volume info valid
filename = /out/sourcedata/freesurfer/sub-v2s0x29034_ses-1/mri/norm.mgz
volume = 256 256 256
voxelsize = 1.000000000000000e+00 1.000000000000000e+00 1.000000000000000e+00
xras   = -1.000000000000000e+00 0.000000000000000e+00 0.000000000000000e+00
yras   = 0.000000000000000e+00 0.000000000000000e+00 -1.000000000000000e+00
zras   = 0.000000000000000e+00 1.000000000000000e+00 0.000000000000000e+00
cras   = 7.740631103515625e-01 3.130073547363281e+01 6.392691802978516e+01
dst volume info
valid = 1  # volume info valid
filename = /out/sourcedata/freesurfer/sub-v2s0x29034_ses-1/mri/norm.mgz
volume = 256 256 256
voxelsize = 1.000000000000000e+00 1.000000000000000e+00 1.000000000000000e+00
xras   = -1.000000000000000e+00 0.000000000000000e+00 0.000000000000000e+00
yras   = 0.000000000000000e+00 0.000000000000000e+00 -1.000000000000000e+00
zras   = 0.000000000000000e+00 1.000000000000000e+00 0.000000000000000e+00
cras   = 7.740631103515625e-01 3.130073547363281e+01 6.392691802978516e+01
