# transform file /out/sourcedata/freesurfer/sub-v2s0x29024_ses-1/mri/transforms/cc_up.lta
# created by oesteban on Tue Mar 10 10:26:48 2026

type      = 0 # LINEAR_VOX_TO_VOX
nxforms   = 1
mean      = 128.0000 95.0000 111.0000
sigma     = 10000.0000
1 4 4
9.982541799545288e-01 2.790625952184200e-02 -5.205610767006874e-02 4.932797908782959e+00 
-2.786839380860329e-02 9.996105432510376e-01 1.453257165849209e-03 5.140451812744141e+01 
5.207638815045357e-02 1.164153218269348e-10 9.986431002616882e-01 2.656728172302246e+01 
0.000000000000000e+00 0.000000000000000e+00 0.000000000000000e+00 1.000000000000000e+00 
src volume info
valid = 1  # volume info valid
filename = /out/sourcedata/freesurfer/sub-v2s0x29024_ses-1/mri/norm.mgz
volume = 256 256 256
voxelsize = 1.000000000000000e+00 1.000000000000000e+00 1.000000000000000e+00
xras   = -1.000000000000000e+00 0.000000000000000e+00 0.000000000000000e+00
yras   = 0.000000000000000e+00 0.000000000000000e+00 -1.000000000000000e+00
zras   = 0.000000000000000e+00 1.000000000000000e+00 0.000000000000000e+00
cras   = 7.740631103515625e-01 4.283987426757812e+01 -6.524856567382812e+00
dst volume info
valid = 1  # volume info valid
filename = /out/sourcedata/freesurfer/sub-v2s0x29024_ses-1/mri/norm.mgz
volume = 256 256 256
voxelsize = 1.000000000000000e+00 1.000000000000000e+00 1.000000000000000e+00
xras   = -1.000000000000000e+00 0.000000000000000e+00 0.000000000000000e+00
yras   = 0.000000000000000e+00 0.000000000000000e+00 -1.000000000000000e+00
zras   = 0.000000000000000e+00 1.000000000000000e+00 0.000000000000000e+00
cras   = 7.740631103515625e-01 4.283987426757812e+01 -6.524856567382812e+00
