# transform file /out/sourcedata/freesurfer/sub-v2s0x29012_ses-1/mri/transforms/cc_up.lta
# created by oesteban on Tue Mar 10 09:55:03 2026

type      = 0 # LINEAR_VOX_TO_VOX
nxforms   = 1
mean      = 131.0000 104.0000 123.0000
sigma     = 10000.0000
1 4 4
9.900559186935425e-01 -1.305379122495651e-01 -5.243024602532387e-02 1.868586349487305e+01 
1.303552538156509e-01 9.914431571960449e-01 -6.903204135596752e-03 2.686498069763184e+01 
5.288274586200714e-02 4.656612317965880e-10 9.986006617546082e-01 3.396122455596924e+00 
0.000000000000000e+00 0.000000000000000e+00 0.000000000000000e+00 1.000000000000000e+00 
src volume info
valid = 1  # volume info valid
filename = /out/sourcedata/freesurfer/sub-v2s0x29012_ses-1/mri/norm.mgz
volume = 256 256 256
voxelsize = 1.000000000000000e+00 1.000000000000000e+00 1.000000000000000e+00
xras   = -1.000000000000000e+00 0.000000000000000e+00 0.000000000000000e+00
yras   = 0.000000000000000e+00 0.000000000000000e+00 -1.000000000000000e+00
zras   = 0.000000000000000e+00 1.000000000000000e+00 0.000000000000000e+00
cras   = 7.045631408691406e+00 2.372029113769531e+01 -8.022338867187500e+00
dst volume info
valid = 1  # volume info valid
filename = /out/sourcedata/freesurfer/sub-v2s0x29012_ses-1/mri/norm.mgz
volume = 256 256 256
voxelsize = 1.000000000000000e+00 1.000000000000000e+00 1.000000000000000e+00
xras   = -1.000000000000000e+00 0.000000000000000e+00 0.000000000000000e+00
yras   = 0.000000000000000e+00 0.000000000000000e+00 -1.000000000000000e+00
zras   = 0.000000000000000e+00 1.000000000000000e+00 0.000000000000000e+00
cras   = 7.045631408691406e+00 2.372029113769531e+01 -8.022338867187500e+00
