# transform file /out/sourcedata/freesurfer/sub-v2s0x29043_ses-1/mri/transforms/cc_up.lta
# created by oesteban on Tue Mar 10 11:20:03 2026

type      = 0 # LINEAR_VOX_TO_VOX
nxforms   = 1
mean      = 126.0000 97.0000 108.0000
sigma     = 10000.0000
1 4 4
9.998168945312500e-01 1.764145120978355e-02 -7.424590177834034e-03 1.798796772956848e+00 
-1.764096505939960e-02 9.998444318771362e-01 1.310009247390553e-04 5.421490097045898e+01 
7.425745949149132e-03 -1.455191696309033e-11 9.999724626541138e-01 2.906994438171387e+01 
0.000000000000000e+00 0.000000000000000e+00 0.000000000000000e+00 1.000000000000000e+00 
src volume info
valid = 1  # volume info valid
filename = /out/sourcedata/freesurfer/sub-v2s0x29043_ses-1/mri/norm.mgz
volume = 256 256 256
voxelsize = 1.000000000000000e+00 1.000000000000000e+00 1.000000000000000e+00
xras   = -1.000000000000000e+00 0.000000000000000e+00 0.000000000000000e+00
yras   = 0.000000000000000e+00 0.000000000000000e+00 -1.000000000000000e+00
zras   = 0.000000000000000e+00 1.000000000000000e+00 0.000000000000000e+00
cras   = 7.740631103515625e-01 2.428670501708984e+01 -1.573242187500000e+01
dst volume info
valid = 1  # volume info valid
filename = /out/sourcedata/freesurfer/sub-v2s0x29043_ses-1/mri/norm.mgz
volume = 256 256 256
voxelsize = 1.000000000000000e+00 1.000000000000000e+00 1.000000000000000e+00
xras   = -1.000000000000000e+00 0.000000000000000e+00 0.000000000000000e+00
yras   = 0.000000000000000e+00 0.000000000000000e+00 -1.000000000000000e+00
zras   = 0.000000000000000e+00 1.000000000000000e+00 0.000000000000000e+00
cras   = 7.740631103515625e-01 2.428670501708984e+01 -1.573242187500000e+01
