# transform file /out/sourcedata/freesurfer/sub-v2s0x30144_ses-1/mri/transforms/cc_up.lta
# created by oesteban on Tue Mar 10 14:42:50 2026

type      = 0 # LINEAR_VOX_TO_VOX
nxforms   = 1
mean      = 129.0000 138.0000 122.0000
sigma     = 10000.0000
1 4 4
9.998486042022705e-01 -9.472168982028961e-03 -1.460120175033808e-02 2.820730209350586e+00 
9.471158497035503e-03 9.999551773071289e-01 -1.383112394250929e-04 6.799365997314453e+00 
1.460185647010803e-02 0.000000000000000e+00 9.998934268951416e-01 1.212851238250732e+01 
0.000000000000000e+00 0.000000000000000e+00 0.000000000000000e+00 1.000000000000000e+00 
src volume info
valid = 1  # volume info valid
filename = /out/sourcedata/freesurfer/sub-v2s0x30144_ses-1/mri/norm.mgz
volume = 256 256 256
voxelsize = 1.000000000000000e+00 1.000000000000000e+00 1.000000000000000e+00
xras   = -1.000000000000000e+00 0.000000000000000e+00 0.000000000000000e+00
yras   = 0.000000000000000e+00 0.000000000000000e+00 -1.000000000000000e+00
zras   = 0.000000000000000e+00 1.000000000000000e+00 0.000000000000000e+00
cras   = 7.740631103515625e-01 3.230274963378906e+01 3.436778259277344e+01
dst volume info
valid = 1  # volume info valid
filename = /out/sourcedata/freesurfer/sub-v2s0x30144_ses-1/mri/norm.mgz
volume = 256 256 256
voxelsize = 1.000000000000000e+00 1.000000000000000e+00 1.000000000000000e+00
xras   = -1.000000000000000e+00 0.000000000000000e+00 0.000000000000000e+00
yras   = 0.000000000000000e+00 0.000000000000000e+00 -1.000000000000000e+00
zras   = 0.000000000000000e+00 1.000000000000000e+00 0.000000000000000e+00
cras   = 7.740631103515625e-01 3.230274963378906e+01 3.436778259277344e+01
