# transform file /out/sourcedata/freesurfer/sub-v2s0x29020_ses-1/mri/transforms/cc_up.lta
# created by oesteban on Tue Mar 10 10:04:21 2026

type      = 0 # LINEAR_VOX_TO_VOX
nxforms   = 1
mean      = 129.0000 95.0000 115.0000
sigma     = 10000.0000
1 4 4
9.978962540626526e-01 -2.222884446382523e-02 6.090126931667328e-02 -6.429554939270020e+00 
2.218756265938282e-02 9.997529387474060e-01 1.354099484160542e-03 5.199300384521484e+01 
-6.091631948947906e-02 -1.164153218269348e-10 9.981428980827332e-01 3.110991096496582e+01 
0.000000000000000e+00 0.000000000000000e+00 0.000000000000000e+00 1.000000000000000e+00 
src volume info
valid = 1  # volume info valid
filename = /out/sourcedata/freesurfer/sub-v2s0x29020_ses-1/mri/norm.mgz
volume = 256 256 256
voxelsize = 1.000000000000000e+00 1.000000000000000e+00 1.000000000000000e+00
xras   = -1.000000000000000e+00 0.000000000000000e+00 0.000000000000000e+00
yras   = 0.000000000000000e+00 0.000000000000000e+00 -1.000000000000000e+00
zras   = 0.000000000000000e+00 1.000000000000000e+00 0.000000000000000e+00
cras   = 7.740631103515625e-01 3.905531311035156e+01 1.248906707763672e+01
dst volume info
valid = 1  # volume info valid
filename = /out/sourcedata/freesurfer/sub-v2s0x29020_ses-1/mri/norm.mgz
volume = 256 256 256
voxelsize = 1.000000000000000e+00 1.000000000000000e+00 1.000000000000000e+00
xras   = -1.000000000000000e+00 0.000000000000000e+00 0.000000000000000e+00
yras   = 0.000000000000000e+00 0.000000000000000e+00 -1.000000000000000e+00
zras   = 0.000000000000000e+00 1.000000000000000e+00 0.000000000000000e+00
cras   = 7.740631103515625e-01 3.905531311035156e+01 1.248906707763672e+01
