#Insight Transform File V1.0
#Transform 0
Transform: AffineTransform_float_3_3
Parameters: 0.99999 0.000482661 0.00447139 -0.000477342 0.999999 -0.00126615 -0.00447261 0.00126485 0.999989 0.053941 -0.00286619 -0.141815
FixedParameters: 0 0 0

#Transform 1
Transform: AffineTransform_float_3_3
Parameters: 0.999997 0.000181004 0.00220292 -0.000179995 1 -0.000456398 -0.00220208 0.000455603 0.999998 0.0406007 -0.000945942 -0.217772
FixedParameters: 0 0 0

#Transform 2
Transform: AffineTransform_float_3_3
Parameters: 0.999995 0.000213291 0.00336392 -0.00021271 1 -0.000383718 -0.00336408 0.000383285 0.999995 0.0726661 -0.000771808 -0.144082
FixedParameters: 0 0 0

#Transform 3
Transform: AffineTransform_float_3_3
Parameters: 0.999998 -0.000216631 0.00196904 0.000217368 1 -0.000186572 -0.00196996 0.000187427 0.999998 0.0804561 0.00865569 -0.220805
FixedParameters: 0 0 0

#Transform 4
Transform: AffineTransform_float_3_3
Parameters: 0.999998 -0.000217743 0.00229493 0.000217258 1 0.0003235 -0.00229507 -0.000323501 0.999998 0.0817814 -0.0263406 -0.202413
FixedParameters: 0 0 0

#Transform 5
Transform: AffineTransform_float_3_3
Parameters: 0.999993 -0.000528645 0.00359535 0.000530355 0.999999 -0.000654097 -0.00359565 0.000655905 0.999994 0.11814 -0.0294034 -0.0566554
FixedParameters: 0 0 0

#Transform 6
Transform: AffineTransform_float_3_3
Parameters: 0.999993 -0.000541753 0.00373218 0.000543246 1 -0.000332975 -0.00373182 0.000335024 0.999993 0.104864 -0.0478853 -0.0227576
FixedParameters: 0 0 0

#Transform 7
Transform: AffineTransform_float_3_3
Parameters: 0.999993 0.000658931 0.00379467 -0.000657071 0.999999 -0.000509497 -0.00379534 0.000507503 0.999992 0.0304657 -0.0191023 -0.0588461
FixedParameters: 0 0 0

#Transform 8
Transform: AffineTransform_float_3_3
Parameters: 0.999995 0.000463085 0.00311584 -0.000461913 1 -0.000349441 -0.00311616 0.000347559 0.999995 0.0819229 -0.00966775 -0.112732
FixedParameters: 0 0 0

#Transform 9
Transform: AffineTransform_float_3_3
Parameters: 0.999995 0.000570774 0.00286604 -0.000571224 1 7.73632e-05 -0.00286595 -7.96361e-05 0.999996 0.0217665 -0.0216937 -0.0737647
FixedParameters: 0 0 0

#Transform 10
Transform: AffineTransform_float_3_3
Parameters: 0.999997 0.000394535 0.00266692 -0.000393465 1 -0.00020105 -0.00266708 0.000199949 0.999997 0.00146638 -0.0225978 -0.115217
FixedParameters: 0 0 0

#Transform 11
Transform: AffineTransform_float_3_3
Parameters: 0.999998 0.000287259 0.00193496 -0.000286742 1 -0.000133555 -0.00193504 0.000133444 0.999998 0.00265042 -0.022613 -0.197289
FixedParameters: 0 0 0

#Transform 12
Transform: AffineTransform_float_3_3
Parameters: 0.999998 0.000226082 0.00191887 -0.000224917 1 -0.000564433 -0.00191913 0.000563567 0.999998 0.0312171 -0.0346815 -0.169738
FixedParameters: 0 0 0

#Transform 13
Transform: AffineTransform_float_3_3
Parameters: 0.999997 0.000451046 0.00248199 -0.000450954 1 -1.91193e-05 -0.00248201 1.78806e-05 0.999997 0.0255114 -0.0221153 -0.117406
FixedParameters: 0 0 0

#Transform 14
Transform: AffineTransform_float_3_3
Parameters: 0.999998 0.000649714 0.0022305 -0.000648288 1 -0.000768449 -0.0022315 0.000767553 0.999997 -0.0238854 -0.00147218 -0.173649
FixedParameters: 0 0 0

#Transform 15
Transform: AffineTransform_float_3_3
Parameters: 0.999997 0.00064842 0.00245589 -0.000647578 1 -0.000172591 -0.00245611 0.000170408 0.999997 -0.0179003 -0.00417377 -0.101537
FixedParameters: 0 0 0

#Transform 16
Transform: AffineTransform_float_3_3
Parameters: 0.999997 0.000777981 0.00224597 -0.000775019 0.999999 -0.00132774 -0.00224703 0.00132625 0.999996 0.0520564 0.00215181 -0.129024
FixedParameters: 0 0 0

#Transform 17
Transform: AffineTransform_float_3_3
Parameters: 1 0.000647235 0.00101049 -0.000647765 1 0.000756347 -0.00101051 -0.000757655 0.999999 0.0523516 -0.0993404 -0.258864
FixedParameters: 0 0 0

#Transform 18
Transform: AffineTransform_float_3_3
Parameters: 1 0.000236091 -0.000382944 -0.000235909 1 0.00023809 0.000383056 -0.00023791 1 0.126624 -0.0951806 -0.326304
FixedParameters: 0 0 0

#Transform 19
Transform: AffineTransform_float_3_3
Parameters: 1 8.39979e-05 0.000235001 -8.40021e-05 1 8.98026e-06 -0.000234999 -9.01974e-06 1 0.125406 0.0190311 -0.144654
FixedParameters: 0 0 0

#Transform 20
Transform: AffineTransform_float_3_3
Parameters: 1 7.3986e-05 0.001164 -7.40139e-05 1 1.19139e-05 -0.001164 -1.20861e-05 1 0.00575548 0.0051101 -0.00243315
FixedParameters: 0 0 0

#Transform 21
Transform: AffineTransform_float_3_3
Parameters: 0.999999 -0.000183913 0.000918017 0.000184087 1 -9.4831e-05 -0.000917982 9.51688e-05 0.999999 0.00422997 0.0184557 -0.12318
FixedParameters: 0 0 0

#Transform 22
Transform: AffineTransform_float_3_3
Parameters: 0.999999 0.000191635 0.00093487 -0.000191365 1 -0.000679179 -0.00093513 0.000678821 1 0.0458535 -0.000536935 -0.121399
FixedParameters: 0 0 0

#Transform 23
Transform: AffineTransform_float_3_3
Parameters: 0.999999 0.000297634 0.000934798 -0.000297365 0.999999 -0.000679278 -0.000935202 0.000678722 1 0.0423458 -0.000459697 -0.121393
FixedParameters: 0 0 0

#Transform 24
Transform: AffineTransform_float_3_3
Parameters: 0.999998 0.000298092 0.0016068 -0.000296908 0.999999 -0.000679478 -0.0016072 0.000679522 0.999999 -0.0060111 -0.000465463 -0.0136221
FixedParameters: 0 0 0

#Transform 25
Transform: AffineTransform_float_3_3
Parameters: 0.999999 0.000298044 0.0015358 -0.000296956 0.999999 -0.000679456 -0.0015362 0.000679543 0.999998 0.0120315 0.0103366 -0.00683514
FixedParameters: 0 0 0

#Transform 26
Transform: AffineTransform_float_3_3
Parameters: 0.999999 0.000297375 0.00146692 -0.000296626 1 -0.000255435 -0.00146708 0.000255564 0.999999 0.080482 -0.0154696 -0.042427
FixedParameters: 0 0 0

#Transform 27
Transform: AffineTransform_float_3_3
Parameters: 0.999999 0.000504985 0.00128901 -0.000505015 1 1.1349e-05 -0.00128899 -1.16509e-05 0.999999 0.0734963 -0.0145862 0.209716
FixedParameters: 0 0 0

#Transform 28
Transform: AffineTransform_float_3_3
Parameters: 1 0.00103208 0.000419796 -0.00103192 1 -0.000198433 -0.000420204 0.000197567 1 -0.00782933 -0.0538169 0.0874411
FixedParameters: 0 0 0

#Transform 29
Transform: AffineTransform_float_3_3
Parameters: 1 0.00046855 -0.000211002 -0.00046845 0.999997 -0.0021379 0.000209999 0.0021381 0.999997 0.0180767 -0.0327994 -0.340269
FixedParameters: 0 0 0

#Transform 30
Transform: AffineTransform_float_3_3
Parameters: 1 -0.000409897 8.15186e-05 0.000410103 0.999999 -0.00126497 -8.14813e-05 0.00126503 0.999999 0.0958171 0.0292252 -0.15115
FixedParameters: 0 0 0

#Transform 31
Transform: AffineTransform_float_3_3
Parameters: 1 -0.000409557 0.000362501 0.000410444 0.999999 -0.00122285 -0.000362499 0.00122215 0.999999 0.0965707 -0.0332955 -0.149412
FixedParameters: 0 0 0

#Transform 32
Transform: AffineTransform_float_3_3
Parameters: 1 -9.84534e-05 0.000366147 9.85463e-05 0.999999 -0.00149296 -0.000365853 0.00149304 0.999999 0.109386 0.0345185 -0.124813
FixedParameters: 0 0 0

#Transform 33
Transform: AffineTransform_float_3_3
Parameters: 0.999999 -0.000409824 0.000595121 0.000410176 1 -0.000295756 -0.000594878 0.000296244 1 0.116932 0.0213628 -0.100155
FixedParameters: 0 0 0

#Transform 34
Transform: AffineTransform_float_3_3
Parameters: 0.999999 -0.000325189 0.00118522 0.000325812 0.999999 -0.000684614 -0.00118578 0.000684386 0.999999 0.0950618 0.0451685 -0.108475
FixedParameters: 0 0 0

#Transform 35
Transform: AffineTransform_float_3_3
Parameters: 0.999999 -0.000134284 0.00179513 0.000135716 0.999999 -0.000955757 -0.00179487 0.000956242 0.999998 0.209626 0.0197801 -0.0551414
FixedParameters: 0 0 0

#Transform 36
Transform: AffineTransform_float_3_3
Parameters: 0.999999 0.000161342 0.00154276 -0.000158657 0.999999 -0.00151825 -0.00154324 0.00151775 0.999997 0.309767 -0.0247576 -0.167709
FixedParameters: 0 0 0

#Transform 37
Transform: AffineTransform_float_3_3
Parameters: 0.999999 -0.000551718 0.000472329 0.000551281 0.999999 -0.000595739 -0.000472671 0.000596261 0.999999 0.29372 0.0157559 -0.442571
FixedParameters: 0 0 0

#Transform 38
Transform: AffineTransform_float_3_3
Parameters: 1 -0.000738104 0.000821009 0.000736896 0.999999 0.00134461 -0.000821991 -0.00134339 0.999999 0.107768 -0.0203687 -0.315174
FixedParameters: 0 0 0

#Transform 39
Transform: AffineTransform_float_3_3
Parameters: 0.999999 -0.00081422 0.00028938 0.00081378 1 0.000761236 -0.000289619 -0.000760765 0.999999 -0.0687292 -0.00434544 0.0883857
FixedParameters: 0 0 0

#Transform 40
Transform: AffineTransform_float_3_3
Parameters: 1 -4.39901e-05 -1.00435e-05 4.40098e-05 0.999999 0.000988999 9.95647e-06 -0.000988999 0.999999 -0.147203 -0.0188745 -0.0665199
FixedParameters: 0 0 0

#Transform 41
Transform: AffineTransform_float_3_3
Parameters: 1 0.000226073 0.000353953 -0.000225927 1 -0.00020608 -0.000354046 0.00020592 1 -0.0702782 -0.00576816 -0.254648
FixedParameters: 0 0 0

#Transform 42
Transform: AffineTransform_float_3_3
Parameters: 0.999999 0.00133388 0.00112277 -0.00133212 0.999997 -0.0016765 -0.00112523 0.0016745 0.999998 0.111013 -0.0154463 0.0618345
FixedParameters: 0 0 0

#Transform 43
Transform: AffineTransform_float_3_3
Parameters: 0.999998 0.00142984 0.00123743 -0.00142516 0.999992 -0.00390177 -0.00124357 0.00389923 0.999991 0.129852 -0.0401311 -0.255431
FixedParameters: 0 0 0

#Transform 44
Transform: AffineTransform_float_3_3
Parameters: 0.999999 -0.00037636 -0.000925039 0.000369641 0.999969 -0.00794335 0.000927965 0.00794366 0.999968 -0.0543735 -0.102422 -1.01206
FixedParameters: 0 0 0

#Transform 45
Transform: AffineTransform_float_3_3
Parameters: 0.999996 -0.00131345 -0.00224424 0.00130755 0.999995 -0.00287395 0.00224777 0.00287106 0.999994 -0.0621468 0.0147792 -0.527398
FixedParameters: 0 0 0

#Transform 46
Transform: AffineTransform_float_3_3
Parameters: 0.999998 -0.00154806 -0.00141959 0.00154394 0.999994 -0.0028552 0.00142341 0.0028528 0.999995 -0.00234491 0.0281334 -0.247201
FixedParameters: 0 0 0

#Transform 47
Transform: AffineTransform_float_3_3
Parameters: 1 -0.000713587 -0.000940799 0.000711414 0.999999 -0.00168567 0.000942201 0.00168533 0.999998 -0.0235814 0.0170902 -0.252665
FixedParameters: 0 0 0

#Transform 48
Transform: AffineTransform_float_3_3
Parameters: 1 -0.0010014 0.000466298 0.0010016 0.999998 -0.00129553 -0.000464702 0.00129647 0.999999 0.167621 -0.0672873 -0.228446
FixedParameters: 0 0 0

#Transform 49
Transform: AffineTransform_float_3_3
Parameters: 0.999999 0.000594466 0.000399829 -0.000592534 0.999993 -0.00365624 -0.000402169 0.00365576 0.999993 -0.0900843 -0.109936 -0.0175523
FixedParameters: 0 0 0

#Transform 50
Transform: AffineTransform_float_3_3
Parameters: 1 5.01829e-05 0.000320817 -4.88165e-05 0.999993 -0.00368602 -0.000321182 0.00368599 0.999993 -0.186365 0.05224 -0.358816
FixedParameters: 0 0 0

#Transform 51
Transform: AffineTransform_float_3_3
Parameters: 0.999999 -0.000993566 0.000904579 0.000995436 0.999998 -0.0015871 -0.000903421 0.0015879 0.999999 0.0950596 0.0204279 -0.343963
FixedParameters: 0 0 0

#Transform 52
Transform: AffineTransform_float_3_3
Parameters: 1 -0.000995773 -0.000314564 0.000995229 0.999996 -0.00244731 0.000316436 0.00244668 0.999997 0.0808206 0.00628708 0.0177795
FixedParameters: 0 0 0

#Transform 53
Transform: AffineTransform_float_3_3
Parameters: 0.999998 -0.00165583 0.000507819 0.00165716 0.999996 -0.00230516 -0.000503181 0.00230584 0.999997 0.104689 -0.00785399 -0.0406818
FixedParameters: 0 0 0

#Transform 54
Transform: AffineTransform_float_3_3
Parameters: 0.999998 -0.00182045 0.000906113 0.00182155 0.999997 -0.00170835 -0.000903887 0.00171065 0.999998 0.124724 0.0312952 -0.183225
FixedParameters: 0 0 0

#Transform 55
Transform: AffineTransform_float_3_3
Parameters: 0.999999 -0.000658841 0.000705085 0.000660159 0.999999 -0.00164454 -0.000703915 0.00164547 0.999999 0.0423383 0.0247395 -0.229966
FixedParameters: 0 0 0

#Transform 56
Transform: AffineTransform_float_3_3
Parameters: 0.999999 -0.000880322 0.000903661 0.000881679 1 -0.000750204 -0.000903338 0.000751796 1 0.0414742 0.0269484 -0.226198
FixedParameters: 0 0 0

#Transform 57
Transform: AffineTransform_float_3_3
Parameters: 0.999999 -0.00147191 0.00025053 0.00147209 0.999999 -0.000359632 -0.00024947 0.000360368 1 0.0814569 0.00978591 -0.109139
FixedParameters: 0 0 0

#Transform 58
Transform: AffineTransform_float_3_3
Parameters: 0.999999 -0.0013249 0.000224603 0.0013251 0.999999 -0.000454703 -0.000224397 0.000455298 1 0.0755666 -0.00681576 -0.112301
FixedParameters: 0 0 0

#Transform 59
Transform: AffineTransform_float_3_3
Parameters: 1 -0.000516989 -8.40646e-05 0.00051701 1 0.000124957 8.39354e-05 -0.000125043 1 0.0429162 -0.0256985 0.116004
FixedParameters: 0 0 0

#Transform 60
Transform: AffineTransform_float_3_3
Parameters: 0.999999 -0.00133286 0.000439393 0.00133214 0.999997 0.00195659 -0.000441606 -0.00195541 0.999998 0.0582899 0.0249872 0.0765883
FixedParameters: 0 0 0

#Transform 61
Transform: AffineTransform_float_3_3
Parameters: 1 -0.000508043 0.000204893 0.000507957 1 0.000210104 -0.000205107 -0.000209896 1 0.0512663 -0.0149822 -0.100158
FixedParameters: 0 0 0

#Transform 62
Transform: AffineTransform_float_3_3
Parameters: 1 -0.000332949 -0.00021108 0.000333051 1 0.00023993 0.00021092 -0.00024007 1 0.0436485 -0.018052 -0.118431
FixedParameters: 0 0 0

#Transform 63
Transform: AffineTransform_float_3_3
Parameters: 0.999999 -0.000731747 -8.61802e-05 0.000732253 0.999996 0.00297894 8.38189e-05 -0.00297906 0.999995 0.058392 0.00702953 0.0982413
FixedParameters: 0 0 0

#Transform 64
Transform: AffineTransform_float_3_3
Parameters: 1 -0.000332973 -8.41079e-05 0.000333027 1 0.000323972 8.38921e-05 -0.000324028 1 0.0254784 -0.0368893 -0.12575
FixedParameters: 0 0 0

#Transform 65
Transform: AffineTransform_float_3_3
Parameters: 1 -0.000333032 -0.000135921 0.000332968 1 -0.000237045 0.000136079 0.000236955 1 0.0426219 -0.00173307 -0.197951
FixedParameters: 0 0 0

#Transform 66
Transform: AffineTransform_float_3_3
Parameters: 1 -0.000678957 -8.43422e-05 0.000679042 0.999999 0.000503943 8.36577e-05 -0.000504057 1 0.0779277 -0.032405 -0.127015
FixedParameters: 0 0 0

#Transform 67
Transform: AffineTransform_float_3_3
Parameters: 1 -0.000333028 4.98128e-05 0.000332972 1 0.000562016 -4.91871e-05 -0.000561983 1 0.0382856 -0.0212728 -0.15007
FixedParameters: 0 0 0

#Transform 68
Transform: AffineTransform_float_3_3
Parameters: 1 -0.00033289 -0.000448082 0.00033311 1 0.000245851 0.000447918 -0.000245149 1 0.085624 0.0208418 0.136639
FixedParameters: 0 0 0

#Transform 69
Transform: AffineTransform_float_3_3
Parameters: 1 -0.000332888 -0.00019619 0.000333112 1 0.000569934 0.00019681 -0.000570065 1 0.0584771 -0.0125838 -0.13478
FixedParameters: 0 0 0

#Transform 70
Transform: AffineTransform_float_3_3
Parameters: 1 -0.000332998 -0.000196004 0.000333002 1 1.09347e-05 0.000195996 -1.10653e-05 1 0.049078 0.0216676 -0.187626
FixedParameters: 0 0 0

#Transform 71
Transform: AffineTransform_float_3_3
Parameters: 1 -0.000333001 -1.19764e-05 0.000332999 1 -7.1004e-05 1.20236e-05 7.0996e-05 1 0.0491167 -0.0341624 -0.100614
FixedParameters: 0 0 0

#Transform 72
Transform: AffineTransform_float_3_3
Parameters: 1 -5.70268e-05 0.000418996 5.69732e-05 1 6.40239e-05 -0.000419004 -6.39761e-05 1 0.0622313 0.0279414 -0.131964
FixedParameters: 0 0 0

#Transform 73
Transform: AffineTransform_float_3_3
Parameters: 1 -8.99419e-05 0.000309017 9.00581e-05 1 -0.000187972 -0.000308983 0.000188028 1 0.0368015 -0.0372072 -0.218041
FixedParameters: 0 0 0

#Transform 74
Transform: AffineTransform_float_3_3
Parameters: 1 -6.65633e-05 0.000469062 6.64366e-05 0.999999 -0.000930969 -0.000468939 0.000931031 1 0.0273175 0.0204437 -0.232323
FixedParameters: 0 0 0

#Transform 75
Transform: AffineTransform_float_3_3
Parameters: 1 -7.08575e-05 0.000309033 7.11424e-05 1 -0.000460978 -0.000308967 0.000461022 1 0.0221427 -0.0151591 -0.166565
FixedParameters: 0 0 0

#Transform 76
Transform: AffineTransform_float_3_3
Parameters: 1 3.60164e-05 0.000107995 -3.59836e-05 1 -0.000152004 -0.000108005 0.000151996 1 0.0128585 0.00934246 -0.132151
FixedParameters: 0 0 0

#Transform 77
Transform: AffineTransform_float_3_3
Parameters: 1 0.000485002 -7.87535e-06 -0.000484998 1 0.000257004 7.12464e-06 -0.000256997 1 -0.00965729 -0.00633826 -0.147337
FixedParameters: 0 0 0

#Transform 78
Transform: AffineTransform_float_3_3
Parameters: 1 -0.000585113 0.000249735 0.000584886 0.999999 0.000453146 -0.000250265 -0.000452853 1 -0.00223135 0.0103267 -0.0857321
FixedParameters: 0 0 0

#Transform 79
Transform: AffineTransform_float_3_3
Parameters: 1 0.000967202 -0.000274825 -0.000967797 0.999996 -0.00291974 0.000271175 0.00292026 0.999995 -0.0417482 -0.0628482 -0.331507
FixedParameters: 0 0 0

#Transform 80
Transform: AffineTransform_float_3_3
Parameters: 1 0.000513449 -0.00094539 -0.000515553 0.999996 -0.00270051 0.000944612 0.00270049 0.999996 -0.0101856 -0.0165538 -0.275608
FixedParameters: 0 0 0

#Transform 81
Transform: AffineTransform_float_3_3
Parameters: 0.999999 -0.00064974 -0.000304555 0.00064926 1 0.000853802 0.000304445 -0.000854198 0.999999 0.0726395 0.0922448 0.369677
FixedParameters: 0 0 0

#Transform 82
Transform: AffineTransform_float_3_3
Parameters: 0.999999 -0.00101704 -0.000839948 0.00101696 1 -5.18542e-05 0.000840052 5.11457e-05 0.999999 0.0793312 0.0187894 -0.121022
FixedParameters: 0 0 0

#Transform 83
Transform: AffineTransform_float_3_3
Parameters: 1 -0.00106587 -0.000229596 0.00106613 1 0.000558756 0.000229404 -0.000559245 1 0.0690115 -0.0116693 -0.180328
FixedParameters: 0 0 0

#Transform 84
Transform: AffineTransform_float_3_3
Parameters: 0.999998 -0.00151108 -0.000849852 0.00151092 0.999999 -9.82842e-05 0.000849146 9.6717e-05 0.999999 0.0775068 0.00388624 -0.15175
FixedParameters: 0 0 0

#Transform 85
Transform: AffineTransform_float_3_3
Parameters: 0.999999 -0.00125696 -0.000420134 0.00125705 0.999999 0.000106472 0.000419866 -0.000106528 1 0.0692556 -0.0132059 -0.162106
FixedParameters: 0 0 0

#Transform 86
Transform: AffineTransform_float_3_3
Parameters: 0.999999 -0.00056084 -0.000528169 0.000561159 1 0.000301704 0.00052783 -0.000302296 1 0.0646386 -0.00211177 -0.134548
FixedParameters: 0 0 0

#Transform 87
Transform: AffineTransform_float_3_3
Parameters: 0.999993 -0.00162267 -0.00316866 0.00162233 0.999998 -0.000213142 0.00316834 0.00020786 0.999995 0.0615734 -0.023757 0.0446546
FixedParameters: 0 0 0

#Transform 88
Transform: AffineTransform_float_3_3
Parameters: 0.999993 -0.000935395 -0.00365164 0.000933602 0.999999 -0.000384412 0.00365236 0.000380586 0.999994 0.0313815 0.0005171 -0.0668396
FixedParameters: 0 0 0

#Transform 89
Transform: AffineTransform_float_3_3
Parameters: 1 -0.000420772 -0.000339283 0.000421228 0.999999 0.000672857 0.000338716 -0.000673142 0.999999 0.0357215 -0.0265891 -0.193761
FixedParameters: 0 0 0

#Transform 90
Transform: AffineTransform_float_3_3
Parameters: 0.999999 -0.00044392 -0.000615057 0.000444079 1 0.000128727 0.000614942 -0.000129273 1 0.0446888 -0.00445914 -0.126034
FixedParameters: 0 0 0

#Transform 91
Transform: AffineTransform_float_3_3
Parameters: 1 -0.000370964 -0.000365036 0.000371035 1 9.68646e-05 0.000364964 -9.71354e-05 1 0.0504776 -0.0433453 -0.205609
FixedParameters: 0 0 0

#Transform 92
Transform: AffineTransform_float_3_3
Parameters: 0.999999 -0.000389925 -0.000615047 0.000390075 1 0.00012176 0.000614952 -0.00012124 1 0.0513643 0.00583487 0.159159
FixedParameters: 0 0 0

#Transform 93
Transform: AffineTransform_float_3_3
Parameters: 1 -0.000314848 -0.000516093 0.000314153 1 0.000295838 0.000515907 -0.000295162 1 0.0345989 -0.0579369 -0.246359
FixedParameters: 0 0 0

#Transform 94
Transform: AffineTransform_float_3_3
Parameters: 1 -3.95005e-06 -0.000135001 4.04995e-06 1 0.000369999 0.000134998 -0.00037 1 0.0234629 0.000231608 -0.222248
FixedParameters: 0 0 0

#Transform 95
Transform: AffineTransform_float_3_3
Parameters: 0.999995 -0.000408907 -0.0031964 0.000412096 1 0.000967689 0.0031966 -0.000968313 0.999995 0.0320874 -0.0027726 0.0940645
FixedParameters: 0 0 0

#Transform 96
Transform: AffineTransform_float_3_3
Parameters: 1 -3.78553e-06 -0.000295003 3.21446e-06 0.999999 0.000726999 0.000294998 -0.000727001 0.999999 0.0425543 -0.039211 -0.219376
FixedParameters: 0 0 0

#Transform 97
Transform: AffineTransform_float_3_3
Parameters: 1 -3.5161e-06 -0.000522004 3.48389e-06 0.999999 0.000926998 0.000521997 -0.000927002 1 0.0475662 -0.00376423 -0.146507
FixedParameters: 0 0 0

#Transform 98
Transform: AffineTransform_float_3_3
Parameters: 1 -3.61421e-06 -0.000581002 3.38578e-06 1 0.000663998 0.000580998 -0.000664002 0.999999 0.0377582 -0.0278662 -0.199319
FixedParameters: 0 0 0

#Transform 99
Transform: AffineTransform_float_3_3
Parameters: 0.999999 -3.07856e-06 -0.000994003 3.92143e-06 0.999999 0.000926996 0.000993996 -0.000927003 0.999999 0.0385513 0.00325104 -0.131091
FixedParameters: 0 0 0

#Transform 100
Transform: AffineTransform_float_3_3
Parameters: 1 0.000945114 -0.000616825 -0.000944886 0.999999 0.000185583 0.000616175 -0.000184418 1 -0.00569284 -0.0205709 -0.192174
FixedParameters: 0 0 0

#Transform 101
Transform: AffineTransform_float_3_3
Parameters: 1 -0.000201622 -0.000408187 0.000202378 0.999999 0.000926917 0.000407812 -0.000927081 0.999999 -0.000787893 -0.0107966 -0.215394
FixedParameters: 0 0 0

#Transform 102
Transform: AffineTransform_float_3_3
Parameters: 0.999999 -0.000332778 -0.000777095 0.000333223 1 0.000286741 0.000776904 -0.000286259 0.999999 0.050157 -0.0121839 -0.1441
FixedParameters: 0 0 0

#Transform 103
Transform: AffineTransform_float_3_3
Parameters: 0.999999 -5.95704e-05 0.000815031 5.94294e-05 1 -0.000526951 -0.000814968 0.000527048 0.999999 0.0491135 -0.0277067 -0.284718
FixedParameters: 0 0 0

#Transform 104
Transform: AffineTransform_float_3_3
Parameters: 0.999999 -0.000331519 0.00143734 0.000332482 1 -0.00103052 -0.00143766 0.00103048 0.999999 0.0632556 -0.00899781 -0.354777
FixedParameters: 0 0 0

#Transform 105
Transform: AffineTransform_float_3_3
Parameters: 1 -0.000463016 0.000526986 0.000463984 1 3.02445e-05 -0.000527014 -2.9756e-05 1 0.0666603 0.0199603 -0.175996
FixedParameters: 0 0 0

#Transform 106
Transform: AffineTransform_float_3_3
Parameters: 1 -0.000333021 0.000252972 0.000332978 1 8.50842e-05 -0.000253028 -8.49157e-05 1 0.0678425 -0.0457829 -0.166808
FixedParameters: 0 0 0

#Transform 107
Transform: AffineTransform_float_3_3
Parameters: 1 -0.000333004 0.000468997 0.000332996 1 8.15617e-06 -0.000469003 -7.84382e-06 1 0.0542975 0.00839208 -0.236156
FixedParameters: 0 0 0

#Transform 108
Transform: AffineTransform_float_3_3
Parameters: 1 -0.000333109 0.000353897 0.000332891 1 0.000308118 -0.000354102 -0.000307882 1 0.0648533 0.0127479 -0.189245
FixedParameters: 0 0 0

#Transform 109
Transform: AffineTransform_float_3_3
Parameters: 0.999999 -0.000332705 0.000694141 0.000333294 1 -0.000423769 -0.000693858 0.000424231 0.999999 0.0717828 -0.014402 -0.264882
FixedParameters: 0 0 0

#Transform 110
Transform: AffineTransform_float_3_3
Parameters: 0.999998 0.000297101 0.0016298 -0.0002959 0.999999 -0.000675483 -0.0016292 0.000675517 0.999999 0.071103 0.00377205 -0.238798
FixedParameters: 0 0 0

#Transform 111
Transform: AffineTransform_float_3_3
Parameters: 0.999999 -0.000331866 0.00121631 0.000333134 0.999999 -0.000931595 -0.00121669 0.000932404 0.999999 0.0925045 -0.0318571 -0.27522
FixedParameters: 0 0 0

#Transform 112
Transform: AffineTransform_float_3_3
Parameters: 0.999999 -0.00113244 0.000973495 0.00113157 1 0.000447102 -0.000973507 -0.000446898 1 0.168756 -0.027378 -0.207206
FixedParameters: 0 0 0

#Transform 113
Transform: AffineTransform_float_3_3
Parameters: 1 -0.000627265 0.00102784 0.000626734 1 0.000258644 -0.00102816 -0.000257355 1 0.158662 -0.0134088 -0.226391
FixedParameters: 0 0 0

#Transform 114
Transform: AffineTransform_float_3_3
Parameters: 0.999999 -0.000949002 2.88994e-05 0.000948996 0.999999 0.000106027 -2.91006e-05 -0.000105972 1 0.0558057 -0.0541829 -0.184599
FixedParameters: 0 0 0

#Transform 115
Transform: AffineTransform_float_3_3
Parameters: 1 -0.00120205 5.79374e-05 0.00120195 0.999999 0.00088407 -5.80625e-05 -0.00088393 0.999999 0.0285582 -0.0117518 0.193423
FixedParameters: 0 0 0

#Transform 116
Transform: AffineTransform_float_3_3
Parameters: 0.999999 -0.000810005 -0.00021998 0.000809994 0.999999 -2.41782e-05 0.000220019 2.38218e-05 1 0.0413994 -0.0536282 -0.188704
FixedParameters: 0 0 0

#Transform 117
Transform: AffineTransform_float_3_3
Parameters: 1 -0.000551078 -0.000219804 0.000550921 1 -0.000356121 0.000220196 0.000355879 1 0.0682563 -0.00841062 -0.238007
FixedParameters: 0 0 0

#Transform 118
Transform: AffineTransform_float_3_3
Parameters: 0.999998 -0.000924608 -0.00212105 0.000927392 0.999999 0.00112704 0.00211996 -0.00112896 0.999997 0.00305916 0.0158891 0.0572662
FixedParameters: 0 0 0

#Transform 119
Transform: AffineTransform_float_3_3
Parameters: 1 -0.000532927 -0.00018521 0.000533073 1 0.000393901 0.00018479 -0.000394098 1 0.0565147 -0.0252998 -0.20283
FixedParameters: 0 0 0
