#Insight Transform File V1.0
#Transform 0
Transform: AffineTransform_float_3_3
Parameters: 1 -7.92889e-07 -0.000550999 2.0711e-07 0.999999 -0.001439 0.000551001 0.001439 0.999999 -0.0350871 -0.0548496 -0.100058
FixedParameters: 0 0 0

#Transform 1
Transform: AffineTransform_float_3_3
Parameters: 1 0.000182331 -0.000550222 -0.000182669 0.999999 -0.0012169 0.000549778 0.0012171 0.999999 -0.0964396 -0.0673294 -0.0153796
FixedParameters: 0 0 0

#Transform 2
Transform: AffineTransform_float_3_3
Parameters: 1 -5.181e-09 -0.000157 -5.181e-09 1 -3.3e-05 0.000157 3.3e-05 1 -0.0927269 -0.0581926 0.0690635
FixedParameters: 0 0 0

#Transform 3
Transform: AffineTransform_float_3_3
Parameters: 1 0.000173066 0.000462975 -0.000172934 1 -0.00014308 -0.000463025 0.00014292 1 -0.103239 -0.0318171 0.034334
FixedParameters: 0 0 0

#Transform 4
Transform: AffineTransform_float_3_3
Parameters: 1 0.000337043 0.000195926 -0.000336957 1 -0.000220066 -0.000196074 0.000219934 1 -0.0348656 -0.0184115 -0.104451
FixedParameters: 0 0 0

#Transform 5
Transform: AffineTransform_float_3_3
Parameters: 1 -5.265e-08 -0.00013 -5.265e-08 1 -0.000405 0.00013 0.000405 1 -0.00405181 0.00139975 -0.0649962
FixedParameters: 0 0 0

#Transform 6
Transform: AffineTransform_float_3_3
Parameters: 1 0.00017695 -0.00106101 -0.00017705 1 -4.68122e-05 0.00106099 4.71878e-05 1 -0.0536636 0.0802013 -0.0413937
FixedParameters: 0 0 0

#Transform 7
Transform: AffineTransform_float_3_3
Parameters: 0.999999 0.000165257 -0.00130297 -0.000164744 1 0.000196215 0.00130303 -0.000196785 0.999999 -0.0424454 -0.0436452 -0.0613315
FixedParameters: 0 0 0

#Transform 8
Transform: AffineTransform_float_3_3
Parameters: 0.999999 -7.2072e-07 -0.00126 2.79279e-07 1 -0.000572001 0.00126 0.000571999 0.999999 -0.0335447 -0.147417 -0.105003
FixedParameters: 0 0 0

#Transform 9
Transform: AffineTransform_float_3_3
Parameters: 1 -1.33157e-06 -0.001142 -3.31573e-07 1 -0.001166 0.001142 0.001166 0.999998 -0.0370609 -0.0527996 -0.161036
FixedParameters: 0 0 0

#Transform 10
Transform: AffineTransform_float_3_3
Parameters: 0.999999 -1.65336e-06 -0.000995998 3.46636e-07 0.999998 -0.00166 0.000996002 0.00166 0.999998 -0.0131192 -0.0799217 -0.0653031
FixedParameters: 0 0 0

#Transform 11
Transform: AffineTransform_float_3_3
Parameters: 0.999999 -0.000156882 -0.000995861 0.000156117 0.999999 -0.000886156 0.000996138 0.000885844 0.999999 -0.0491953 0.0335293 0.0828248
FixedParameters: 0 0 0

#Transform 12
Transform: AffineTransform_float_3_3
Parameters: 0.999999 -6.83165e-07 -0.000917 3.16834e-07 0.999999 -0.000745001 0.000917 0.000745 1 -0.0566607 -0.00492181 0.0172565
FixedParameters: 0 0 0

#Transform 13
Transform: AffineTransform_float_3_3
Parameters: 1 -6.5084e-07 -0.00106 3.49159e-07 1 -0.000614001 0.00106 0.000614 0.999999 -0.0365504 -0.155893 -0.132353
FixedParameters: 0 0 0

#Transform 14
Transform: AffineTransform_float_3_3
Parameters: 1 -0.000250258 -0.000995936 0.000249742 1 -0.000259249 0.000996066 0.000258751 1 -0.0225504 -0.0677413 -0.00690685
FixedParameters: 0 0 0

#Transform 15
Transform: AffineTransform_float_3_3
Parameters: 0.999999 -0.000141579 -0.000995918 0.000141421 1 -0.000581141 0.000996082 0.000581859 1 -0.00211433 0.0256618 -0.0629885
FixedParameters: 0 0 0

#Transform 16
Transform: AffineTransform_float_3_3
Parameters: 1 -0.000273574 -0.000639755 0.000273425 0.999999 -0.000898175 0.000640246 0.000897825 1 -0.0118448 -0.0793574 -0.0336049
FixedParameters: 0 0 0

#Transform 17
Transform: AffineTransform_float_3_3
Parameters: 1 2.8556e-07 0.00022 2.8556e-07 0.999999 -0.001298 -0.00022 0.001298 0.999999 -0.052068 -0.084866 -0.0593016
FixedParameters: 0 0 0

#Transform 18
Transform: AffineTransform_float_3_3
Parameters: 1 5.79039e-05 -9.20606e-05 -5.80961e-05 1 -0.001045 9.19394e-05 0.00104501 1 -0.028699 -0.120711 -0.104812
FixedParameters: 0 0 0

#Transform 19
Transform: AffineTransform_float_3_3
Parameters: 1 -3.0504e-07 -0.000246 -3.0504e-07 0.999999 -0.00124 0.000246 0.00124 0.999999 -0.0200972 -0.0918055 -0.101992
FixedParameters: 0 0 0

#Transform 20
Transform: AffineTransform_float_3_3
Parameters: 1 -5.2326e-08 -0.000171 -5.2326e-08 1 -0.000306 0.000171 0.000306 1 0.0109252 -0.00329306 -0.0439369
FixedParameters: 0 0 0

#Transform 21
Transform: AffineTransform_float_3_3
Parameters: 1 7.2199e-08 -0.000527 7.2199e-08 1 0.000137 0.000527 -0.000137 1 0.00730745 -0.0404575 -0.0504603
FixedParameters: 0 0 0

#Transform 22
Transform: AffineTransform_float_3_3
Parameters: 1 -0.000397 -1.07821e-06 0.000397 1 0.000197 9.21791e-07 -0.000197 1 -0.00292835 0.0155468 0.0605666
FixedParameters: 0 0 0

#Transform 23
Transform: AffineTransform_float_3_3
Parameters: 1 -0.000408069 -0.0002779 0.000407931 1 -0.000246113 0.000278101 0.000246887 1 -0.0170111 -0.0695982 0.0070895
FixedParameters: 0 0 0

#Transform 24
Transform: AffineTransform_float_3_3
Parameters: 1 -0.000451998 6.40131e-05 0.000452002 1 -2.89711e-05 -6.39869e-05 2.90289e-05 1 0.0440776 -0.0981511 -0.0947538
FixedParameters: 0 0 0

#Transform 25
Transform: AffineTransform_float_3_3
Parameters: 0.999999 -0.000764915 6.50036e-05 0.000765084 0.999999 -0.00131195 -6.39962e-05 0.00131205 0.999999 0.00954685 -0.0554145 -0.214079
FixedParameters: 0 0 0

#Transform 26
Transform: AffineTransform_float_3_3
Parameters: 1 -0.000163333 -0.000308824 0.000162668 1 -0.00107805 0.000308176 0.00107795 1 -0.0233656 -0.0669307 -0.135497
FixedParameters: 0 0 0

#Transform 27
Transform: AffineTransform_float_3_3
Parameters: 1 -1.45367e-05 -0.000444983 1.34633e-05 1 -0.00120601 0.000445017 0.00120599 0.999999 -0.0360264 -0.0578834 -0.0683213
FixedParameters: 0 0 0

#Transform 28
Transform: AffineTransform_float_3_3
Parameters: 1 -5.23472e-05 -0.000476962 5.16527e-05 0.999999 -0.000728024 0.000477037 0.000727975 0.999999 -0.0343822 -0.0638972 -0.0636113
FixedParameters: 0 0 0

#Transform 29
Transform: AffineTransform_float_3_3
Parameters: 1 -0.000452064 -0.000348917 0.000451936 1 -0.000184158 0.000349083 0.000183842 1 -0.0305475 -0.0445454 0.00467619
FixedParameters: 0 0 0

#Transform 30
Transform: AffineTransform_float_3_3
Parameters: 1 -0.000452565 -0.000904718 0.000452434 0.999999 -0.00062541 0.000905284 0.000624591 1 -0.0889734 0.000952218 -0.0653332
FixedParameters: 0 0 0

#Transform 31
Transform: AffineTransform_float_3_3
Parameters: 1 -0.000452488 -0.000904757 0.000452512 1 -0.00053941 0.000905245 0.000538591 1 -0.0660498 -0.104703 -0.0629399
FixedParameters: 0 0 0

#Transform 32
Transform: AffineTransform_float_3_3
Parameters: 1 -0.000452749 -0.00101867 0.000452251 0.999999 -0.000735461 0.00101833 0.000734539 0.999999 -0.00295037 -0.106604 -0.0984534
FixedParameters: 0 0 0

#Transform 33
Transform: AffineTransform_float_3_3
Parameters: 0.999999 -0.000452566 -0.00062359 0.000452434 1 -0.000907283 0.000624411 0.000906718 1 -0.0123695 -0.00525759 0.00417642
FixedParameters: 0 0 0

#Transform 34
Transform: AffineTransform_float_3_3
Parameters: 0.999999 -0.000720593 0.000398736 0.000721407 0.999999 -0.00102071 -0.000398264 0.00102129 1 -0.0258833 -0.0161248 0.0683015
FixedParameters: 0 0 0

#Transform 35
Transform: AffineTransform_float_3_3
Parameters: 0.999999 -0.000451097 0.000589691 0.000451902 0.999998 -0.00153073 -0.000589308 0.00153127 0.999998 -0.00612922 -0.0226906 -0.0148323
FixedParameters: 0 0 0

#Transform 36
Transform: AffineTransform_float_3_3
Parameters: 0.999999 0.000171151 0.000952793 -0.000170849 1 -0.00120816 -0.000953206 0.00120784 0.999999 -0.000932712 -0.0282034 -0.0931923
FixedParameters: 0 0 0

#Transform 37
Transform: AffineTransform_float_3_3
Parameters: 1 3.33826e-05 0.000362965 -3.26174e-05 1 -0.00105401 -0.000363035 0.00105399 1 -0.0507115 -0.00454672 -0.0857507
FixedParameters: 0 0 0

#Transform 38
Transform: AffineTransform_float_3_3
Parameters: 1 0.000116991 -1.90529e-05 -0.000117009 1 -0.000451998 1.89471e-05 0.000452002 1 -0.00656795 0.0504835 -0.108811
FixedParameters: 0 0 0

#Transform 39
Transform: AffineTransform_float_3_3
Parameters: 1 0.000407007 -0.000264989 -0.000407992 1 2.81081e-05 0.000265011 -2.78921e-05 1 -0.0397439 -0.0617769 -0.0972656
FixedParameters: 0 0 0

#Transform 40
Transform: AffineTransform_float_3_3
Parameters: 1 3.70903e-05 -0.000134975 -3.79097e-05 1 0.000669005 0.000135025 -0.000668995 1 -0.00331198 -0.0511338 0.0213917
FixedParameters: 0 0 0

#Transform 41
Transform: AffineTransform_float_3_3
Parameters: 1 -0.000213736 0.000357158 0.000214263 0.999999 -0.000737923 -0.000356842 0.000738076 0.999999 -0.00509268 -0.019233 -0.0296052
FixedParameters: 0 0 0

#Transform 42
Transform: AffineTransform_float_3_3
Parameters: 0.999999 0.00010789 0.000950012 -0.00010711 1 0.000115898 -0.000949987 -0.000116102 0.999999 -0.027331 0.00489595 0.112495
FixedParameters: 0 0 0

#Transform 43
Transform: AffineTransform_float_3_3
Parameters: 1 -4.80072e-05 2.49862e-05 4.79928e-05 1 0.000287001 -2.50138e-05 -0.000286999 1 -0.029498 -0.043289 0.087634
FixedParameters: 0 0 0

#Transform 44
Transform: AffineTransform_float_3_3
Parameters: 1 -0.000149792 0.000454069 0.000150208 1 -0.000457932 -0.000453931 0.000458068 1 -0.0155955 -0.0334046 -0.0766732
FixedParameters: 0 0 0

#Transform 45
Transform: AffineTransform_float_3_3
Parameters: 1 0.000125027 0.000451992 -0.000124973 1 -6.00565e-05 -0.000452007 5.99435e-05 1 -0.0138568 0.0481467 -0.0740876
FixedParameters: 0 0 0

#Transform 46
Transform: AffineTransform_float_3_3
Parameters: 0.999999 0.000188255 0.000867944 -0.000188745 1 -0.000294164 -0.000868055 0.000293837 0.999999 -0.0299373 -0.00524289 -0.0680077
FixedParameters: 0 0 0

#Transform 47
Transform: AffineTransform_float_3_3
Parameters: 0.999999 0.000726427 0.000327053 -0.000726573 0.999999 -0.00130424 -0.000327948 0.00130376 0.999999 -0.0573218 -0.172577 -0.0830431
FixedParameters: 0 0 0

#Transform 48
Transform: AffineTransform_float_3_3
Parameters: 0.999999 1.81276e-05 0.000724996 -1.78724e-05 1 -0.000176013 -0.000725003 0.000175987 0.999999 -0.00689856 -0.10131 0.0141377
FixedParameters: 0 0 0

#Transform 49
Transform: AffineTransform_float_3_3
Parameters: 0.999998 -0.000855909 0.00151105 0.000856089 0.999999 -5.87065e-05 -0.00151095 6.02933e-05 0.999999 0.024967 0.00354687 -0.0694476
FixedParameters: 0 0 0

#Transform 50
Transform: AffineTransform_float_3_3
Parameters: 0.999999 -0.0002154 0.000822895 0.0002146 1 0.000486176 -0.000823104 -0.000485823 0.999999 -0.00168363 0.00623421 -0.0715498
FixedParameters: 0 0 0

#Transform 51
Transform: AffineTransform_float_3_3
Parameters: 0.999998 0.000161478 0.00190288 -0.000159521 0.999999 -0.000777305 -0.00190312 0.000776694 0.999998 -0.0316413 -0.00213768 0.0300213
FixedParameters: 0 0 0

#Transform 52
Transform: AffineTransform_float_3_3
Parameters: 1 0.000279222 0.00116395 -0.000278778 1 -0.000191325 -0.00116405 0.000190675 1 -0.0332402 0.0191634 0.13474
FixedParameters: 0 0 0

#Transform 53
Transform: AffineTransform_float_3_3
Parameters: 0.999998 -0.000477165 0.00223897 0.000476835 1 7.40678e-05 -0.00223904 -7.29318e-05 0.999998 0.0191958 -0.0469212 -0.0462873
FixedParameters: 0 0 0

#Transform 54
Transform: AffineTransform_float_3_3
Parameters: 0.999994 -0.00019339 0.00328409 0.000195611 1 -0.00049036 -0.0032839 0.000490637 0.999994 -0.0157242 0.0096296 0.0265182
FixedParameters: 0 0 0

#Transform 55
Transform: AffineTransform_float_3_3
Parameters: 0.999995 0.000516406 0.00305576 -0.000514595 1 -0.000460575 -0.00305624 0.000459424 0.999995 -0.0352666 -0.136387 -0.00908126
FixedParameters: 0 0 0

#Transform 56
Transform: AffineTransform_float_3_3
Parameters: 0.999999 -0.000805832 0.00101513 0.000806168 0.999999 -0.000165182 -0.00101487 0.000165818 1 0.031913 -0.234355 -0.210721
FixedParameters: 0 0 0

#Transform 57
Transform: AffineTransform_float_3_3
Parameters: 0.999999 -0.000130579 0.000752073 0.000130422 1 -0.000560902 -0.000751927 0.000560098 0.999999 0.0260189 0.0464531 -0.169291
FixedParameters: 0 0 0

#Transform 58
Transform: AffineTransform_float_3_3
Parameters: 1 0.000188999 0.000367 -0.000189001 1 1.93064e-06 -0.000367 -2.06936e-06 1 0.00949451 0.00168285 -0.224024
FixedParameters: 0 0 0

#Transform 59
Transform: AffineTransform_float_3_3
Parameters: 0.999998 0.00015968 0.00189094 -0.000158321 1 -0.0003593 -0.00189006 0.000359699 0.999998 -0.019604 -0.123073 -0.0406474
FixedParameters: 0 0 0

#Transform 60
Transform: AffineTransform_float_3_3
Parameters: 0.999999 0.000237274 0.0014768 -0.000236726 0.999999 -0.00086235 -0.0014772 0.00086265 0.999998 -0.0561406 0.0226319 0.0541811
FixedParameters: 0 0 0

#Transform 61
Transform: AffineTransform_float_3_3
Parameters: 1 9.48965e-05 0.000148066 -9.51034e-05 1 0.000698986 -0.000147934 -0.000699014 0.999999 -0.0127384 -0.0982293 -0.130156
FixedParameters: 0 0 0

#Transform 62
Transform: AffineTransform_float_3_3
Parameters: 1 0.000208102 -0.000199894 -0.000207898 1 0.000510041 0.000200106 -0.000509958 1 -0.0500981 -0.0858264 -0.228545
FixedParameters: 0 0 0

#Transform 63
Transform: AffineTransform_float_3_3
Parameters: 1 0.000173759 -0.00026216 -0.000173241 0.999999 -0.000918954 0.000261841 0.000919045 0.999999 -0.0524053 -0.0324648 -0.294127
FixedParameters: 0 0 0

#Transform 64
Transform: AffineTransform_float_3_3
Parameters: 1 8.3047e-05 0.000249984 -8.2953e-05 1 -0.000188021 -0.000250016 0.000187979 1 -0.0626974 -0.0784404 0.086282
FixedParameters: 0 0 0

#Transform 65
Transform: AffineTransform_float_3_3
Parameters: 1 2.66686e-05 0.000495964 -2.53314e-05 0.999999 -0.00134801 -0.000496035 0.00134799 0.999999 -0.060537 -5.37835e-05 -0.0363616
FixedParameters: 0 0 0

#Transform 66
Transform: AffineTransform_float_3_3
Parameters: 1 -3.09937e-05 3.70053e-05 3.10063e-05 1 -0.000170999 -3.69947e-05 0.000171001 1 -0.0409249 -0.157121 -0.181635
FixedParameters: 0 0 0

#Transform 67
Transform: AffineTransform_float_3_3
Parameters: 1 -0.000102061 -0.000129952 0.000101939 1 -0.000471013 0.000130048 0.000470987 1 -0.0355556 -0.0796811 -0.227938
FixedParameters: 0 0 0

#Transform 68
Transform: AffineTransform_float_3_3
Parameters: 1 -0.000212971 4.01514e-05 0.000213028 0.999999 -0.000710991 -3.98485e-05 0.000711008 0.999999 -0.0278953 0.00593311 -0.184411
FixedParameters: 0 0 0

#Transform 69
Transform: AffineTransform_float_3_3
Parameters: 1 6.2923e-05 -0.000130037 -6.30769e-05 1 -0.000591992 0.000129963 0.000592008 1 -0.0444245 -0.132265 -0.185066
FixedParameters: 0 0 0

#Transform 70
Transform: AffineTransform_float_3_3
Parameters: 0.999998 4.23823e-05 0.00170699 -4.26175e-05 1 -0.000224073 -0.00170701 0.000223928 0.999998 0.0119611 -0.0646521 -0.0224687
FixedParameters: 0 0 0

#Transform 71
Transform: AffineTransform_float_3_3
Parameters: 0.999999 -0.000165495 0.00148606 0.000166507 1 -0.000340753 -0.00148594 0.000340246 0.999999 0.00165614 0.00239355 0.152375
FixedParameters: 0 0 0

#Transform 72
Transform: AffineTransform_float_3_3
Parameters: 0.999999 -0.000183287 0.0012611 0.000183712 1 -0.000564769 -0.0012609 0.000565231 0.999999 -0.00582092 -0.0937484 -0.20663
FixedParameters: 0 0 0

#Transform 73
Transform: AffineTransform_float_3_3
Parameters: 0.999999 -0.000707226 0.00106418 0.000708775 0.999999 -0.00166825 -0.00106282 0.00166875 0.999998 0.0277521 -0.106336 -0.271744
FixedParameters: 0 0 0

#Transform 74
Transform: AffineTransform_float_3_3
Parameters: 0.999999 -0.000317296 0.00142838 0.000318704 0.999999 -0.00119255 -0.00142862 0.00119346 0.999999 0.044999 -0.0353395 -0.0124201
FixedParameters: 0 0 0

#Transform 75
Transform: AffineTransform_float_3_3
Parameters: 1 3.66849e-05 0.000669017 -3.63151e-05 1 0.000470976 -0.000668983 -0.000471024 0.999999 -0.024761 0.0581069 0.16803
FixedParameters: 0 0 0

#Transform 76
Transform: AffineTransform_float_3_3
Parameters: 1 0.000280174 0.000146668 -0.000279827 1 -0.00118404 -0.000146331 0.00118396 1 -0.0582806 -0.000549195 -0.149217
FixedParameters: 0 0 0

#Transform 77
Transform: AffineTransform_float_3_3
Parameters: 1 0.000234496 -0.000406292 -0.000234505 0.999999 -0.00124191 0.000406709 0.0012421 0.999999 -0.0135963 -0.15675 -0.329326
FixedParameters: 0 0 0

#Transform 78
Transform: AffineTransform_float_3_3
Parameters: 1 0.000555172 0.000107111 -0.000554828 0.999998 -0.00160106 -0.000107888 0.00160094 0.999998 -0.093549 -0.0818956 -0.0255795
FixedParameters: 0 0 0

#Transform 79
Transform: AffineTransform_float_3_3
Parameters: 1 0.000388587 -0.000492326 -0.000389412 0.999999 -0.000838808 0.000491673 0.00083919 0.999999 -0.100555 -0.0541739 0.0433515
FixedParameters: 0 0 0

#Transform 80
Transform: AffineTransform_float_3_3
Parameters: 1 0.000702369 0.000934723 -0.00070163 0.999999 -0.000395656 -0.000935278 0.000394343 1 -0.0837216 0.00618547 0.0098026
FixedParameters: 0 0 0

#Transform 81
Transform: AffineTransform_float_3_3
Parameters: 0.999999 0.000677425 0.00139631 -0.000675575 1 -0.00102095 -0.00139669 0.00102006 0.999999 -0.0659345 -0.0101199 -0.051911
FixedParameters: 0 0 0

#Transform 82
Transform: AffineTransform_float_3_3
Parameters: 1 9.89768e-05 -3.70621e-05 -9.90232e-05 1 -0.000626996 3.69379e-05 0.000627003 1 -0.097459 -0.0982412 -0.161133
FixedParameters: 0 0 0

#Transform 83
Transform: AffineTransform_float_3_3
Parameters: 1 6.32626e-05 0.000971919 -6.17373e-05 0.999999 -0.00129906 -0.000972081 0.00129894 0.999998 -0.0597988 -0.110488 -0.30832
FixedParameters: 0 0 0

#Transform 84
Transform: AffineTransform_float_3_3
Parameters: 1 0.000231296 0.000233707 -0.000230703 0.999999 -0.00126705 -0.000234293 0.00126695 0.999999 -0.0239024 -0.0648266 -0.28002
FixedParameters: 0 0 0

#Transform 85
Transform: AffineTransform_float_3_3
Parameters: 0.999997 0.00101077 0.00246469 -0.00101023 1 -0.000312491 -0.00246531 0.000309509 0.999997 -0.118859 -0.0234871 0.0113351
FixedParameters: 0 0 0

#Transform 86
Transform: AffineTransform_float_3_3
Parameters: 0.999999 0.000736842 0.00160461 -0.000736158 0.999999 -0.000525182 -0.00160539 0.000523817 0.999998 -0.0210928 -0.0857191 -0.0604909
FixedParameters: 0 0 0

#Transform 87
Transform: AffineTransform_float_3_3
Parameters: 0.999997 -0.000717901 0.00225672 0.0007171 0.999999 0.000399619 -0.00225729 -0.000398381 0.999998 0.0092621 -0.0527172 -0.17838
FixedParameters: 0 0 0

#Transform 88
Transform: AffineTransform_float_3_3
Parameters: 0.999999 -0.000613098 0.00145738 0.000613901 0.999999 -0.000618106 -0.00145662 0.000618893 0.999998 0.0350989 -0.100412 -0.171462
FixedParameters: 0 0 0

#Transform 89
Transform: AffineTransform_float_3_3
Parameters: 0.999995 -0.000407014 0.00315426 0.000408988 0.999999 -0.000629713 -0.00315374 0.000630287 0.999995 0.0908761 -0.0594702 -0.000454334
FixedParameters: 0 0 0

#Transform 90
Transform: AffineTransform_float_3_3
Parameters: 0.999997 3.50392e-05 0.00234599 -3.39606e-05 1 -0.000443081 -0.00234602 0.000442919 0.999997 0.0494338 0.0107799 -0.0829618
FixedParameters: 0 0 0

#Transform 91
Transform: AffineTransform_float_3_3
Parameters: 0.999999 -0.000277801 0.000879379 0.000279198 0.999999 -0.00136275 -0.00087862 0.00136324 0.999998 -0.00817209 -0.0598438 -0.272636
FixedParameters: 0 0 0

#Transform 92
Transform: AffineTransform_float_3_3
Parameters: 0.999999 -0.000627659 0.000712299 0.00062834 0.999999 -0.000477552 -0.000711699 0.000478447 0.999999 0.0091968 -0.1058 -0.206385
FixedParameters: 0 0 0

#Transform 93
Transform: AffineTransform_float_3_3
Parameters: 0.999999 0.000293309 0.000645859 -0.000292691 1 -0.000478189 -0.00064614 0.00047881 0.999999 -0.0413547 -0.0648325 -0.181131
FixedParameters: 0 0 0

#Transform 94
Transform: AffineTransform_float_3_3
Parameters: 0.999999 0.000248928 0.00131883 -0.000248072 0.999999 -0.000704328 -0.00131817 0.000703672 0.999999 -0.0633779 0.0162984 -0.215893
FixedParameters: 0 0 0

#Transform 95
Transform: AffineTransform_float_3_3
Parameters: 0.999998 1.43321e-05 0.00233299 -1.26678e-05 1 -0.000571031 -0.00233301 0.000570968 0.999997 -0.0434982 -0.0901304 0.0339376
FixedParameters: 0 0 0

#Transform 96
Transform: AffineTransform_float_3_3
Parameters: 0.999996 0.000722029 0.00267318 -0.000718971 0.999999 -0.00113393 -0.00267382 0.00113207 0.999996 -0.0822681 -0.0734169 0.0278475
FixedParameters: 0 0 0

#Transform 97
Transform: AffineTransform_float_3_3
Parameters: 0.999995 -0.00024519 0.00312206 0.000245811 1 -0.000259234 -0.00312194 0.000259767 0.999995 -0.0364227 0.0264564 -0.0688791
FixedParameters: 0 0 0

#Transform 98
Transform: AffineTransform_float_3_3
Parameters: 0.999992 -0.000633449 0.00413109 0.000634552 1 -0.00013238 -0.00413092 0.000134618 0.999992 -0.0306634 -0.0536636 -0.145471
FixedParameters: 0 0 0

#Transform 99
Transform: AffineTransform_float_3_3
Parameters: 0.999999 -0.000441048 0.00125069 0.000442952 0.999998 -0.00156045 -0.00125031 0.00156155 0.999998 0.0079037 -0.198299 -0.379315
FixedParameters: 0 0 0

#Transform 100
Transform: AffineTransform_float_3_3
Parameters: 0.999998 0.000323357 0.00207241 -0.000325641 0.999999 0.00127433 -0.00207159 -0.00127567 0.999997 0.0334024 -0.096969 0.133245
FixedParameters: 0 0 0

#Transform 101
Transform: AffineTransform_float_3_3
Parameters: 0.999997 6.85529e-05 0.00266001 -6.94467e-05 1 0.000167816 -0.00265999 -0.000168183 0.999997 0.0548406 0.00568749 0.0544471
FixedParameters: 0 0 0

#Transform 102
Transform: AffineTransform_float_3_3
Parameters: 0.999999 0.000133686 0.000876896 -0.000133314 0.999999 -0.000782117 -0.000877104 0.000781883 1 -0.0682869 0.033923 -0.302996
FixedParameters: 0 0 0

#Transform 103
Transform: AffineTransform_float_3_3
Parameters: 0.999997 -0.000106471 0.00249502 0.000106531 1 -0.000212735 -0.00249498 0.000212266 0.999997 -0.0170029 -0.00303467 0.257579
FixedParameters: 0 0 0

#Transform 104
Transform: AffineTransform_float_3_3
Parameters: 0.999983 0.00114473 0.00561662 -0.00113327 0.999997 -0.0020904 -0.00561938 0.0020846 0.999982 -0.122645 -0.00148719 0.132892
FixedParameters: 0 0 0

#Transform 105
Transform: AffineTransform_float_3_3
Parameters: 0.999988 0.000444223 0.00499537 -0.000436775 0.999999 -0.0014472 -0.00499664 0.0014448 0.999987 -0.0369507 -0.0448254 -0.32146
FixedParameters: 0 0 0

#Transform 106
Transform: AffineTransform_float_3_3
Parameters: 0.999997 -0.000141476 0.0025042 0.000144523 0.999999 -0.00140664 -0.0025038 0.00140736 0.999996 0.0583816 -0.27303 -0.34585
FixedParameters: 0 0 0

#Transform 107
Transform: AffineTransform_float_3_3
Parameters: 0.999998 -0.000797453 0.00192023 0.000798545 0.999999 -0.000283467 -0.00191977 0.000285531 0.999998 0.0336665 -0.155557 -0.278623
FixedParameters: 0 0 0

#Transform 108
Transform: AffineTransform_float_3_3
Parameters: 1 -4.02534e-05 -0.000614983 3.97466e-05 1 -0.000412024 0.000615016 0.000411975 0.999999 0.035388 0.0363492 -0.360631
FixedParameters: 0 0 0

#Transform 109
Transform: AffineTransform_float_3_3
Parameters: 0.999999 0.00106851 -0.00114252 -0.00106849 1 0.000448222 0.00114348 -0.000446779 0.999999 -0.0483068 -0.0205274 -0.349425
FixedParameters: 0 0 0

#Transform 110
Transform: AffineTransform_float_3_3
Parameters: 1 0.000476129 -0.000391843 -0.000476871 1 0.000329187 0.000392157 -0.000328813 1 -0.0796443 -0.041049 -0.272898
FixedParameters: 0 0 0

#Transform 111
Transform: AffineTransform_float_3_3
Parameters: 1 0.000399927 -0.000202144 -0.000400073 1 -0.000359919 0.000201856 0.000360081 1 -0.0857279 -0.0974172 -0.304203
FixedParameters: 0 0 0

#Transform 112
Transform: AffineTransform_float_3_3
Parameters: 1 0.000423163 0.000171599 -0.000422837 1 -0.000948073 -0.000172401 0.000947927 0.999999 -0.0853651 -0.130835 -0.338536
FixedParameters: 0 0 0

#Transform 113
Transform: AffineTransform_float_3_3
Parameters: 0.999999 0.000416386 0.000668759 -0.000416614 0.999999 -0.000577278 -0.00066924 0.000576721 0.999999 -0.108359 -0.130784 -0.178989
FixedParameters: 0 0 0

#Transform 114
Transform: AffineTransform_float_3_3
Parameters: 0.999999 6.65686e-05 0.000878957 -6.54312e-05 1 -0.000647058 -0.000879043 0.000646942 1 -0.22133 0.0469271 0.253396
FixedParameters: 0 0 0

#Transform 115
Transform: AffineTransform_float_3_3
Parameters: 0.999998 0.000323541 0.00203375 -0.00032246 0.999999 -0.000757657 -0.00203324 0.000757343 0.999997 -0.201988 0.00301657 0.133752
FixedParameters: 0 0 0

#Transform 116
Transform: AffineTransform_float_3_3
Parameters: 0.999996 0.000447352 0.00251094 -0.000446647 1 -0.000141122 -0.00251106 0.000139877 0.999997 0.0215201 -0.00935656 -0.0125901
FixedParameters: 0 0 0

#Transform 117
Transform: AffineTransform_float_3_3
Parameters: 0.999986 0.00161372 0.00518185 -0.00160928 0.999999 -0.00072135 -0.00518316 0.000712647 0.999987 0.0317733 0.0380647 0.0868851
FixedParameters: 0 0 0

#Transform 118
Transform: AffineTransform_float_3_3
Parameters: 0.999983 0.00020683 0.00573275 -0.000200168 1 -0.00119217 -0.00573324 0.00119083 0.999983 0.0670108 -0.174221 -0.203635
FixedParameters: 0 0 0

#Transform 119
Transform: AffineTransform_float_3_3
Parameters: 0.999997 -0.00209087 0.0012047 0.00209313 0.999996 -0.00176948 -0.00120029 0.00177251 0.999997 0.109412 -0.225574 -0.539393
FixedParameters: 0 0 0
