# transform file /out/sourcedata/freesurfer/sub-v2s0x29045_ses-1/mri/transforms/cc_up.lta
# created by oesteban on Tue Mar 10 11:56:54 2026

type      = 0 # LINEAR_VOX_TO_VOX
nxforms   = 1
mean      = 130.0000 145.0000 107.0000
sigma     = 10000.0000
1 4 4
9.961826205253601e-01 -2.083822339773178e-02 -8.476884663105011e-02 1.178128814697266e+01 
2.076318673789501e-02 9.997828006744385e-01 -1.766815898008645e-03 -2.450114250183105e+00 
8.478725701570511e-02 0.000000000000000e+00 9.963989853858948e-01 2.755609893798828e+01 
0.000000000000000e+00 0.000000000000000e+00 0.000000000000000e+00 1.000000000000000e+00 
src volume info
valid = 1  # volume info valid
filename = /out/sourcedata/freesurfer/sub-v2s0x29045_ses-1/mri/norm.mgz
volume = 256 256 256
voxelsize = 1.000000000000000e+00 1.000000000000000e+00 1.000000000000000e+00
xras   = -1.000000000000000e+00 0.000000000000000e+00 0.000000000000000e+00
yras   = 0.000000000000000e+00 0.000000000000000e+00 -1.000000000000000e+00
zras   = 0.000000000000000e+00 1.000000000000000e+00 0.000000000000000e+00
cras   = 6.285743713378906e+00 2.629072570800781e+01 6.693292236328125e+01
dst volume info
valid = 1  # volume info valid
filename = /out/sourcedata/freesurfer/sub-v2s0x29045_ses-1/mri/norm.mgz
volume = 256 256 256
voxelsize = 1.000000000000000e+00 1.000000000000000e+00 1.000000000000000e+00
xras   = -1.000000000000000e+00 0.000000000000000e+00 0.000000000000000e+00
yras   = 0.000000000000000e+00 0.000000000000000e+00 -1.000000000000000e+00
zras   = 0.000000000000000e+00 1.000000000000000e+00 0.000000000000000e+00
cras   = 6.285743713378906e+00 2.629072570800781e+01 6.693292236328125e+01
