#Insight Transform File V1.0
#Transform 0
Transform: AffineTransform_float_3_3
Parameters: 0.999999 5.25384e-05 -0.00128975 -4.54654e-05 0.999987 0.00506907 0.00128925 -0.00506894 0.999987 0.0291626 -0.149559 -0.0840747
FixedParameters: 0 0 0

#Transform 1
Transform: AffineTransform_float_3_3
Parameters: 1 -0.00054014 -0.00108942 0.000544862 0.99999 0.00446541 0.00108758 -0.00446659 0.99999 0.0140218 -0.130882 -0.106967
FixedParameters: 0 0 0

#Transform 2
Transform: AffineTransform_float_3_3
Parameters: 1 -0.0004243 -0.00103594 0.000428701 0.999989 0.00454156 0.00103406 -0.00454144 0.999989 0.00984687 -0.1435 -0.0572405
FixedParameters: 0 0 0

#Transform 3
Transform: AffineTransform_float_3_3
Parameters: 0.999999 -0.000443841 -0.000811735 0.000447157 0.999993 0.00389664 0.000809264 -0.00389636 0.999992 0.0264686 -0.153025 -0.0578595
FixedParameters: 0 0 0

#Transform 4
Transform: AffineTransform_float_3_3
Parameters: 1 -0.000504664 -0.00110699 0.000508337 0.999992 0.00392044 0.00110502 -0.00392056 0.999991 0.0144772 -0.147617 -0.117692
FixedParameters: 0 0 0

#Transform 5
Transform: AffineTransform_float_3_3
Parameters: 0.999999 -0.000915597 -0.00098617 0.000918402 0.999993 0.00345609 0.000982831 -0.0034569 0.999993 -0.00506408 -0.132905 -0.143455
FixedParameters: 0 0 0

#Transform 6
Transform: AffineTransform_float_3_3
Parameters: 0.999999 -0.000949006 -0.000934075 0.000952994 0.999991 0.00428412 0.000929925 -0.00428589 0.999991 -0.0162338 -0.176671 -0.107189
FixedParameters: 0 0 0

#Transform 7
Transform: AffineTransform_float_3_3
Parameters: 0.999999 0.000113041 -0.000980542 -0.000108961 0.999991 0.00412011 0.000980457 -0.00411989 0.999991 0.0205168 -0.196553 -0.0664466
FixedParameters: 0 0 0

#Transform 8
Transform: AffineTransform_float_3_3
Parameters: 0.999999 9.73938e-05 -0.00092965 -9.36048e-05 0.999994 0.00365009 0.000930347 -0.00364991 0.999993 0.0355157 -0.118075 -0.0623594
FixedParameters: 0 0 0

#Transform 9
Transform: AffineTransform_float_3_3
Parameters: 0.999999 0.00024366 -0.000859971 -0.000239339 0.999991 0.00425421 0.000861025 -0.00425379 0.99999 0.0366467 -0.137251 -0.0820591
FixedParameters: 0 0 0

#Transform 10
Transform: AffineTransform_float_3_3
Parameters: 0.999999 4.50377e-05 -0.000754824 -4.19615e-05 0.999992 0.00402403 0.000755174 -0.00402397 0.999991 0.0137844 -0.131432 -0.0699136
FixedParameters: 0 0 0

#Transform 11
Transform: AffineTransform_float_3_3
Parameters: 1 -0.000366886 -0.000931234 0.000370117 0.999995 0.00334666 0.000930767 -0.00334634 0.999994 0.0283095 -0.0783569 -0.083573
FixedParameters: 0 0 0

#Transform 12
Transform: AffineTransform_float_3_3
Parameters: 0.999999 0.000141162 -0.000929525 -0.000137836 0.999994 0.00340113 0.000930474 -0.00340087 0.999994 0.035409 -0.0739973 -0.0818699
FixedParameters: 0 0 0

#Transform 13
Transform: AffineTransform_float_3_3
Parameters: 1 -1.21013e-05 -0.000930059 1.58985e-05 0.999991 0.00419199 0.000929942 -0.00419201 0.999991 0.0347829 -0.0905874 -0.0483067
FixedParameters: 0 0 0

#Transform 14
Transform: AffineTransform_float_3_3
Parameters: 0.999999 -0.000157774 -0.000826622 0.000161227 0.999993 0.00390387 0.000826377 -0.00390413 0.999992 0.012254 -0.10896 -0.115054
FixedParameters: 0 0 0

#Transform 15
Transform: AffineTransform_float_3_3
Parameters: 0.999999 -0.000367451 -0.000750254 0.000369552 0.999994 0.00340072 0.000749747 -0.00340028 0.999994 0.00674185 -0.133475 -0.0711479
FixedParameters: 0 0 0

#Transform 16
Transform: AffineTransform_float_3_3
Parameters: 0.999999 -0.000218189 -0.000861461 0.000219811 0.999998 0.00210381 0.00086054 -0.00210319 0.999998 0.0170015 -0.0613917 -0.106844
FixedParameters: 0 0 0

#Transform 17
Transform: AffineTransform_float_3_3
Parameters: 0.999999 -0.000367887 -0.000734062 0.000370113 0.999996 0.00288073 0.000732937 -0.00288027 0.999995 0.00638779 -0.0326168 -0.123602
FixedParameters: 0 0 0

#Transform 18
Transform: AffineTransform_float_3_3
Parameters: 0.999999 -4.87352e-05 -0.000718157 5.12675e-05 0.999995 0.00315396 0.000718842 -0.00315404 0.999995 0.00894857 -0.0789174 0.00220993
FixedParameters: 0 0 0

#Transform 19
Transform: AffineTransform_float_3_3
Parameters: 1 -0.000286308 -0.000488406 0.000286693 0.999999 0.00141786 0.000488594 -0.00141814 0.999999 0.00254694 -0.093652 -0.0231623
FixedParameters: 0 0 0

#Transform 20
Transform: AffineTransform_float_3_3
Parameters: 1 -0.000197438 -0.000488228 0.000197563 1 0.0011519 0.000488773 -0.0011521 0.999999 0.00418486 -0.0273569 -0.0428737
FixedParameters: 0 0 0

#Transform 21
Transform: AffineTransform_float_3_3
Parameters: 1 -0.000315794 -0.000488133 0.000316206 1 0.000422846 0.000487866 -0.000422154 1 0.018344 -0.126616 -0.105268
FixedParameters: 0 0 0

#Transform 22
Transform: AffineTransform_float_3_3
Parameters: 1 -0.000297042 -0.000487974 0.000296958 1 -8.61449e-05 0.000488025 8.5855e-05 1 0.0238862 -0.0659121 -0.111365
FixedParameters: 0 0 0

#Transform 23
Transform: AffineTransform_float_3_3
Parameters: 1 4.43277e-05 0.000453872 -4.26718e-05 0.999995 -0.00292502 -0.000454127 0.00292498 0.999995 -0.00402727 0.0398576 -0.00211549
FixedParameters: 0 0 0

#Transform 24
Transform: AffineTransform_float_3_3
Parameters: 1 -0.000381793 0.000463995 0.000383206 0.999996 -0.00260282 -0.000463004 0.00260318 0.999997 -0.0244997 0.0183415 -0.00804921
FixedParameters: 0 0 0

#Transform 25
Transform: AffineTransform_float_3_3
Parameters: 1 -0.000382373 -0.000568422 0.000382626 1 0.00110278 0.000567578 -0.00110322 0.999999 0.0446925 -0.0631252 0.116089
FixedParameters: 0 0 0

#Transform 26
Transform: AffineTransform_float_3_3
Parameters: 1 -0.000102373 -0.00015342 0.000103625 0.999991 0.00409398 0.000152577 -0.00409401 0.999991 0.0266089 -0.078355 0.180782
FixedParameters: 0 0 0

#Transform 27
Transform: AffineTransform_float_3_3
Parameters: 1 -0.000428589 0.000296717 0.000427409 0.999985 0.00533612 -0.000299285 -0.00533587 0.999985 -0.0435257 -0.126809 0.119174
FixedParameters: 0 0 0

#Transform 28
Transform: AffineTransform_float_3_3
Parameters: 1 -0.000433921 0.000254437 0.000433077 0.999994 0.00360711 -0.000256564 -0.00360689 0.999994 -0.00808189 -0.101894 0.0266272
FixedParameters: 0 0 0

#Transform 29
Transform: AffineTransform_float_3_3
Parameters: 1 0.000403524 0.000141367 -0.000404475 0.999994 0.00338594 -0.000139631 -0.00338606 0.999995 -0.00140571 -0.130629 0.0734639
FixedParameters: 0 0 0

#Transform 30
Transform: AffineTransform_float_3_3
Parameters: 1 0.000416532 -0.000446575 -0.000415469 0.999994 0.00342619 0.000447426 -0.00342581 0.999994 0.0756348 -0.127077 -0.0240673
FixedParameters: 0 0 0

#Transform 31
Transform: AffineTransform_float_3_3
Parameters: 1 -4.15631e-05 -0.000554188 4.34405e-05 0.999991 0.00439798 0.000554814 -0.00439803 0.99999 0.0148037 -0.137823 -0.227925
FixedParameters: 0 0 0

#Transform 32
Transform: AffineTransform_float_3_3
Parameters: 1 7.44973e-06 -0.000225986 -7.55024e-06 0.999998 0.00199 0.000226015 -0.00199 0.999998 0.00174535 -0.0686545 -0.161724
FixedParameters: 0 0 0

#Transform 33
Transform: AffineTransform_float_3_3
Parameters: 1 0.000213126 -0.000164837 -0.000212875 0.999999 0.000763035 0.000164162 -0.000762965 0.999999 -0.0143744 -0.074267 -0.162842
FixedParameters: 0 0 0

#Transform 34
Transform: AffineTransform_float_3_3
Parameters: 1 -0.000157067 -5.17976e-05 0.000156933 0.999999 -0.00128901 5.22023e-05 0.00128899 0.999999 -0.00684737 -0.00498856 -0.0953292
FixedParameters: 0 0 0

#Transform 35
Transform: AffineTransform_float_3_3
Parameters: 1 -0.000603211 -4.94965e-05 0.000603787 0.999991 -0.00415103 5.25068e-05 0.00415097 0.999992 0.00107273 0.033084 0.0049929
FixedParameters: 0 0 0

#Transform 36
Transform: AffineTransform_float_3_3
Parameters: 1 2.16709e-05 0.00116794 -1.83289e-05 0.999995 -0.00314302 -0.00116806 0.00314298 0.999995 0.0001538 0.120603 0.0144639
FixedParameters: 0 0 0

#Transform 37
Transform: AffineTransform_float_3_3
Parameters: 1 -0.00013507 0.00111836 0.000137929 0.999996 -0.00261985 -0.00111764 0.00262015 0.999996 -0.0194447 0.0457468 0.0621765
FixedParameters: 0 0 0

#Transform 38
Transform: AffineTransform_float_3_3
Parameters: 0.999999 0.000219979 0.00095732 -0.000217022 0.999995 -0.00311121 -0.000957679 0.00311079 0.999994 0.0251378 -0.0522332 -0.0374639
FixedParameters: 0 0 0

#Transform 39
Transform: AffineTransform_float_3_3
Parameters: 0.999999 -0.000126018 0.000900279 0.000127981 0.999998 -0.00220189 -0.00089972 0.00220212 0.999997 0.0242963 0.0143675 0.115948
FixedParameters: 0 0 0

#Transform 40
Transform: AffineTransform_float_3_3
Parameters: 1 -0.000570712 0.000171651 0.000570287 0.999992 0.0041181 -0.00017435 -0.0041179 0.999991 -0.015913 -0.0508652 0.285011
FixedParameters: 0 0 0

#Transform 41
Transform: AffineTransform_float_3_3
Parameters: 1 -0.000128066 1.23297e-05 0.000127935 0.999987 0.005235 -1.26699e-05 -0.005235 0.999987 0.017856 -0.0952673 0.248886
FixedParameters: 0 0 0

#Transform 42
Transform: AffineTransform_float_3_3
Parameters: 1 0.000268875 0.000458661 -0.000270125 0.999997 0.00245388 -0.000458338 -0.00245412 0.999997 0.0033722 -0.0598536 0.115923
FixedParameters: 0 0 0

#Transform 43
Transform: AffineTransform_float_3_3
Parameters: 1 0.000485703 -0.000219451 -0.000485298 0.999995 0.00319211 0.00022055 -0.00319189 0.999995 0.0184829 -0.0850026 0.0321286
FixedParameters: 0 0 0

#Transform 44
Transform: AffineTransform_float_3_3
Parameters: 1 -0.000164087 0.00047297 0.000163913 1 0.000183078 -0.00047303 -0.000183922 1 -0.00859386 -0.0840381 -0.156347
FixedParameters: 0 0 0

#Transform 45
Transform: AffineTransform_float_3_3
Parameters: 1 -0.000238171 6.63888e-05 0.00023783 0.999996 0.00256701 -6.66107e-05 -0.00256698 0.999996 0.0212444 -0.071762 -0.0802169
FixedParameters: 0 0 0

#Transform 46
Transform: AffineTransform_float_3_3
Parameters: 0.999999 -0.000166159 0.000723508 0.000163842 0.999995 0.00298312 -0.000723492 -0.00298288 0.999996 -0.0344434 -0.0397538 0.194656
FixedParameters: 0 0 0

#Transform 47
Transform: AffineTransform_float_3_3
Parameters: 1 -0.000164342 0.000328829 0.000163657 1 0.00104105 -0.000329171 -0.00104095 1 -0.0117696 -0.0512002 0.140528
FixedParameters: 0 0 0

#Transform 48
Transform: AffineTransform_float_3_3
Parameters: 1 -0.000164841 0.000650787 0.000164159 0.999999 0.00129211 -0.000651212 -0.00129189 0.999999 -0.0161165 0.021509 0.0811703
FixedParameters: 0 0 0

#Transform 49
Transform: AffineTransform_float_3_3
Parameters: 0.999999 -0.00016395 0.000724011 0.00016405 1 -6.88812e-05 -0.000723988 6.91187e-05 0.999999 -0.024454 -0.0693632 0.0807578
FixedParameters: 0 0 0

#Transform 50
Transform: AffineTransform_float_3_3
Parameters: 1 -0.000159142 0.00108672 0.000163859 0.99999 -0.00447183 -0.00108628 0.00447218 0.99999 -0.00423659 0.0127041 0.00183866
FixedParameters: 0 0 0

#Transform 51
Transform: AffineTransform_float_3_3
Parameters: 0.999999 0.000136816 0.00125548 -0.000132186 0.999992 -0.00383517 -0.00125552 0.00383483 0.999992 -0.00630476 -0.00541439 -0.0257669
FixedParameters: 0 0 0

#Transform 52
Transform: AffineTransform_float_3_3
Parameters: 0.999999 -0.000163299 0.000858134 0.000163702 0.999999 -0.00081786 -0.000857866 0.00081714 1 -0.0189857 -0.053789 0.241996
FixedParameters: 0 0 0

#Transform 53
Transform: AffineTransform_float_3_3
Parameters: 1 -5.2282e-05 0.00110994 5.07179e-05 1 0.00115506 -0.00111006 -0.00115494 0.999998 -0.00680885 -0.0320954 0.279625
FixedParameters: 0 0 0

#Transform 54
Transform: AffineTransform_float_3_3
Parameters: 0.999999 0.00030371 0.000861167 -0.000306288 0.999992 0.00382174 -0.000859836 -0.00382226 0.999993 0.0141258 0.0458191 0.332468
FixedParameters: 0 0 0

#Transform 55
Transform: AffineTransform_float_3_3
Parameters: 0.999999 0.000442894 0.000752243 -0.000445105 0.999996 0.00280167 -0.000750755 -0.00280233 0.999996 0.0281838 -0.0410864 0.171908
FixedParameters: 0 0 0

#Transform 56
Transform: AffineTransform_float_3_3
Parameters: 0.999999 -0.000165275 0.000893765 0.000163726 0.999999 0.00142515 -0.000894234 -0.00142585 0.999998 -0.0206361 -0.182732 -0.232175
FixedParameters: 0 0 0

#Transform 57
Transform: AffineTransform_float_3_3
Parameters: 0.999999 -0.000397564 0.00149438 0.000399435 1 -0.000960405 -0.00149362 0.000961596 0.999999 -0.0642476 -0.0235733 -0.134558
FixedParameters: 0 0 0

#Transform 58
Transform: AffineTransform_float_3_3
Parameters: 0.999999 0.000229903 0.00149401 -0.000230097 1 6.46563e-05 -0.00149398 -6.53435e-05 0.999999 -0.0290479 -0.0289849 0.276791
FixedParameters: 0 0 0

#Transform 59
Transform: AffineTransform_float_3_3
Parameters: 0.999998 0.000267689 0.00193409 -0.00026131 0.999994 -0.00345851 -0.00193492 0.00345749 0.999992 -0.00172483 0.0406003 0.140247
FixedParameters: 0 0 0

#Transform 60
Transform: AffineTransform_float_3_3
Parameters: 0.999999 0.000135482 0.00183653 -0.000128518 0.999994 -0.00352824 -0.00183747 0.00352876 0.999992 -0.0312848 0.0294761 0.0834345
FixedParameters: 0 0 0

#Transform 61
Transform: AffineTransform_float_3_3
Parameters: 0.999998 -0.000280979 0.00186892 0.000287022 0.999995 -0.00322247 -0.00186809 0.00322253 0.999993 -0.0411838 0.00491868 0.128974
FixedParameters: 0 0 0

#Transform 62
Transform: AffineTransform_float_3_3
Parameters: 0.999997 -0.000163421 0.00213404 0.000163578 1 -0.000270651 -0.00213395 0.000271349 0.999997 -0.0499734 -0.0374748 0.325728
FixedParameters: 0 0 0

#Transform 63
Transform: AffineTransform_float_3_3
Parameters: 0.999998 0.00011621 0.00204082 -0.000112789 0.999999 -0.00157323 -0.00204118 0.00157277 0.999996 -0.0268496 0.0375525 0.26785
FixedParameters: 0 0 0

#Transform 64
Transform: AffineTransform_float_3_3
Parameters: 0.999997 -0.000152144 0.00213388 0.000163858 0.999984 -0.00555766 -0.00213312 0.00555734 0.999983 -0.0132517 -0.0619317 0.0831526
FixedParameters: 0 0 0

#Transform 65
Transform: AffineTransform_float_3_3
Parameters: 0.999997 -0.000892375 0.00257975 0.000906622 0.999985 -0.00528568 -0.00257424 0.00528731 0.999982 0.0159899 0.00659541 0.170757
FixedParameters: 0 0 0

#Transform 66
Transform: AffineTransform_float_3_3
Parameters: 0.999997 -0.000743366 0.0020156 0.000744633 1 -0.000809501 -0.0020154 0.0008115 0.999997 0.0323957 0.117904 0.362176
FixedParameters: 0 0 0

#Transform 67
Transform: AffineTransform_float_3_3
Parameters: 0.999997 0.000866497 0.00201436 -0.000864503 1 -0.000743743 -0.00201564 0.000742255 0.999997 0.00488231 0.0184853 0.359174
FixedParameters: 0 0 0

#Transform 68
Transform: AffineTransform_float_3_3
Parameters: 0.999997 0.000774704 0.00206936 -0.000772297 1 -0.000823601 -0.00206964 0.000822399 0.999998 0.00208202 0.0287879 0.380543
FixedParameters: 0 0 0

#Transform 69
Transform: AffineTransform_float_3_3
Parameters: 0.999993 0.000879144 0.00366576 -0.000856854 0.999982 -0.00603819 -0.00367124 0.00603482 0.999975 -0.0405974 0.00602574 0.165069
FixedParameters: 0 0 0

#Transform 70
Transform: AffineTransform_float_3_3
Parameters: 0.999995 0.000466077 0.00316811 -0.000445922 0.99998 -0.00633544 -0.00317089 0.00633355 0.999975 -0.0384335 -0.0729004 0.166723
FixedParameters: 0 0 0

#Transform 71
Transform: AffineTransform_float_3_3
Parameters: 0.999994 0.000939024 0.00336019 -0.00091797 0.99998 -0.00625312 -0.0033668 0.00624988 0.999975 -0.0319495 -0.0240758 0.26577
FixedParameters: 0 0 0

#Transform 72
Transform: AffineTransform_float_3_3
Parameters: 0.999999 0.000718643 0.00170873 -0.000718356 0.999999 -0.000377228 -0.00170927 0.000375772 0.999999 0.0039928 -0.049134 0.394421
FixedParameters: 0 0 0

#Transform 73
Transform: AffineTransform_float_3_3
Parameters: 0.999997 0.000684786 0.00206374 -0.000686215 0.999999 0.00107259 -0.00206326 -0.00107342 0.999998 0.000167727 -0.0408131 0.408556
FixedParameters: 0 0 0

#Transform 74
Transform: AffineTransform_float_3_3
Parameters: 0.999997 0.000661404 0.00239134 -0.000658596 1 -0.00100558 -0.00239266 0.00100442 0.999996 -0.00984324 -0.00852394 0.313859
FixedParameters: 0 0 0

#Transform 75
Transform: AffineTransform_float_3_3
Parameters: 0.999994 0.000939215 0.00336215 -0.000917785 0.999979 -0.00630613 -0.00336785 0.00630288 0.999975 -0.0199935 -0.0264479 0.182398
FixedParameters: 0 0 0

#Transform 76
Transform: AffineTransform_float_3_3
Parameters: 0.999998 0.000446056 0.00189299 -0.000445944 1 -2.98442e-05 -0.00189301 2.91557e-05 0.999998 -0.0306013 -0.0692926 0.396018
FixedParameters: 0 0 0

#Transform 77
Transform: AffineTransform_float_3_3
Parameters: 0.999998 0.000495752 0.00189412 -0.000500248 0.999998 0.00224306 -0.00189288 -0.00224394 0.999995 -0.0293126 -0.0017293 0.51222
FixedParameters: 0 0 0

#Transform 78
Transform: AffineTransform_float_3_3
Parameters: 0.999997 0.000920009 0.0023142 -0.000917991 0.999999 -0.000869127 -0.0023148 0.000866873 0.999997 -0.0309964 -0.0134417 0.396111
FixedParameters: 0 0 0

#Transform 79
Transform: AffineTransform_float_3_3
Parameters: 0.999992 0.00108158 0.00388898 -0.00105543 0.999978 -0.00657316 -0.00389502 0.00656884 0.999971 -0.0284956 -0.0234464 0.175704
FixedParameters: 0 0 0

#Transform 80
Transform: AffineTransform_float_3_3
Parameters: 0.999993 0.000513331 0.00355271 -0.000489667 0.999979 -0.00656479 -0.00355629 0.00656322 0.999972 -0.0369853 -0.0171322 0.238299
FixedParameters: 0 0 0

#Transform 81
Transform: AffineTransform_float_3_3
Parameters: 0.999999 0.000129381 0.00145714 -0.000130619 1 0.00111081 -0.00145686 -0.00111119 0.999999 -0.00432646 -0.0465688 0.498869
FixedParameters: 0 0 0

#Transform 82
Transform: AffineTransform_float_3_3
Parameters: 0.999997 0.000915974 0.00219585 -0.000918027 0.999999 0.000921987 -0.00219515 -0.000924014 0.999997 -0.000435526 -0.0178025 0.502911
FixedParameters: 0 0 0

#Transform 83
Transform: AffineTransform_float_3_3
Parameters: 0.99999 0.0009471 0.00434075 -0.000917898 0.999977 -0.00670105 -0.00434725 0.00669695 0.999968 -0.0398046 -0.0377196 0.173128
FixedParameters: 0 0 0

#Transform 84
Transform: AffineTransform_float_3_3
Parameters: 0.999993 0.00053559 0.00370839 -0.00051041 0.999976 -0.00689894 -0.00371161 0.00689606 0.99997 -0.0315464 -0.0127405 0.143375
FixedParameters: 0 0 0

#Transform 85
Transform: AffineTransform_float_3_3
Parameters: 0.999999 0.000347434 0.0013594 -0.000348566 1 0.00115253 -0.0013586 -0.00115247 0.999999 0.0234778 -0.0602193 0.467143
FixedParameters: 0 0 0

#Transform 86
Transform: AffineTransform_float_3_3
Parameters: 0.999998 -0.000586843 0.00200105 0.000587157 1 -7.78252e-05 -0.00200095 7.91744e-05 0.999998 -0.0418902 -0.0508831 0.466874
FixedParameters: 0 0 0

#Transform 87
Transform: AffineTransform_float_3_3
Parameters: 0.999991 0.00044141 0.00408593 -0.00041159 0.999974 -0.00719574 -0.00408906 0.00719425 0.999966 -0.0485331 -0.056664 0.193676
FixedParameters: 0 0 0

#Transform 88
Transform: AffineTransform_float_3_3
Parameters: 0.999992 0.00128372 0.00373391 -0.00125427 0.999967 -0.00795275 -0.00374409 0.00794726 0.999962 -0.0198858 -0.0884279 0.144242
FixedParameters: 0 0 0

#Transform 89
Transform: AffineTransform_float_3_3
Parameters: 0.999993 0.000477398 0.00353418 -0.0004566 0.999981 -0.00605365 -0.00353683 0.00605135 0.999976 -0.0328312 -0.0208402 0.289369
FixedParameters: 0 0 0

#Transform 90
Transform: AffineTransform_float_3_3
Parameters: 0.999999 0.000670868 0.00173421 -0.000674132 0.999998 0.00180583 -0.00173279 -0.00180717 0.999997 0.0110393 0.024165 0.601178
FixedParameters: 0 0 0

#Transform 91
Transform: AffineTransform_float_3_3
Parameters: 0.999991 0.00144735 0.0040179 -0.00141966 0.999974 -0.00704977 -0.0040271 0.00704424 0.999967 -0.0190028 0.0157179 0.222498
FixedParameters: 0 0 0

#Transform 92
Transform: AffineTransform_float_3_3
Parameters: 0.99999 0.00178524 0.00413824 -0.00175276 0.999968 -0.00778233 -0.00415176 0.00777467 0.999961 -0.00501257 -0.0538827 0.115326
FixedParameters: 0 0 0

#Transform 93
Transform: AffineTransform_float_3_3
Parameters: 0.99999 0.00137532 0.0042683 -0.00134769 0.999978 -0.00639582 -0.0042767 0.00639018 0.999971 -0.0545299 -0.0459706 0.289213
FixedParameters: 0 0 0

#Transform 94
Transform: AffineTransform_float_3_3
Parameters: 0.999998 0.00045032 0.00205203 -0.000454681 0.999998 0.00228107 -0.00205097 -0.00228193 0.999996 -0.0241859 -0.0294062 0.567581
FixedParameters: 0 0 0

#Transform 95
Transform: AffineTransform_float_3_3
Parameters: 0.999995 0.00103394 0.00303598 -0.00102805 0.999997 -0.00195913 -0.00303802 0.00195587 0.999993 -0.0331978 0.0194102 0.367851
FixedParameters: 0 0 0

#Transform 96
Transform: AffineTransform_float_3_3
Parameters: 0.99999 0.00178356 0.00415903 -0.00175244 0.999971 -0.00734036 -0.00417197 0.00733363 0.999965 -0.0350433 0.0283974 0.206967
FixedParameters: 0 0 0

#Transform 97
Transform: AffineTransform_float_3_3
Parameters: 0.999987 0.00139486 0.00498893 -0.00136214 0.999978 -0.00658389 -0.00499807 0.00657712 0.999966 -0.0681887 -0.0706856 0.225531
FixedParameters: 0 0 0

#Transform 98
Transform: AffineTransform_float_3_3
Parameters: 0.999991 0.000826275 0.00419591 -0.000800726 0.99998 -0.00625942 -0.00420109 0.00625658 0.999971 -0.0615792 -0.0570525 0.350285
FixedParameters: 0 0 0

#Transform 99
Transform: AffineTransform_float_3_3
Parameters: 0.999999 0.00115093 0.00138589 -0.00115207 0.999999 0.000773404 -0.00138511 -0.000775595 0.999998 0.0344522 -0.0443781 0.604916
FixedParameters: 0 0 0

#Transform 100
Transform: AffineTransform_float_3_3
Parameters: 0.999996 0.000551625 0.00273347 -0.000549377 1 -0.000960506 -0.00273353 0.000959496 0.999996 -0.00939571 -0.0441888 0.425763
FixedParameters: 0 0 0

#Transform 101
Transform: AffineTransform_float_3_3
Parameters: 0.999987 0.00238719 0.00445739 -0.00235382 0.999969 -0.00743559 -0.00447462 0.00742541 0.999963 0.0447787 -0.0393761 0.138283
FixedParameters: 0 0 0

#Transform 102
Transform: AffineTransform_float_3_3
Parameters: 0.99999 0.00101694 0.00421689 -0.000986058 0.999975 -0.00709623 -0.0042241 0.00709177 0.999966 -0.0315038 -0.0808686 0.213128
FixedParameters: 0 0 0

#Transform 103
Transform: AffineTransform_float_3_3
Parameters: 0.999997 0.00118752 0.00207027 -0.00118848 1 0.00022854 -0.00207073 -0.00023146 0.999998 0.00129119 -0.0667068 0.522885
FixedParameters: 0 0 0

#Transform 104
Transform: AffineTransform_float_3_3
Parameters: 0.999998 0.000808956 0.00193039 -0.000816043 0.999991 0.00417043 -0.00192661 -0.00417157 0.999989 0.0171997 0.0445796 0.571787
FixedParameters: 0 0 0

#Transform 105
Transform: AffineTransform_float_3_3
Parameters: 0.999998 0.00100492 0.00210747 -0.00100808 0.999999 0.00146188 -0.00210553 -0.00146412 0.999996 -0.0138419 -0.0113214 0.407695
FixedParameters: 0 0 0

#Transform 106
Transform: AffineTransform_float_3_3
Parameters: 0.999997 0.00054565 0.00236977 -0.000548351 0.999999 0.0014137 -0.00236923 -0.0014143 0.999996 -0.0584522 -0.165497 0.345164
FixedParameters: 0 0 0

#Transform 107
Transform: AffineTransform_float_3_3
Parameters: 0.999997 0.000955963 0.00189555 -0.000961038 0.999996 0.00265818 -0.00189345 -0.00265982 0.999994 -0.0129854 -0.205079 0.372921
FixedParameters: 0 0 0

#Transform 108
Transform: AffineTransform_float_3_3
Parameters: 0.999998 -4.44057e-06 0.001893 3.55942e-06 0.999999 0.000761008 -0.001893 -0.000760993 0.999998 -0.0556646 -0.131796 0.299806
FixedParameters: 0 0 0

#Transform 109
Transform: AffineTransform_float_3_3
Parameters: 0.999999 0.000440992 0.00134466 -0.000443008 0.999999 0.00149341 -0.00134434 -0.00149359 0.999998 -0.0357965 -0.0632607 0.316532
FixedParameters: 0 0 0

#Transform 110
Transform: AffineTransform_float_3_3
Parameters: 0.999999 3.76533e-05 0.00134407 -3.93466e-05 0.999999 0.00174595 -0.00134393 -0.00174605 0.999997 -0.0430894 -0.00853348 0.373216
FixedParameters: 0 0 0

#Transform 111
Transform: AffineTransform_float_3_3
Parameters: 0.999992 0.000908834 0.0038952 -0.00088816 0.999986 -0.0053475 -0.0039008 0.0053435 0.999978 -0.0376425 0.0691757 0.132013
FixedParameters: 0 0 0

#Transform 112
Transform: AffineTransform_float_3_3
Parameters: 0.999994 -0.00012145 0.00343887 0.000143553 0.999979 -0.00655855 -0.00343813 0.00655846 0.999972 -0.0752421 0.0535306 0.0799522
FixedParameters: 0 0 0

#Transform 113
Transform: AffineTransform_float_3_3
Parameters: 0.999992 0.000811145 0.00379133 -0.00078885 0.999982 -0.00583903 -0.00379667 0.00583596 0.999976 -0.0510855 0.0231699 0.309545
FixedParameters: 0 0 0

#Transform 114
Transform: AffineTransform_float_3_3
Parameters: 0.999997 0.000353017 0.00243771 -0.000350982 0.999999 -0.000827858 -0.00243829 0.000827141 0.999996 -0.051231 0.00316951 0.423326
FixedParameters: 0 0 0

#Transform 115
Transform: AffineTransform_float_3_3
Parameters: 0.999989 0.00129131 0.004514 -0.00126269 0.999979 -0.00626877 -0.004522 0.00626323 0.99997 -0.0644283 0.0281053 0.161034
FixedParameters: 0 0 0

#Transform 116
Transform: AffineTransform_float_3_3
Parameters: 0.99999 0.00104411 0.0043153 -0.00101589 0.999979 -0.00651245 -0.00432171 0.00650756 0.99997 -0.0643877 0.0372003 0.196737
FixedParameters: 0 0 0

#Transform 117
Transform: AffineTransform_float_3_3
Parameters: 0.999997 0.000483703 0.00215229 -0.000485297 0.999999 0.000601957 -0.00215271 -0.000603043 0.999998 -0.0616868 0.0439754 0.559515
FixedParameters: 0 0 0

#Transform 118
Transform: AffineTransform_float_3_3
Parameters: 0.999994 0.000800516 0.00318262 -0.000794485 0.999998 -0.00173354 -0.00318438 0.00173146 0.999994 -0.0432567 0.0457117 0.422041
FixedParameters: 0 0 0

#Transform 119
Transform: AffineTransform_float_3_3
Parameters: 0.999998 0.000689761 0.0015878 -0.000687238 0.999999 -0.00173909 -0.0015892 0.00173791 0.999997 0.0343665 -0.0639064 -0.273469
FixedParameters: 0 0 0
