# transform file /out/sourcedata/freesurfer/sub-v2s0x29048_ses-1/mri/transforms/cc_up.lta
# created by oesteban on Tue Mar 10 14:13:42 2026

type      = 0 # LINEAR_VOX_TO_VOX
nxforms   = 1
mean      = 129.0000 100.0000 117.0000
sigma     = 10000.0000
1 4 4
9.993941783905029e-01 -2.464922331273556e-02 2.457123808562756e-02 1.526691913604736e-01 
2.464177645742893e-02 9.996961951255798e-01 6.058460567146540e-04 4.377377319335938e+01 
-2.457870543003082e-02 -5.820766091346741e-11 9.996978640556335e-01 2.220958709716797e+01 
0.000000000000000e+00 0.000000000000000e+00 0.000000000000000e+00 1.000000000000000e+00 
src volume info
valid = 1  # volume info valid
filename = /out/sourcedata/freesurfer/sub-v2s0x29048_ses-1/mri/norm.mgz
volume = 256 256 256
voxelsize = 1.000000000000000e+00 1.000000000000000e+00 1.000000000000000e+00
xras   = -1.000000000000000e+00 0.000000000000000e+00 0.000000000000000e+00
yras   = 0.000000000000000e+00 0.000000000000000e+00 -1.000000000000000e+00
zras   = 0.000000000000000e+00 1.000000000000000e+00 0.000000000000000e+00
cras   = 7.740631103515625e-01 3.881576538085938e+01 -6.714340209960938e+00
dst volume info
valid = 1  # volume info valid
filename = /out/sourcedata/freesurfer/sub-v2s0x29048_ses-1/mri/norm.mgz
volume = 256 256 256
voxelsize = 1.000000000000000e+00 1.000000000000000e+00 1.000000000000000e+00
xras   = -1.000000000000000e+00 0.000000000000000e+00 0.000000000000000e+00
yras   = 0.000000000000000e+00 0.000000000000000e+00 -1.000000000000000e+00
zras   = 0.000000000000000e+00 1.000000000000000e+00 0.000000000000000e+00
cras   = 7.740631103515625e-01 3.881576538085938e+01 -6.714340209960938e+00
