# transform file /out/sourcedata/freesurfer/sub-v2s0x29037_ses-1/mri/transforms/cc_up.lta
# created by oesteban on Tue Mar 10 11:22:29 2026

type      = 0 # LINEAR_VOX_TO_VOX
nxforms   = 1
mean      = 125.0000 92.0000 124.0000
sigma     = 10000.0000
1 4 4
9.979822039604187e-01 -5.854125693440437e-02 2.458636648952961e-02 5.364355564117432e+00 
5.852349847555161e-02 9.982849955558777e-01 1.441789441742003e-03 4.762437438964844e+01 
-2.462860383093357e-02 0.000000000000000e+00 9.996966719627380e-01 2.012290954589844e+01 
0.000000000000000e+00 0.000000000000000e+00 0.000000000000000e+00 1.000000000000000e+00 
src volume info
valid = 1  # volume info valid
filename = /out/sourcedata/freesurfer/sub-v2s0x29037_ses-1/mri/norm.mgz
volume = 256 256 256
voxelsize = 1.000000000000000e+00 1.000000000000000e+00 1.000000000000000e+00
xras   = -1.000000000000000e+00 0.000000000000000e+00 0.000000000000000e+00
yras   = 0.000000000000000e+00 0.000000000000000e+00 -1.000000000000000e+00
zras   = 0.000000000000000e+00 1.000000000000000e+00 0.000000000000000e+00
cras   = 7.740631103515625e-01 3.089366912841797e+01 1.301666259765625e+00
dst volume info
valid = 1  # volume info valid
filename = /out/sourcedata/freesurfer/sub-v2s0x29037_ses-1/mri/norm.mgz
volume = 256 256 256
voxelsize = 1.000000000000000e+00 1.000000000000000e+00 1.000000000000000e+00
xras   = -1.000000000000000e+00 0.000000000000000e+00 0.000000000000000e+00
yras   = 0.000000000000000e+00 0.000000000000000e+00 -1.000000000000000e+00
zras   = 0.000000000000000e+00 1.000000000000000e+00 0.000000000000000e+00
cras   = 7.740631103515625e-01 3.089366912841797e+01 1.301666259765625e+00
