# transform file /out/sourcedata/freesurfer/sub-v2s0x29035_ses-1/mri/transforms/cc_up.lta
# created by oesteban on Tue Mar 10 11:14:48 2026

type      = 0 # LINEAR_VOX_TO_VOX
nxforms   = 1
mean      = 125.0000 98.0000 113.0000
sigma     = 10000.0000
1 4 4
9.946438670158386e-01 -1.029663756489754e-01 -9.026589803397655e-03 1.484390735626221e+01 
1.029621362686157e-01 9.946848154067993e-01 -9.344017016701400e-04 3.585897827148438e+01 
9.074823930859566e-03 0.000000000000000e+00 9.999588131904602e-01 2.188811683654785e+01 
0.000000000000000e+00 0.000000000000000e+00 0.000000000000000e+00 1.000000000000000e+00 
src volume info
valid = 1  # volume info valid
filename = /out/sourcedata/freesurfer/sub-v2s0x29035_ses-1/mri/norm.mgz
volume = 256 256 256
voxelsize = 1.000000000000000e+00 1.000000000000000e+00 1.000000000000000e+00
xras   = -1.000000000000000e+00 0.000000000000000e+00 0.000000000000000e+00
yras   = 0.000000000000000e+00 0.000000000000000e+00 -1.000000000000000e+00
zras   = 0.000000000000000e+00 1.000000000000000e+00 0.000000000000000e+00
cras   = 3.279083251953125e+00 2.428671264648438e+01 -1.422940063476562e+01
dst volume info
valid = 1  # volume info valid
filename = /out/sourcedata/freesurfer/sub-v2s0x29035_ses-1/mri/norm.mgz
volume = 256 256 256
voxelsize = 1.000000000000000e+00 1.000000000000000e+00 1.000000000000000e+00
xras   = -1.000000000000000e+00 0.000000000000000e+00 0.000000000000000e+00
yras   = 0.000000000000000e+00 0.000000000000000e+00 -1.000000000000000e+00
zras   = 0.000000000000000e+00 1.000000000000000e+00 0.000000000000000e+00
cras   = 3.279083251953125e+00 2.428671264648438e+01 -1.422940063476562e+01
