#Insight Transform File V1.0
#Transform 0
Transform: AffineTransform_float_3_3
Parameters: 1 0 0 0 1 -0.000309 0 0.000309 1 0 -0.00451932 -0.0258422
FixedParameters: 0 0 0

#Transform 1
Transform: AffineTransform_float_3_3
Parameters: 1 -0.00041506 0.000470947 0.00041494 1 0.000128195 -0.000471053 -0.000127804 1 -0.0209862 -0.0135493 -0.0143259
FixedParameters: 0 0 0

#Transform 2
Transform: AffineTransform_float_3_3
Parameters: 1 -0.000415 0 0.000415 1 0 0 0 1 -0.00979735 -0.027079 -0.054775
FixedParameters: 0 0 0

#Transform 3
Transform: AffineTransform_float_3_3
Parameters: 1 -0.000226 -2.12666e-07 0.000226 0.999999 0.000940999 -2.12666e-07 -0.000940999 0.999999 -0.00527786 -0.031135 -0.0295235
FixedParameters: 0 0 0

#Transform 4
Transform: AffineTransform_float_3_3
Parameters: 1 -0.00019011 0.000105803 0.00018989 1 0.00103502 -0.000106197 -0.00103498 1 -0.00694608 -0.0311619 -0.0358548
FixedParameters: 0 0 0

#Transform 5
Transform: AffineTransform_float_3_3
Parameters: 1 0.000111054 0.000454232 -0.000111945 0.999998 0.00208295 -0.000453768 -0.00208305 0.999997 -0.0123801 0.0108547 -0.0343191
FixedParameters: 0 0 0

#Transform 6
Transform: AffineTransform_float_3_3
Parameters: 1 0.000289969 -8.51044e-05 -0.000290031 1 -0.000359975 8.58956e-05 0.000360025 1 0.00882192 -0.000593421 -0.0488854
FixedParameters: 0 0 0

#Transform 7
Transform: AffineTransform_float_3_3
Parameters: 1 0.00016262 -0.000420147 -0.00016338 0.999999 -0.000904931 0.000419852 0.000905068 0.999999 0.0138401 -0.0483898 -0.0432225
FixedParameters: 0 0 0

#Transform 8
Transform: AffineTransform_float_3_3
Parameters: 1 0.000161439 -0.00064389 -0.000161561 1 0.000682104 0.00064411 -0.000681896 0.999999 0.0061218 -0.0543451 -0.0271646
FixedParameters: 0 0 0

#Transform 9
Transform: AffineTransform_float_3_3
Parameters: 1 0.000493003 6.49763e-05 -0.000492997 1 -4.8032e-05 -6.50236e-05 4.79679e-05 1 -0.0207465 0.0260829 -0.0344599
FixedParameters: 0 0 0

#Transform 10
Transform: AffineTransform_float_3_3
Parameters: 1 0.000228011 6.49606e-05 -0.000227989 1 -0.000173015 -6.50394e-05 0.000172985 1 -0.0281254 0.0495557 0.0135057
FixedParameters: 0 0 0

#Transform 11
Transform: AffineTransform_float_3_3
Parameters: 1 0.000583958 6.5376e-05 -0.000584041 0.999999 0.000643962 -6.46239e-05 -0.000644037 1 0.0120149 -0.0136112 0.0365816
FixedParameters: 0 0 0

#Transform 12
Transform: AffineTransform_float_3_3
Parameters: 1 0.000305823 -0.000176307 -0.000305177 1 -0.00100495 0.000175693 0.00100505 0.999999 0.0112409 -0.0206976 0.052683
FixedParameters: 0 0 0

#Transform 13
Transform: AffineTransform_float_3_3
Parameters: 1 0.00011894 -0.000105068 -0.00011906 1 -0.000572987 0.000104932 0.000573012 1 0.00528913 0.0140905 -0.0288973
FixedParameters: 0 0 0

#Transform 14
Transform: AffineTransform_float_3_3
Parameters: 0.999999 0.000748983 -0.000244051 -0.000749016 0.999999 -6.78172e-05 0.000243949 6.81827e-05 1 0.0183962 0.00935065 0.0363557
FixedParameters: 0 0 0

#Transform 15
Transform: AffineTransform_float_3_3
Parameters: 0.999999 0.000694681 -0.000555398 -0.000695317 0.999999 -0.000572614 0.000554601 0.000573385 0.999999 0.0294399 0.045049 -0.0134217
FixedParameters: 0 0 0

#Transform 16
Transform: AffineTransform_float_3_3
Parameters: 1 0.000329708 -0.000510189 -0.000329292 1 -0.000572832 0.000509811 0.000573168 0.999999 0.0197151 0.0198046 0.0494982
FixedParameters: 0 0 0

#Transform 17
Transform: AffineTransform_float_3_3
Parameters: 1 0.000315972 -9.00983e-05 -0.000316028 1 -0.000310971 8.99017e-05 0.000311028 1 0.00956453 0.0562901 -0.0354975
FixedParameters: 0 0 0

#Transform 18
Transform: AffineTransform_float_3_3
Parameters: 1 -0.000191958 7.411e-05 0.000192042 1 -0.000572986 -7.389e-05 0.000573014 1 -0.00629233 0.0303336 -0.0300093
FixedParameters: 0 0 0

#Transform 19
Transform: AffineTransform_float_3_3
Parameters: 1 -0.000192006 -0.000111989 0.000191994 1 -5.50215e-05 0.000112011 5.49785e-05 1 -0.00185871 0.00464325 -0.0808697
FixedParameters: 0 0 0

#Transform 20
Transform: AffineTransform_float_3_3
Parameters: 1 -0.00012807 -0.00014794 0.00012793 1 -0.000471019 0.00014806 0.000470981 1 0.00674549 0.008741 0.0127977
FixedParameters: 0 0 0

#Transform 21
Transform: AffineTransform_float_3_3
Parameters: 1 -0.000192049 -0.000449979 0.000191951 1 -0.000108086 0.000450021 0.000107914 1 0.00615401 0.017009 -0.00710561
FixedParameters: 0 0 0

#Transform 22
Transform: AffineTransform_float_3_3
Parameters: 1 -0.000192099 -0.00017289 0.000191901 1 -0.000573033 0.00017311 0.000572967 1 -0.000417944 0.0043304 -0.0189606
FixedParameters: 0 0 0

#Transform 23
Transform: AffineTransform_float_3_3
Parameters: 1 -0.000191965 -0.000186036 0.000192035 1 0.000186964 0.000185964 -0.000187036 1 -0.000121007 0.0164034 -0.071953
FixedParameters: 0 0 0

#Transform 24
Transform: AffineTransform_float_3_3
Parameters: 1 2.07421e-05 -0.000450012 -2.12578e-05 1 -0.00057299 0.000449988 0.000573009 0.999999 0.00117797 0.0637059 -0.0270209
FixedParameters: 0 0 0

#Transform 25
Transform: AffineTransform_float_3_3
Parameters: 1 1.82542e-05 -0.00044999 -1.77457e-05 1 0.000565008 0.00045001 -0.000564992 0.999999 0.0111035 -0.0106648 0.0218854
FixedParameters: 0 0 0

#Transform 26
Transform: AffineTransform_float_3_3
Parameters: 1 -0.000191918 -0.00012213 0.000192082 1 0.000674976 0.00012187 -0.000675023 1 0.00298389 -0.0787846 -0.0610216
FixedParameters: 0 0 0

#Transform 27
Transform: AffineTransform_float_3_3
Parameters: 1 -0.000191982 -3.41031e-05 0.000192018 1 0.000536993 3.38969e-05 -0.000537006 1 -0.00370584 0.0331022 -0.0971443
FixedParameters: 0 0 0

#Transform 28
Transform: AffineTransform_float_3_3
Parameters: 1 -0.000639668 0.000233909 0.000639332 0.999999 -0.00142085 -0.000233092 0.00142115 0.999999 0.00225287 0.0656672 -0.0207964
FixedParameters: 0 0 0

#Transform 29
Transform: AffineTransform_float_3_3
Parameters: 0.999999 -0.000639636 -0.000450515 0.000639363 0.999999 0.000805711 0.000450484 -0.000806288 0.999999 -0.00425941 -0.0279879 -0.0239607
FixedParameters: 0 0 0

#Transform 30
Transform: AffineTransform_float_3_3
Parameters: 0.999999 -0.000640634 0.000463123 0.000639365 0.999999 0.0013693 -0.000463875 -0.0013687 0.999999 -0.0043669 0.0568939 -0.0397646
FixedParameters: 0 0 0

#Transform 31
Transform: AffineTransform_float_3_3
Parameters: 1 -0.000924659 0.000629502 0.000924342 1 -0.000542419 -0.000628498 0.000543582 0.999999 -0.014908 0.000539548 0.0822907
FixedParameters: 0 0 0

#Transform 32
Transform: AffineTransform_float_3_3
Parameters: 0.999998 0.00166292 0.000138007 -0.00166308 0.999999 0.000605771 -0.000136992 -0.000606229 1 0.0570641 -0.0771097 -0.220993
FixedParameters: 0 0 0

#Transform 33
Transform: AffineTransform_float_3_3
Parameters: 0.999997 0.0023415 -0.000473639 -0.0023395 0.999993 0.00314512 0.000480359 -0.00314389 0.999995 0.104824 -0.179579 -0.534794
FixedParameters: 0 0 0

#Transform 34
Transform: AffineTransform_float_3_3
Parameters: 1 -0.00042374 -0.00014178 0.000424261 0.999998 0.00183994 0.00014122 -0.00184006 0.999999 -0.0120065 0.0021163 -0.13346
FixedParameters: 0 0 0

#Transform 35
Transform: AffineTransform_float_3_3
Parameters: 0.999999 -0.000533239 0.000498744 0.00053376 0.999999 0.000480266 -0.000499256 -0.000479734 1 -0.0333332 0.0766232 0.164043
FixedParameters: 0 0 0

#Transform 36
Transform: AffineTransform_float_3_3
Parameters: 0.999999 -0.00087497 0.000446056 0.000875028 0.999999 -6.46097e-05 -0.000445943 6.53902e-05 1 -0.0355217 0.0185463 0.0438926
FixedParameters: 0 0 0

#Transform 37
Transform: AffineTransform_float_3_3
Parameters: 0.999999 -0.000752998 0.000171007 0.000753001 0.999999 -9.87123e-06 -0.000170992 1.01288e-05 1 -0.0307212 0.0261247 0.0341711
FixedParameters: 0 0 0

#Transform 38
Transform: AffineTransform_float_3_3
Parameters: 1 8.4004e-05 -3.39901e-05 -8.3996e-05 1 0.000118003 3.40099e-05 -0.000117997 1 0.00196429 0.0222956 0.0416002
FixedParameters: 0 0 0

#Transform 39
Transform: AffineTransform_float_3_3
Parameters: 1 0.000110999 3.05339e-06 -0.000111002 1 0.000481 -3.94661e-06 -0.000481 1 -0.00653577 0.0400667 0.0328869
FixedParameters: 0 0 0

#Transform 40
Transform: AffineTransform_float_3_3
Parameters: 1 -0.000170018 0.000230987 0.000169982 1 7.70393e-05 -0.000231013 -7.69607e-05 1 -0.0184079 0.0273538 -0.00534397
FixedParameters: 0 0 0

#Transform 41
Transform: AffineTransform_float_3_3
Parameters: 1 -0.000113985 0.000211008 0.000114016 1 -7.39759e-05 -0.000210992 7.3024e-05 1 -0.016549 -0.0699258 -0.028143
FixedParameters: 0 0 0

#Transform 42
Transform: AffineTransform_float_3_3
Parameters: 1 -0.000272027 -0.000176959 0.000271973 1 -0.000151048 0.000177041 0.000150952 1 -0.0111303 -0.0131326 -0.014757
FixedParameters: 0 0 0

#Transform 43
Transform: AffineTransform_float_3_3
Parameters: 1 -0.00017703 -0.000199973 0.00017697 1 -0.000151035 0.000200027 0.000150965 1 -0.00833164 0.0257603 -0.0293831
FixedParameters: 0 0 0

#Transform 44
Transform: AffineTransform_float_3_3
Parameters: 1 -0.000282971 0.000194043 0.000283029 1 -0.000150945 -0.000193957 0.000151055 1 -0.020169 0.0305202 -0.0163353
FixedParameters: 0 0 0

#Transform 45
Transform: AffineTransform_float_3_3
Parameters: 1 -0.000259832 0.000346126 0.000259167 1 -0.00048391 -0.000345874 0.00048409 1 -0.00258696 0.0345203 -0.0327067
FixedParameters: 0 0 0

#Transform 46
Transform: AffineTransform_float_3_3
Parameters: 0.999999 4.99889e-05 0.001001 -5.0011e-05 1 1.09499e-05 -0.001001 -1.105e-05 0.999999 -0.0242824 -0.0431363 -0.0472066
FixedParameters: 0 0 0

#Transform 47
Transform: AffineTransform_float_3_3
Parameters: 0.999999 -0.000875111 0.000945896 0.000874888 0.999999 0.000118828 -0.000946103 -0.000117172 0.999999 -0.00034557 0.0492294 -0.0176983
FixedParameters: 0 0 0

#Transform 48
Transform: AffineTransform_float_3_3
Parameters: 0.999999 -0.000931418 0.00119868 0.000931584 1 0.000348117 -0.00119932 -0.000347884 0.999999 -0.00769333 0.0302038 0.0258561
FixedParameters: 0 0 0

#Transform 49
Transform: AffineTransform_float_3_3
Parameters: 1 7.45481e-05 0.000440077 -7.54519e-05 1 0.00102697 -0.000439923 -0.00102703 1 0.00197019 -0.0956276 0.0109461
FixedParameters: 0 0 0

#Transform 50
Transform: AffineTransform_float_3_3
Parameters: 0.999999 -4.22685e-06 0.000990995 2.77413e-06 0.999999 0.001237 -0.000991003 -0.001238 0.999998 0.000259651 0.123842 -0.03177
FixedParameters: 0 0 0

#Transform 51
Transform: AffineTransform_float_3_3
Parameters: 0.999999 4.30727e-05 0.000839101 -4.49271e-05 0.999998 0.00229696 -0.000838899 -0.00229704 0.999997 0.00202191 0.0548419 -0.0584345
FixedParameters: 0 0 0

#Transform 52
Transform: AffineTransform_float_3_3
Parameters: 0.999998 -0.000906288 0.00138147 0.000907712 1 -0.000514747 -0.00138053 0.000516252 0.999999 -0.0161297 -0.165791 -0.0285277
FixedParameters: 0 0 0

#Transform 53
Transform: AffineTransform_float_3_3
Parameters: 0.999999 -0.000906183 0.00112566 0.000907818 1 -0.000725979 -0.00112534 0.000727021 0.999999 -0.00550331 -0.0989775 -0.0650757
FixedParameters: 0 0 0

#Transform 54
Transform: AffineTransform_float_3_3
Parameters: 0.999999 0.000270359 0.000969179 -0.00027164 0.999999 0.000660737 -0.00096882 -0.000661262 1 0.00420308 0.0374602 -0.091764
FixedParameters: 0 0 0

#Transform 55
Transform: AffineTransform_float_3_3
Parameters: 1 0.000203551 0.000440208 -0.000204449 1 0.00101991 -0.000439792 -0.00102009 1 -0.00372047 -0.0588336 0.026293
FixedParameters: 0 0 0

#Transform 56
Transform: AffineTransform_float_3_3
Parameters: 1 0.000447407 0.000440603 -0.000448593 0.999999 0.0013468 -0.000440396 -0.0013472 0.999999 0.00192019 -0.136275 -0.021382
FixedParameters: 0 0 0

#Transform 57
Transform: AffineTransform_float_3_3
Parameters: 0.999999 0.00058997 0.000666912 -0.000590029 0.999998 0.00154461 -0.000666089 -0.00154439 0.999998 0.0152944 -0.046613 -0.0316654
FixedParameters: 0 0 0

#Transform 58
Transform: AffineTransform_float_3_3
Parameters: 0.999999 0.000450414 0.00118809 -0.000448587 0.999998 -0.00203053 -0.00118891 0.00203047 0.999997 0.00103494 0.0385674 0.00186768
FixedParameters: 0 0 0

#Transform 59
Transform: AffineTransform_float_3_3
Parameters: 0.999999 0.000450001 0.000821907 -0.000447998 0.999997 -0.00243337 -0.000823092 0.00243363 0.999996 0.0083964 0.0482127 -0.0054856
FixedParameters: 0 0 0

#Transform 60
Transform: AffineTransform_float_3_3
Parameters: 0.999999 0.000658673 0.000493102 -0.000658327 0.999999 -0.00136432 -0.000493898 0.00136367 0.999999 0.010558 0.0893773 -0.10048
FixedParameters: 0 0 0

#Transform 61
Transform: AffineTransform_float_3_3
Parameters: 0.999998 0.0011376 0.00125546 -0.0011364 0.999999 -0.000477428 -0.00125554 0.000475573 0.999999 0.0208859 0.0215423 -0.0282977
FixedParameters: 0 0 0

#Transform 62
Transform: AffineTransform_float_3_3
Parameters: 0.999998 -0.00199603 0.00112317 0.00199497 0.999997 0.000920243 -0.00112484 -0.000918757 0.999999 -0.0982569 0.0242644 -0.0368038
FixedParameters: 0 0 0

#Transform 63
Transform: AffineTransform_float_3_3
Parameters: 0.999998 -0.00137985 0.00142415 0.00138015 0.999999 -0.000105035 -0.00142385 0.000106965 0.999999 -0.0551136 0.0231913 -0.0306322
FixedParameters: 0 0 0

#Transform 64
Transform: AffineTransform_float_3_3
Parameters: 0.999999 -0.000988868 0.00147942 0.000988133 1 0.000587463 -0.00147958 -0.000585538 0.999998 -0.0152282 0.00522363 0.050159
FixedParameters: 0 0 0

#Transform 65
Transform: AffineTransform_float_3_3
Parameters: 0.999998 -0.000763112 0.00183137 0.000763886 0.999999 -0.000483602 -0.00183063 0.000485398 0.999998 -0.0182508 0.00520812 -0.0513564
FixedParameters: 0 0 0

#Transform 66
Transform: AffineTransform_float_3_3
Parameters: 0.999998 -0.000403415 0.00183224 0.000408585 0.999996 -0.00304926 -0.00183076 0.00304974 0.999993 -0.00317851 0.0889621 -0.223203
FixedParameters: 0 0 0

#Transform 67
Transform: AffineTransform_float_3_3
Parameters: 0.999999 -0.000145122 0.00135799 0.000144878 1 9.01968e-05 -0.00135801 -8.9803e-05 0.999999 -0.0519118 0.0360498 -0.134723
FixedParameters: 0 0 0

#Transform 68
Transform: AffineTransform_float_3_3
Parameters: 0.999999 -0.000706642 0.000619131 0.000705359 0.999996 0.00264744 -0.00062087 -0.00264756 0.999997 -0.0773357 -0.0459532 0.255362
FixedParameters: 0 0 0

#Transform 69
Transform: AffineTransform_float_3_3
Parameters: 0.999999 -0.000763094 0.00164142 0.000763909 1 -0.000552748 -0.00164058 0.000553253 0.999999 -0.0222783 0.081423 0.137112
FixedParameters: 0 0 0

#Transform 70
Transform: AffineTransform_float_3_3
Parameters: 0.999999 -0.000293092 0.00135855 0.000291909 0.999999 0.0015394 -0.00135845 -0.0015396 0.999998 0.0203274 -0.00174918 -0.034313
FixedParameters: 0 0 0

#Transform 71
Transform: AffineTransform_float_3_3
Parameters: 0.999998 -9.60783e-05 0.00161082 9.29211e-05 0.999998 0.00191115 -0.00161118 -0.00191085 0.999997 -0.0414194 -0.065351 -0.0987072
FixedParameters: 0 0 0

#Transform 72
Transform: AffineTransform_float_3_3
Parameters: 0.999999 0.000254343 0.0013625 -0.000257657 0.999998 0.00194965 -0.0013625 -0.00195035 0.999997 -0.0271915 0.039298 -0.0497745
FixedParameters: 0 0 0

#Transform 73
Transform: AffineTransform_float_3_3
Parameters: 0.999999 -0.000243811 0.00097855 0.000242188 0.999999 0.00185024 -0.000979449 -0.00184976 0.999998 -0.0804578 -0.0848232 -0.0972583
FixedParameters: 0 0 0

#Transform 74
Transform: AffineTransform_float_3_3
Parameters: 1 -0.000696658 0.000978532 0.000695341 0.999999 0.000672681 -0.000979469 -0.000672318 1 -0.0909132 -0.0460031 -0.00818631
FixedParameters: 0 0 0

#Transform 75
Transform: AffineTransform_float_3_3
Parameters: 0.999999 -0.000243328 0.00144578 0.000242671 0.999999 0.000919351 -0.00144622 -0.000918648 0.999998 -0.00534447 -0.0238277 -0.0304513
FixedParameters: 0 0 0

#Transform 76
Transform: AffineTransform_float_3_3
Parameters: 0.999999 -0.000680476 0.00141977 0.000679523 0.999999 0.000335965 -0.00142023 -0.000335034 0.999999 -0.0166817 -0.00840266 -0.0421501
FixedParameters: 0 0 0

#Transform 77
Transform: AffineTransform_float_3_3
Parameters: 0.999998 -0.000770367 0.00139435 0.000770632 0.999999 -0.000452926 -0.00139365 0.000454074 0.999999 -0.000316613 0.0285129 -0.0235621
FixedParameters: 0 0 0

#Transform 78
Transform: AffineTransform_float_3_3
Parameters: 0.999999 -0.000434171 0.00147595 0.00043383 1 0.00011564 -0.00147605 -0.000115359 0.999999 -0.00930996 -0.0495929 -0.119944
FixedParameters: 0 0 0

#Transform 79
Transform: AffineTransform_float_3_3
Parameters: 0.999999 -0.000110743 0.00155402 0.000111256 1 -0.000164827 -0.00155398 0.000165172 0.999999 -0.0347963 -0.00163475 -0.0858979
FixedParameters: 0 0 0

#Transform 80
Transform: AffineTransform_float_3_3
Parameters: 0.999998 -0.00110014 0.00124976 0.00110086 0.999999 -0.000689625 -0.00124924 0.000690375 0.999999 -0.0661899 0.0586833 0.0497704
FixedParameters: 0 0 0

#Transform 81
Transform: AffineTransform_float_3_3
Parameters: 1 -0.000263984 0.00119423 0.000265016 0.999999 -0.000850684 -0.00119378 0.000851315 0.999999 -0.0219285 0.0593893 -0.0711905
FixedParameters: 0 0 0

#Transform 82
Transform: AffineTransform_float_3_3
Parameters: 0.999998 -0.000590093 0.00157234 0.000590905 0.999999 -0.000575071 -0.00157266 0.000576928 0.999998 -0.0241632 0.0542708 -0.079674
FixedParameters: 0 0 0

#Transform 83
Transform: AffineTransform_float_3_3
Parameters: 0.999998 -0.000370225 0.00205814 0.000371775 1 -0.000376236 -0.00205786 0.000376763 0.999998 -0.0304819 0.0268755 -0.0387948
FixedParameters: 0 0 0

#Transform 84
Transform: AffineTransform_float_3_3
Parameters: 0.999999 -0.000851956 0.00164654 0.000853045 1 -0.000633597 -0.00164646 0.000635404 0.999999 -0.0259716 0.0566286 -0.0335911
FixedParameters: 0 0 0

#Transform 85
Transform: AffineTransform_float_3_3
Parameters: 0.999998 -0.000861272 0.00152341 0.000861726 0.999999 -0.000476688 -0.00152259 0.000478312 0.999998 -0.0172998 0.0958871 -0.0443575
FixedParameters: 0 0 0

#Transform 86
Transform: AffineTransform_float_3_3
Parameters: 0.999999 -0.000220352 0.00149609 0.000220647 1 -0.00043267 -0.0014959 0.00043333 0.999999 -0.031797 -0.0102537 -0.0453264
FixedParameters: 0 0 0

#Transform 87
Transform: AffineTransform_float_3_3
Parameters: 0.999999 -0.00054962 0.00138855 0.00055138 1 -0.000993235 -0.00138845 0.000994764 0.999998 -0.0370674 0.0604834 -0.0317707
FixedParameters: 0 0 0

#Transform 88
Transform: AffineTransform_float_3_3
Parameters: 0.999999 -0.000318036 0.00141499 0.000317963 1 2.64499e-05 -0.00141501 -2.555e-05 0.999999 -0.0322356 0.00996519 -0.0200462
FixedParameters: 0 0 0

#Transform 89
Transform: AffineTransform_float_3_3
Parameters: 0.999999 -0.000501146 0.00122053 0.000499855 1 0.000938611 -0.00122047 -0.000938389 0.999999 -0.0629616 -0.0203924 0.00693461
FixedParameters: 0 0 0

#Transform 90
Transform: AffineTransform_float_3_3
Parameters: 0.999998 -0.000763681 0.00186536 0.000767319 0.999998 -0.00177957 -0.00186364 0.00178043 0.999996 -0.0774497 0.116756 0.0940384
FixedParameters: 0 0 0

#Transform 91
Transform: AffineTransform_float_3_3
Parameters: 0.999998 -0.000122625 0.00160211 0.000124374 0.999999 -0.000857802 -0.00160189 0.000858198 0.999999 -0.0375161 -0.0329148 0.0266081
FixedParameters: 0 0 0

#Transform 92
Transform: AffineTransform_float_3_3
Parameters: 0.999999 -0.000150692 0.00141793 0.000150309 1 0.000487213 -0.00141807 -0.000487787 0.999999 -0.0467887 -0.0986563 -0.113112
FixedParameters: 0 0 0

#Transform 93
Transform: AffineTransform_float_3_3
Parameters: 0.999999 8.91369e-05 0.00139799 -8.88629e-05 1 -9.81243e-05 -0.00139801 9.78755e-05 0.999999 -0.064052 0.0281289 -0.0251516
FixedParameters: 0 0 0

#Transform 94
Transform: AffineTransform_float_3_3
Parameters: 0.999999 0.000244274 0.00127733 -0.000246725 0.999999 0.00135069 -0.00127667 -0.00135131 0.999999 -0.0415961 0.0641589 0.0219545
FixedParameters: 0 0 0

#Transform 95
Transform: AffineTransform_float_3_3
Parameters: 0.999999 0.000195167 0.00144498 -0.000195832 1 -0.000116283 -0.00144502 0.000115718 0.999999 -0.0408193 0.0837082 0.00988621
FixedParameters: 0 0 0

#Transform 96
Transform: AffineTransform_float_3_3
Parameters: 0.999999 0.000161986 0.00129213 -0.000163015 0.999999 0.00078579 -0.00129187 -0.00078521 0.999999 -0.0391874 -0.0121034 -0.0165656
FixedParameters: 0 0 0

#Transform 97
Transform: AffineTransform_float_3_3
Parameters: 1 0.000408493 0.000979631 -0.000409509 0.999998 0.0015396 -0.000979372 -0.0015394 0.999999 -0.0439658 -0.0308969 -0.0374758
FixedParameters: 0 0 0

#Transform 98
Transform: AffineTransform_float_3_3
Parameters: 0.999999 0.000491729 0.000784797 -0.00049227 0.999998 0.00161961 -0.000784203 -0.00162039 0.999999 -0.025119 -0.0718895 -0.100445
FixedParameters: 0 0 0

#Transform 99
Transform: AffineTransform_float_3_3
Parameters: 0.999999 0.000210826 0.000979253 -0.000211175 1 0.00119879 -0.000979747 -0.00119921 0.999999 -0.0300795 -0.0608297 -0.0629562
FixedParameters: 0 0 0

#Transform 100
Transform: AffineTransform_float_3_3
Parameters: 0.999999 -3.18936e-05 0.001282 3.21064e-05 1 -8.29589e-05 -0.001282 8.3041e-05 0.999999 -0.0435988 0.000914493 -0.0174194
FixedParameters: 0 0 0

#Transform 101
Transform: AffineTransform_float_3_3
Parameters: 0.999999 0.00010845 0.00130705 -0.00010855 1 0.000420858 -0.00130695 -0.000421142 0.999999 -0.0495788 -0.0728221 -0.00434345
FixedParameters: 0 0 0

#Transform 102
Transform: AffineTransform_float_3_3
Parameters: 0.999999 -7.19172e-05 0.000978933 7.10825e-05 0.999999 0.00093707 -0.000979067 -0.00093693 0.999999 -0.048923 -0.0400738 -0.0620027
FixedParameters: 0 0 0

#Transform 103
Transform: AffineTransform_float_3_3
Parameters: 1 0.000126053 0.00107511 -0.000126947 0.999999 0.000880864 -0.00107489 -0.000881136 0.999999 -0.0382502 -0.00823298 -0.0371528
FixedParameters: 0 0 0

#Transform 104
Transform: AffineTransform_float_3_3
Parameters: 0.999999 -0.000150643 0.00146493 0.000150357 1 0.000439221 -0.00146507 -0.00043878 0.999999 -0.0565443 -0.0358928 -0.0283467
FixedParameters: 0 0 0

#Transform 105
Transform: AffineTransform_float_3_3
Parameters: 0.999998 -0.000148476 0.00187212 0.000149523 0.999999 -0.000813721 -0.00187188 0.000814279 0.999998 -0.0659861 0.0490986 -0.018477
FixedParameters: 0 0 0

#Transform 106
Transform: AffineTransform_float_3_3
Parameters: 0.999904 0.0137193 0.00162116 -0.0137217 0.999905 0.00167692 -0.00159784 -0.00169908 0.999998 0.229977 -0.445648 -0.798666
FixedParameters: 0 0 0

#Transform 107
Transform: AffineTransform_float_3_3
Parameters: 0.999919 0.0127138 -0.00131409 -0.0127102 0.999915 0.00283293 0.00134991 -0.00281607 0.999995 0.270046 -0.415413 -0.776218
FixedParameters: 0 0 0

#Transform 108
Transform: AffineTransform_float_3_3
Parameters: 0.999945 -0.0105122 -0.000987041 0.0105098 0.999943 -0.0021895 0.00100995 0.00217851 0.999997 -0.323546 0.382257 0.454255
FixedParameters: 0 0 0

#Transform 109
Transform: AffineTransform_float_3_3
Parameters: 0.999981 -0.0057617 0.00219055 0.00576031 0.999983 0.000779633 -0.00219446 -0.000767371 0.999998 -0.251937 0.247035 0.250523
FixedParameters: 0 0 0

#Transform 110
Transform: AffineTransform_float_3_3
Parameters: 0.999996 -0.00159594 0.00254691 0.00159106 0.999997 0.00194206 -0.00255009 -0.00193794 0.999995 -0.0483542 -0.0256338 -0.230671
FixedParameters: 0 0 0

#Transform 111
Transform: AffineTransform_float_3_3
Parameters: 0.999958 0.00800794 -0.00429248 -0.00795606 0.999896 0.0119836 0.00438752 -0.0119494 0.999919 0.268088 -0.679569 -0.967553
FixedParameters: 0 0 0

#Transform 112
Transform: AffineTransform_float_3_3
Parameters: 0.999979 0.00620658 -0.00180391 -0.00619242 0.999953 0.00743932 0.00185008 -0.00742767 0.99997 0.152566 -0.299621 -0.472986
FixedParameters: 0 0 0

#Transform 113
Transform: AffineTransform_float_3_3
Parameters: 0.999997 -0.00188367 0.00191322 0.00189433 0.99998 -0.00593939 -0.00190178 0.0059436 0.99998 -0.069314 0.195756 0.169191
FixedParameters: 0 0 0

#Transform 114
Transform: AffineTransform_float_3_3
Parameters: 0.999999 0.000450428 0.000760339 -0.000451572 0.999999 0.000752657 -0.000759661 -0.000752342 1 0.00108342 -0.119731 -0.197346
FixedParameters: 0 0 0

#Transform 115
Transform: AffineTransform_float_3_3
Parameters: 0.999997 -0.00237018 0.000277125 0.00236883 0.999989 0.00416767 -0.000286873 -0.00416634 0.999992 -0.0082741 0.046338 0.110172
FixedParameters: 0 0 0

#Transform 116
Transform: AffineTransform_float_3_3
Parameters: 1 -0.000881184 0.000374225 0.000880817 0.999994 0.00315133 -0.000376777 -0.00315067 0.999995 -0.0163095 -0.00724615 -0.0334028
FixedParameters: 0 0 0

#Transform 117
Transform: AffineTransform_float_3_3
Parameters: 0.999999 -0.00121673 0.000680488 0.00121727 0.999999 -0.000401172 -0.000680511 0.000401828 0.999999 -0.0366025 0.0605552 -0.0501862
FixedParameters: 0 0 0

#Transform 118
Transform: AffineTransform_float_3_3
Parameters: 1 -0.000543544 0.00020919 0.000544458 0.999998 -0.00218789 -0.000208809 0.00218811 0.999997 0.0503399 0.0741387 -0.0353923
FixedParameters: 0 0 0

#Transform 119
Transform: AffineTransform_float_3_3
Parameters: 0.999996 0.000922871 0.00271432 -0.00090513 0.999981 -0.00621048 -0.00271967 0.00620752 0.999977 0.0424156 0.110424 0.0842581
FixedParameters: 0 0 0
