#Insight Transform File V1.0
#Transform 0
Transform: AffineTransform_float_3_3
Parameters: 0.999989 -0.00137103 -0.00450382 0.00137697 0.999998 0.00132181 0.00450118 -0.00132819 0.999989 -0.0562517 -0.0192663 -0.0420767
FixedParameters: 0 0 0

#Transform 1
Transform: AffineTransform_float_3_3
Parameters: 0.99999 -0.00155469 -0.00414724 0.00155831 0.999998 0.000794545 0.00414676 -0.000800454 0.999991 -0.0921614 0.0371547 -0.00154772
FixedParameters: 0 0 0

#Transform 2
Transform: AffineTransform_float_3_3
Parameters: 0.999991 -0.00137151 -0.00414782 0.00137749 0.999998 0.0013213 0.00414618 -0.0013267 0.99999 -0.0901262 -0.0485353 -0.0467888
FixedParameters: 0 0 0

#Transform 3
Transform: AffineTransform_float_3_3
Parameters: 0.99999 -0.00191906 -0.00386746 0.00192194 0.999998 0.000757574 0.00386654 -0.000764427 0.999992 -0.0797973 -0.070569 -0.105049
FixedParameters: 0 0 0

#Transform 4
Transform: AffineTransform_float_3_3
Parameters: 0.999994 -0.00192222 -0.00285385 0.00192178 0.999998 -7.9485e-05 0.00285415 7.45141e-05 0.999996 -0.0815465 0.00821759 -0.142001
FixedParameters: 0 0 0

#Transform 5
Transform: AffineTransform_float_3_3
Parameters: 0.999992 -0.00196006 -0.00350864 0.00196294 0.999997 0.000834119 0.00350736 -0.000840881 0.999993 -0.0798867 -0.0968904 -0.0142958
FixedParameters: 0 0 0

#Transform 6
Transform: AffineTransform_float_3_3
Parameters: 0.999994 -0.0015377 -0.00326856 0.0015403 0.999999 0.00100797 0.00326745 -0.00101303 0.999994 -0.0649216 0.0316116 -0.0380154
FixedParameters: 0 0 0

#Transform 7
Transform: AffineTransform_float_3_3
Parameters: 0.999997 -0.000957168 -0.00251984 0.000962834 0.999997 0.00191758 0.00251816 -0.00191942 0.999995 -0.0283752 -0.0257356 -0.073876
FixedParameters: 0 0 0

#Transform 8
Transform: AffineTransform_float_3_3
Parameters: 0.999994 -0.00159455 -0.00284206 0.00159945 0.999997 0.00191546 0.00283894 -0.00191954 0.999994 -0.0490407 -0.156829 -0.0759219
FixedParameters: 0 0 0

#Transform 9
Transform: AffineTransform_float_3_3
Parameters: 0.999996 -0.000738272 -0.00281272 0.000740728 1 0.00096892 0.00281228 -0.00097108 0.999995 -0.0206467 0.0138613 -0.0648775
FixedParameters: 0 0 0

#Transform 10
Transform: AffineTransform_float_3_3
Parameters: 0.999998 -0.0018975 -0.00130227 0.0018965 0.999998 -0.000384471 0.00130273 0.000382529 0.999999 -0.0175651 0.0774677 -0.132315
FixedParameters: 0 0 0

#Transform 11
Transform: AffineTransform_float_3_3
Parameters: 0.999997 -0.000929796 -0.00216395 0.000932205 0.999999 0.00101799 0.00216305 -0.00102001 0.999997 0.00953962 -0.0447362 -0.0514103
FixedParameters: 0 0 0

#Transform 12
Transform: AffineTransform_float_3_3
Parameters: 0.999997 -0.000860789 -0.00202537 0.000864211 0.999999 0.00158525 0.00202363 -0.00158675 0.999996 -0.000614883 -0.0681911 -0.0262323
FixedParameters: 0 0 0

#Transform 13
Transform: AffineTransform_float_3_3
Parameters: 0.999998 -0.000880581 -0.0017747 0.000881418 1 0.000798438 0.0017733 -0.000800563 0.999998 0.0361622 0.0208154 -0.0880552
FixedParameters: 0 0 0

#Transform 14
Transform: AffineTransform_float_3_3
Parameters: 0.999999 -0.00061963 -0.00169361 0.000623371 0.999997 0.00258095 0.0016924 -0.00258205 0.999995 -0.0339123 0.0548287 0.0195058
FixedParameters: 0 0 0

#Transform 15
Transform: AffineTransform_float_3_3
Parameters: 0.999999 -0.00124527 -0.000872038 0.00124573 0.999999 0.000832915 0.000870962 -0.000834086 1 -0.0764094 0.0921586 0.136984
FixedParameters: 0 0 0

#Transform 16
Transform: AffineTransform_float_3_3
Parameters: 0.999998 -0.00173846 -0.000774741 0.00173755 0.999996 -0.00187635 0.000777262 0.00187565 0.999998 -0.0604014 0.0595809 0.116098
FixedParameters: 0 0 0

#Transform 17
Transform: AffineTransform_float_3_3
Parameters: 0.999998 -0.00162332 -0.000962452 0.00162367 0.999998 -0.000338563 0.000962548 0.000336438 1 -0.0592223 -0.0630516 -0.0436154
FixedParameters: 0 0 0

#Transform 18
Transform: AffineTransform_float_3_3
Parameters: 0.999999 -0.000811886 -0.00160507 0.000814114 0.999999 0.00131669 0.00160393 -0.0013183 0.999998 -0.043688 -0.0145207 -0.0396041
FixedParameters: 0 0 0

#Transform 19
Transform: AffineTransform_float_3_3
Parameters: 0.999998 -0.000797861 -0.00144663 0.000799139 1 0.000786845 0.00144637 -0.000788155 0.999998 -0.0200284 -0.0166831 -0.0185015
FixedParameters: 0 0 0

#Transform 20
Transform: AffineTransform_float_3_3
Parameters: 0.999999 -0.000406625 -0.000832182 0.000406374 1 0.000449662 0.000831816 -0.000450338 0.999999 0.00361878 -0.0187132 -0.00800472
FixedParameters: 0 0 0

#Transform 21
Transform: AffineTransform_float_3_3
Parameters: 0.999999 -0.000406453 -0.000782285 0.000406547 0.999999 0.000699682 0.000781716 -0.000699318 1 0.00673609 -0.0711698 -0.019419
FixedParameters: 0 0 0

#Transform 22
Transform: AffineTransform_float_3_3
Parameters: 0.999999 -0.00107335 -0.000927751 0.00107465 0.999999 0.000699004 0.000926249 -0.000699995 1 -0.0665546 -0.0184512 0.0126769
FixedParameters: 0 0 0

#Transform 23
Transform: AffineTransform_float_3_3
Parameters: 0.999998 -0.00170908 0.000349606 0.00170892 0.999998 0.000230598 -0.000350394 -0.000230401 1 -0.0980968 -0.000384809 0.101479
FixedParameters: 0 0 0

#Transform 24
Transform: AffineTransform_float_3_3
Parameters: 0.999999 -0.00152968 0.000351385 0.00153032 0.999999 -0.000905463 -0.000349613 0.000906536 0.999999 -0.0687977 0.0266508 0.0042238
FixedParameters: 0 0 0

#Transform 25
Transform: AffineTransform_float_3_3
Parameters: 0.999999 -0.000791972 0.000122181 0.000792027 0.999999 -0.000228903 -0.000121819 0.000229096 1 -0.00332944 0.0366139 -0.0604767
FixedParameters: 0 0 0

#Transform 26
Transform: AffineTransform_float_3_3
Parameters: 0.999999 -0.00174605 -0.000125307 0.00174595 0.999999 -0.00039722 0.000126695 0.00039778 1 -0.019625 -0.0201749 -0.045001
FixedParameters: 0 0 0

#Transform 27
Transform: AffineTransform_float_3_3
Parameters: 0.999999 -0.000705968 -0.0002211 0.000705031 0.999999 0.000141844 0.0002209 -0.000142156 1 -0.0527389 -0.048667 -0.0591963
FixedParameters: 0 0 0

#Transform 28
Transform: AffineTransform_float_3_3
Parameters: 1 -0.000503756 -0.000279441 0.000504244 0.999999 0.000874858 0.000278559 -0.00087414 0.999999 -0.0588312 -0.0110871 0.00318077
FixedParameters: 0 0 0

#Transform 29
Transform: AffineTransform_float_3_3
Parameters: 1 -0.000416783 -0.000279325 0.000417217 0.999999 0.000778883 0.000278675 -0.000778116 0.999999 -0.0443999 -0.0289799 -0.142146
FixedParameters: 0 0 0

#Transform 30
Transform: AffineTransform_float_3_3
Parameters: 1 -0.000239404 -0.000635225 0.000240596 1 0.000938848 0.000634774 -0.000939153 1 -0.020771 0.0191859 -0.118521
FixedParameters: 0 0 0

#Transform 31
Transform: AffineTransform_float_3_3
Parameters: 0.999999 -9.30061e-05 -0.000820113 9.39937e-05 1 0.00121192 0.000819886 -0.00121208 0.999999 -0.0178612 0.00403655 0.0411342
FixedParameters: 0 0 0

#Transform 32
Transform: AffineTransform_float_3_3
Parameters: 1 -0.000288602 -0.000477241 0.000289398 0.999999 0.000833861 0.000476758 -0.000834137 0.999999 -0.0325863 -0.0683874 0.00525286
FixedParameters: 0 0 0

#Transform 33
Transform: AffineTransform_float_3_3
Parameters: 0.999999 -0.00121067 -0.000280417 0.00121133 0.999998 0.00116966 0.000278583 -0.00117034 1 -0.0249767 -0.019234 -0.0873591
FixedParameters: 0 0 0

#Transform 34
Transform: AffineTransform_float_3_3
Parameters: 1 -0.000352875 -0.000279157 0.000353124 1 0.000445901 0.000278842 -0.000446098 1 -0.0386344 -0.0431644 -0.085461
FixedParameters: 0 0 0

#Transform 35
Transform: AffineTransform_float_3_3
Parameters: 0.999999 -0.00126416 -0.000635682 0.00126384 0.999999 -0.000251804 0.000635318 0.000251197 1 -0.108288 -0.0644923 -0.0439002
FixedParameters: 0 0 0

#Transform 36
Transform: AffineTransform_float_3_3
Parameters: 0.999999 -0.00114963 -0.000486876 0.00114937 0.999999 0.000761441 0.000486124 -0.000762559 0.999999 -0.0757736 -0.0292279 -0.032276
FixedParameters: 0 0 0

#Transform 37
Transform: AffineTransform_float_3_3
Parameters: 0.999999 -0.00100386 -0.000777476 0.00100514 0.999999 0.00146922 0.000775524 -0.00146978 0.999998 -0.107164 -0.0105656 -0.0874979
FixedParameters: 0 0 0

#Transform 38
Transform: AffineTransform_float_3_3
Parameters: 1 -0.000903769 -0.000773269 0.00090423 0.999999 0.000297301 0.00077373 -0.000298699 0.999999 -0.110699 -0.154172 -0.0267191
FixedParameters: 0 0 0

#Transform 39
Transform: AffineTransform_float_3_3
Parameters: 0.999999 -0.000342083 -0.00139123 0.000342917 0.999999 0.000658523 0.00139177 -0.000659476 0.999999 -0.0625784 -0.0537167 -0.0304458
FixedParameters: 0 0 0

#Transform 40
Transform: AffineTransform_float_3_3
Parameters: 0.999999 -0.000577493 -0.000541541 0.000577506 1 0.000935688 0.00054046 -0.000936313 1 -0.081265 0.0173603 -0.0520792
FixedParameters: 0 0 0

#Transform 41
Transform: AffineTransform_float_3_3
Parameters: 1 -0.000404516 -0.0009832 0.000405483 1 0.000491602 0.000982801 -0.000492398 1 -0.102128 -0.0597443 -0.0852494
FixedParameters: 0 0 0

#Transform 42
Transform: AffineTransform_float_3_3
Parameters: 0.999999 -0.000404433 -0.000690332 0.000405566 0.999999 0.00082072 0.000689667 -0.000821279 1 -0.101088 -0.0583185 0.0056974
FixedParameters: 0 0 0

#Transform 43
Transform: AffineTransform_float_3_3
Parameters: 0.999999 -0.000292214 -0.000866265 0.000292786 1 0.000907747 0.000865735 -0.000907254 0.999999 -0.0347004 -0.104777 -0.0546656
FixedParameters: 0 0 0

#Transform 44
Transform: AffineTransform_float_3_3
Parameters: 0.999999 -0.000584685 -0.000541339 0.000585314 0.999999 0.000580683 0.00054066 -0.000581316 0.999999 -0.0181772 -0.0563891 -0.0521264
FixedParameters: 0 0 0

#Transform 45
Transform: AffineTransform_float_3_3
Parameters: 0.999999 -0.000785741 -0.000541376 0.000785258 0.999999 0.000478575 0.000540624 -0.000478425 0.999999 -0.0372602 -0.0338955 -0.0400262
FixedParameters: 0 0 0

#Transform 46
Transform: AffineTransform_float_3_3
Parameters: 1 -0.000353053 -0.000540965 0.000352947 1 -9.81909e-05 0.000541034 9.7809e-05 1 -0.1082 -0.0433155 -0.0491033
FixedParameters: 0 0 0

#Transform 47
Transform: AffineTransform_float_3_3
Parameters: 0.999999 -0.000999893 -0.000107004 0.00100011 0.999999 0.00100389 0.000105996 -0.00100411 0.999999 -0.043284 -0.0541243 -0.0421642
FixedParameters: 0 0 0

#Transform 48
Transform: AffineTransform_float_3_3
Parameters: 0.999999 -0.000530186 -0.000540817 0.000529814 1 -0.000344286 0.000540182 0.000343714 1 -0.0431686 -0.0272751 -0.0604141
FixedParameters: 0 0 0

#Transform 49
Transform: AffineTransform_float_3_3
Parameters: 0.999999 -0.000923802 -0.0003046 0.000924198 1 0.000649719 0.000304399 -0.000650282 0.999999 -0.0383051 0.0290534 0.0785897
FixedParameters: 0 0 0

#Transform 50
Transform: AffineTransform_float_3_3
Parameters: 1 3.60271e-05 -8.19881e-05 -3.69729e-05 1 0.000331003 8.20122e-05 -0.000330997 1 -0.00479374 0.037893 0.13894
FixedParameters: 0 0 0

#Transform 51
Transform: AffineTransform_float_3_3
Parameters: 0.999999 -0.000999995 3.2132e-05 0.001 0.999999 -0.000131968 -3.1868e-05 0.000132032 1 0.010599 0.044544 0.0798717
FixedParameters: 0 0 0

#Transform 52
Transform: AffineTransform_float_3_3
Parameters: 1 -0.000635328 0.000934458 0.000635673 0.999999 -0.000719406 -0.000934544 0.000719594 1 -0.00440406 -0.0405735 -0.0798113
FixedParameters: 0 0 0

#Transform 53
Transform: AffineTransform_float_3_3
Parameters: 0.999999 -0.000488287 0.00079344 0.000488713 1 -0.000899613 -0.000792561 0.000899388 1 -0.0102352 -0.0577448 -0.128506
FixedParameters: 0 0 0

#Transform 54
Transform: AffineTransform_float_3_3
Parameters: 0.999999 -0.000532989 0.000576009 0.00053301 1 -1.7693e-05 -0.00057599 1.8307e-05 1 -0.0525529 -0.0540049 -0.164956
FixedParameters: 0 0 0

#Transform 55
Transform: AffineTransform_float_3_3
Parameters: 1 -0.000381941 0.000958627 0.00038006 1 0.000980365 -0.000959374 -0.000980635 0.999999 0.00171966 -0.0504124 0.0911402
FixedParameters: 0 0 0

#Transform 56
Transform: AffineTransform_float_3_3
Parameters: 0.999999 -0.000276868 0.000783693 0.000276131 1 0.00110822 -0.000784306 -0.00110778 0.999999 -0.0384023 -0.0223562 0.0946449
FixedParameters: 0 0 0

#Transform 57
Transform: AffineTransform_float_3_3
Parameters: 0.999999 -1.52234e-05 0.00091098 1.37765e-05 0.999999 0.00134301 -0.000911019 -0.00134299 0.999998 -0.105274 -0.0718516 -0.102017
FixedParameters: 0 0 0

#Transform 58
Transform: AffineTransform_float_3_3
Parameters: 0.999999 -0.000170141 0.000763968 0.000169859 1 0.00018513 -0.000764031 -0.00018487 0.999999 -0.0580438 -0.0590597 -0.0830569
FixedParameters: 0 0 0

#Transform 59
Transform: AffineTransform_float_3_3
Parameters: 1 -8.43336e-05 0.000214869 8.46662e-05 0.999999 0.00155202 -0.000215132 -0.00155198 0.999999 -0.0856039 -0.0123324 -0.0380744
FixedParameters: 0 0 0

#Transform 60
Transform: AffineTransform_float_3_3
Parameters: 1 8.50805e-05 -3.2792e-05 -8.5919e-05 0.999997 0.002446 3.32103e-05 -0.002446 0.999997 -0.101574 -0.0685401 -0.000817043
FixedParameters: 0 0 0

#Transform 61
Transform: AffineTransform_float_3_3
Parameters: 0.999997 0.000904259 0.00218131 -0.000904742 1 0.000339027 -0.00218069 -0.000340973 0.999997 0.0630644 0.0254115 -0.013665
FixedParameters: 0 0 0

#Transform 62
Transform: AffineTransform_float_3_3
Parameters: 0.999998 0.000904661 0.00135523 -0.000904337 0.999999 0.000248775 -0.00135477 -0.000250226 0.999999 0.0668002 0.0172576 -0.128816
FixedParameters: 0 0 0

#Transform 63
Transform: AffineTransform_float_3_3
Parameters: 0.999999 -0.000448493 0.00146354 0.000446507 1 0.00102066 -0.00146346 -0.00101935 0.999999 -0.129001 -0.107136 -0.101404
FixedParameters: 0 0 0

#Transform 64
Transform: AffineTransform_float_3_3
Parameters: 0.999999 -0.000315669 0.00150186 0.00031433 1 0.000446472 -0.00150114 -0.000445526 0.999999 -0.0745604 -0.0149966 0.0524666
FixedParameters: 0 0 0

#Transform 65
Transform: AffineTransform_float_3_3
Parameters: 0.999999 -0.000316449 0.00135666 0.000314553 1 0.00106743 -0.00135634 -0.00106757 0.999998 -0.0873453 0.00275382 0.0134033
FixedParameters: 0 0 0

#Transform 66
Transform: AffineTransform_float_3_3
Parameters: 0.999998 -0.000378047 0.00183297 0.000372952 0.999996 0.00275369 -0.00183403 -0.00275231 0.999994 -0.11851 -0.152325 -0.087926
FixedParameters: 0 0 0

#Transform 67
Transform: AffineTransform_float_3_3
Parameters: 0.999996 -0.000125931 0.002634 0.000126068 1 -2.5668e-05 -0.00263399 2.63318e-05 0.999996 -0.131814 0.0807554 -0.0816571
FixedParameters: 0 0 0

#Transform 68
Transform: AffineTransform_float_3_3
Parameters: 0.999999 -0.000340844 0.00176846 0.000338156 0.999998 0.0016086 -0.00176855 -0.0016074 0.999997 -0.157875 0.0534095 0.0621319
FixedParameters: 0 0 0

#Transform 69
Transform: AffineTransform_float_3_3
Parameters: 0.999998 -0.000668462 0.00223838 0.000662535 0.999997 0.00244049 -0.00224062 -0.00243851 0.999994 -0.152375 -0.0312671 0.0221001
FixedParameters: 0 0 0

#Transform 70
Transform: AffineTransform_float_3_3
Parameters: 0.999998 -0.000504446 0.00193284 0.000500554 0.999997 0.00229997 -0.00193416 -0.00229903 0.999995 -0.0537101 0.00921613 0.019332
FixedParameters: 0 0 0

#Transform 71
Transform: AffineTransform_float_3_3
Parameters: 1 -0.000931447 -0.000456089 0.000930554 0.999999 -0.000978425 0.000456911 0.000977575 1 -0.103889 -0.250271 -0.277951
FixedParameters: 0 0 0

#Transform 72
Transform: AffineTransform_float_3_3
Parameters: 0.999999 -0.000666994 0.00172846 0.000663008 0.999997 0.00231015 -0.00172954 -0.00230885 0.999996 -0.127829 -0.0645159 -0.0104389
FixedParameters: 0 0 0

#Transform 73
Transform: AffineTransform_float_3_3
Parameters: 0.999998 -0.000155302 0.00229558 0.000148697 0.999996 0.00274535 -0.00229642 -0.00274465 0.999993 -0.142464 0.198193 0.294571
FixedParameters: 0 0 0

#Transform 74
Transform: AffineTransform_float_3_3
Parameters: 0.999996 -0.000164839 0.00301174 0.00016016 0.999998 0.00160749 -0.00301126 -0.00160651 0.999994 -0.0722783 0.0859704 0.0917503
FixedParameters: 0 0 0

#Transform 75
Transform: AffineTransform_float_3_3
Parameters: 0.999995 -0.000676034 0.00301043 0.000668967 0.999997 0.00233702 -0.00301157 -0.00233497 0.999992 -0.0854829 0.0161249 0.000157161
FixedParameters: 0 0 0

#Transform 76
Transform: AffineTransform_float_3_3
Parameters: 0.999995 -0.000668206 0.00301063 0.000661795 0.999997 0.002062 -0.00301137 -0.00206 0.999994 -0.0349809 0.0618871 0.053516
FixedParameters: 0 0 0

#Transform 77
Transform: AffineTransform_float_3_3
Parameters: 0.999996 -9.42884e-05 0.00301175 8.5713e-05 0.999996 0.00275227 -0.00301125 -0.00275173 0.999991 0.11435 0.00208973 -0.00797149
FixedParameters: 0 0 0

#Transform 78
Transform: AffineTransform_float_3_3
Parameters: 0.999997 -0.000212774 0.00246142 0.000205223 0.999996 0.00275251 -0.00246257 -0.00275149 0.999993 0.0511014 -0.0859672 -0.114527
FixedParameters: 0 0 0

#Transform 79
Transform: AffineTransform_float_3_3
Parameters: 0.999993 -0.00052831 0.00387555 0.00052469 0.999999 0.00085504 -0.00387545 -0.000852959 0.999992 -0.176397 -0.0142144 -0.0134973
FixedParameters: 0 0 0

#Transform 80
Transform: AffineTransform_float_3_3
Parameters: 0.999992 -0.000409482 0.00379752 0.000404516 0.999999 0.00118155 -0.00379748 -0.00117945 0.999992 -0.106913 -0.0130405 0.0315678
FixedParameters: 0 0 0

#Transform 81
Transform: AffineTransform_float_3_3
Parameters: 0.999989 -0.00060704 0.00452546 0.000602962 1 0.000893739 -0.00452554 -0.000891263 0.99999 -0.0491359 -0.0543492 -0.0203802
FixedParameters: 0 0 0

#Transform 82
Transform: AffineTransform_float_3_3
Parameters: 0.999991 -0.000986585 0.00401361 0.000984414 1 0.000396955 -0.00401439 -0.000393043 0.999992 0.00558356 -0.047987 -0.0183815
FixedParameters: 0 0 0

#Transform 83
Transform: AffineTransform_float_3_3
Parameters: 0.999993 0.000430194 0.00354308 -0.000438804 0.999997 0.00248446 -0.00354192 -0.00248654 0.99999 -0.0563772 -0.0493517 -0.0421199
FixedParameters: 0 0 0

#Transform 84
Transform: AffineTransform_float_3_3
Parameters: 0.999994 0.000733104 0.00341636 -0.000744899 0.999994 0.00318947 -0.00341464 -0.00319152 0.999989 -0.140472 -0.0250325 -0.0756148
FixedParameters: 0 0 0

#Transform 85
Transform: AffineTransform_float_3_3
Parameters: 0.999995 0.00026327 0.00312901 -0.000274731 0.999993 0.00374916 -0.00312799 -0.00374984 0.999988 -0.0904084 -0.0878481 -0.100761
FixedParameters: 0 0 0

#Transform 86
Transform: AffineTransform_float_3_3
Parameters: 0.999992 0.000268299 0.00384347 -0.0002747 0.999999 0.00174296 -0.00384253 -0.00174404 0.999991 -0.0914446 0.00723887 -0.0302747
FixedParameters: 0 0 0

#Transform 87
Transform: AffineTransform_float_3_3
Parameters: 0.999988 0.000267328 0.00474844 -0.000274669 0.999998 0.00161471 -0.00474756 -0.00161629 0.999988 -0.114195 -0.0273749 0.0426366
FixedParameters: 0 0 0

#Transform 88
Transform: AffineTransform_float_3_3
Parameters: 0.999989 0.000851724 0.00459736 -0.000858278 0.999999 0.00158107 -0.00459665 -0.00158493 0.999988 -0.0938469 -0.08093 -0.0666103
FixedParameters: 0 0 0

#Transform 89
Transform: AffineTransform_float_3_3
Parameters: 1 0.000199222 0.00118413 -0.000199778 1 0.000656764 -0.00118387 -0.000657236 0.999999 -0.102532 -0.0231344 -0.274926
FixedParameters: 0 0 0

#Transform 90
Transform: AffineTransform_float_3_3
Parameters: 0.999988 0.000422979 0.00473272 -0.000431022 0.999999 0.00169398 -0.00473228 -0.00169602 0.999988 -0.159636 -0.0189801 -0.0258596
FixedParameters: 0 0 0

#Transform 91
Transform: AffineTransform_float_3_3
Parameters: 0.999987 0.000265262 0.00509419 -0.00026874 0.999999 0.00073364 -0.0050938 -0.00073436 0.999987 -0.122858 -0.0226419 -0.0240589
FixedParameters: 0 0 0

#Transform 92
Transform: AffineTransform_float_3_3
Parameters: 0.999991 0.000369134 0.00436933 -0.000372867 0.999999 0.000884379 -0.00436867 -0.000885621 0.99999 -0.0791122 0.0221867 -0.0547096
FixedParameters: 0 0 0

#Transform 93
Transform: AffineTransform_float_3_3
Parameters: 0.999993 0.000303324 0.00391361 -0.00031168 0.999998 0.0019618 -0.0039134 -0.0019622 0.999991 -0.080736 -0.0021066 0.0432605
FixedParameters: 0 0 0

#Transform 94
Transform: AffineTransform_float_3_3
Parameters: 0.999994 0.000364347 0.00344982 -0.000371653 0.999998 0.00221773 -0.00344918 -0.00221927 0.999991 -0.0603715 -0.0812081 -0.0264124
FixedParameters: 0 0 0

#Transform 95
Transform: AffineTransform_float_3_3
Parameters: 1 0.000371982 4.91347e-05 -0.000372018 1 0.000361982 -4.88653e-05 -0.000362018 1 -0.133278 -0.0551163 -0.291169
FixedParameters: 0 0 0

#Transform 96
Transform: AffineTransform_float_3_3
Parameters: 0.999999 0.000371406 0.000857257 -0.000371593 0.999999 0.000691682 -0.000856743 -0.000692319 1 -0.114472 -0.0462309 -0.184827
FixedParameters: 0 0 0

#Transform 97
Transform: AffineTransform_float_3_3
Parameters: 0.999997 0.000364923 0.00262799 -0.000372078 0.999997 0.00269303 -0.00262701 -0.00269397 0.999993 -0.0957355 -0.115363 0.150205
FixedParameters: 0 0 0

#Transform 98
Transform: AffineTransform_float_3_3
Parameters: 0.999994 0.000366552 0.00328461 -0.000371447 0.999998 0.00165779 -0.00328439 -0.00165921 0.999993 -0.159365 0.0254303 0.108822
FixedParameters: 0 0 0

#Transform 99
Transform: AffineTransform_float_3_3
Parameters: 0.999989 0.000301923 0.0046294 -0.000308076 0.999999 0.00131159 -0.0046296 -0.00131341 0.999989 -0.137822 -0.016408 -0.052046
FixedParameters: 0 0 0

#Transform 100
Transform: AffineTransform_float_3_3
Parameters: 0.999994 0.000251705 0.00330956 -0.000259297 0.999998 0.00220416 -0.00330944 -0.00220485 0.999992 -0.0861513 -0.0801908 -0.0672606
FixedParameters: 0 0 0

#Transform 101
Transform: AffineTransform_float_3_3
Parameters: 0.999994 0.000202374 0.00364055 -0.000211629 0.999997 0.00264425 -0.00364045 -0.00264476 0.99999 -0.106611 0.0357829 0.00975495
FixedParameters: 0 0 0

#Transform 102
Transform: AffineTransform_float_3_3
Parameters: 0.999994 0.000259798 0.00338672 -0.000269204 0.999997 0.00271711 -0.00338628 -0.0027179 0.999991 -0.108 0.0470955 -0.00516001
FixedParameters: 0 0 0

#Transform 103
Transform: AffineTransform_float_3_3
Parameters: 0.999993 0.000363064 0.00372588 -0.000371935 0.999997 0.00239763 -0.00372512 -0.00239937 0.99999 0.00161635 -0.100239 -0.0720038
FixedParameters: 0 0 0

#Transform 104
Transform: AffineTransform_float_3_3
Parameters: 0.999995 0.000552489 0.00329096 -0.000564512 0.999993 0.00349816 -0.00328905 -0.00349984 0.999989 0.133207 -0.0557754 -0.0996459
FixedParameters: 0 0 0

#Transform 105
Transform: AffineTransform_float_3_3
Parameters: 0.999998 0.000967762 0.00175002 -0.000975239 0.999991 0.0041403 -0.00174598 -0.0041417 0.99999 0.0289947 0.0277616 -0.0760439
FixedParameters: 0 0 0

#Transform 106
Transform: AffineTransform_float_3_3
Parameters: 0.999993 0.000718342 0.00350278 -0.000727653 0.999996 0.00247047 -0.00350021 -0.00247353 0.999991 -0.149139 -0.105649 0.061221
FixedParameters: 0 0 0

#Transform 107
Transform: AffineTransform_float_3_3
Parameters: 0.999994 0.000210491 0.00344141 -0.000216507 0.999998 0.00189027 -0.0034416 -0.00189174 0.999993 -0.128475 -0.0345181 0.091191
FixedParameters: 0 0 0

#Transform 108
Transform: AffineTransform_float_3_3
Parameters: 0.999995 0.000862156 0.00307321 -0.000869842 0.999997 0.00255134 -0.00307079 -0.00255466 0.999992 -0.0828153 0.0145275 0.100051
FixedParameters: 0 0 0

#Transform 109
Transform: AffineTransform_float_3_3
Parameters: 0.999991 -0.000112652 0.00410277 0.000104345 0.999998 0.00210945 -0.00410323 -0.00210856 0.99999 -0.0555391 -0.0400527 -0.0309866
FixedParameters: 0 0 0

#Transform 110
Transform: AffineTransform_float_3_3
Parameters: 0.999991 -0.000354215 0.00437198 0.000353787 1 4.95472e-05 -0.00437202 -4.84518e-05 0.99999 -0.0587084 0.0338349 -0.107319
FixedParameters: 0 0 0

#Transform 111
Transform: AffineTransform_float_3_3
Parameters: 0.99999 9.75669e-05 0.00442425 -0.000108431 0.999997 0.00235754 -0.00442376 -0.00235846 0.999988 -0.0790293 -0.139026 -0.0344912
FixedParameters: 0 0 0

#Transform 112
Transform: AffineTransform_float_3_3
Parameters: 0.999989 5.77926e-05 0.0047981 -6.52107e-05 0.999999 0.0015027 -0.00479791 -0.00150229 0.999988 -0.0737245 -0.0194209 -0.0291198
FixedParameters: 0 0 0

#Transform 113
Transform: AffineTransform_float_3_3
Parameters: 0.999989 -0.000178436 0.00465565 0.000169565 0.999998 0.00202681 -0.00465635 -0.00202619 0.999987 -0.0957541 0.10831 0.0365471
FixedParameters: 0 0 0

#Transform 114
Transform: AffineTransform_float_3_3
Parameters: 0.99999 -0.000214979 0.00434456 0.000206021 0.999998 0.00206691 -0.00434543 -0.00206608 0.999988 -0.136942 0.0123474 0.0556129
FixedParameters: 0 0 0

#Transform 115
Transform: AffineTransform_float_3_3
Parameters: 0.999996 -0.000668306 0.00277301 0.000659695 0.999996 0.00299484 -0.00277499 -0.00299316 0.999991 -0.128443 -0.0351109 -0.153619
FixedParameters: 0 0 0

#Transform 116
Transform: AffineTransform_float_3_3
Parameters: 0.999994 -0.000321267 0.00343614 0.000311734 0.999997 0.00269709 -0.00343685 -0.00269591 0.99999 -0.0456401 -0.0831522 -0.0993327
FixedParameters: 0 0 0

#Transform 117
Transform: AffineTransform_float_3_3
Parameters: 0.999987 0.000500947 0.00495751 -0.000506051 1 0.0010175 -0.00495749 -0.0010205 0.999987 -0.0449771 0.0460662 0.0473872
FixedParameters: 0 0 0

#Transform 118
Transform: AffineTransform_float_3_3
Parameters: 0.999987 -3.50494e-06 0.005087 4.95005e-07 1 0.000689011 -0.005087 -0.000688991 0.999987 -0.044884 -0.084514 -0.0536935
FixedParameters: 0 0 0
