# transform file /out/sourcedata/freesurfer/sub-v2s0x29023_ses-1/mri/transforms/cc_up.lta
# created by oesteban on Tue Mar 10 10:00:18 2026

type      = 0 # LINEAR_VOX_TO_VOX
nxforms   = 1
mean      = 129.0000 83.0000 120.0000
sigma     = 10000.0000
1 4 4
9.973337054252625e-01 6.516771018505096e-02 -3.284265846014023e-02 -2.032049179077148e+00 
-6.513240188360214e-02 9.978743195533752e-01 2.144839847460389e-03 6.634282684326172e+01 
3.291261941194534e-02 2.328306436538696e-10 9.994581937789917e-01 2.680682563781738e+01 
0.000000000000000e+00 0.000000000000000e+00 0.000000000000000e+00 1.000000000000000e+00 
src volume info
valid = 1  # volume info valid
filename = /out/sourcedata/freesurfer/sub-v2s0x29023_ses-1/mri/norm.mgz
volume = 256 256 256
voxelsize = 1.000000000000000e+00 1.000000000000000e+00 1.000000000000000e+00
xras   = -1.000000000000000e+00 0.000000000000000e+00 0.000000000000000e+00
yras   = 0.000000000000000e+00 0.000000000000000e+00 -1.000000000000000e+00
zras   = 0.000000000000000e+00 1.000000000000000e+00 0.000000000000000e+00
cras   = 7.740631103515625e-01 3.305335235595703e+01 -2.069380187988281e+01
dst volume info
valid = 1  # volume info valid
filename = /out/sourcedata/freesurfer/sub-v2s0x29023_ses-1/mri/norm.mgz
volume = 256 256 256
voxelsize = 1.000000000000000e+00 1.000000000000000e+00 1.000000000000000e+00
xras   = -1.000000000000000e+00 0.000000000000000e+00 0.000000000000000e+00
yras   = 0.000000000000000e+00 0.000000000000000e+00 -1.000000000000000e+00
zras   = 0.000000000000000e+00 1.000000000000000e+00 0.000000000000000e+00
cras   = 7.740631103515625e-01 3.305335235595703e+01 -2.069380187988281e+01
