# transform file /out/sourcedata/freesurfer/sub-v2s0x29033_ses-1/mri/transforms/cc_up.lta
# created by oesteban on Tue Mar 10 11:10:09 2026

type      = 0 # LINEAR_VOX_TO_VOX
nxforms   = 1
mean      = 126.0000 97.0000 127.0000
sigma     = 10000.0000
1 4 4
9.925450086593628e-01 -2.660587988793850e-02 -1.189399510622025e-01 2.136186218261719e+01 
2.641688287258148e-02 9.996460080146790e-01 -3.165622474625707e-03 4.713417053222656e+01 
1.189820691943169e-01 2.328306714094452e-10 9.928964972496033e-01 -8.548578023910522e-01 
0.000000000000000e+00 0.000000000000000e+00 0.000000000000000e+00 1.000000000000000e+00 
src volume info
valid = 1  # volume info valid
filename = /out/sourcedata/freesurfer/sub-v2s0x29033_ses-1/mri/norm.mgz
volume = 256 256 256
voxelsize = 1.000000000000000e+00 1.000000000000000e+00 1.000000000000000e+00
xras   = -1.000000000000000e+00 0.000000000000000e+00 0.000000000000000e+00
yras   = 0.000000000000000e+00 0.000000000000000e+00 -1.000000000000000e+00
zras   = 0.000000000000000e+00 1.000000000000000e+00 0.000000000000000e+00
cras   = 3.780738830566406e+00 9.256668090820312e+00 -2.224543762207031e+01
dst volume info
valid = 1  # volume info valid
filename = /out/sourcedata/freesurfer/sub-v2s0x29033_ses-1/mri/norm.mgz
volume = 256 256 256
voxelsize = 1.000000000000000e+00 1.000000000000000e+00 1.000000000000000e+00
xras   = -1.000000000000000e+00 0.000000000000000e+00 0.000000000000000e+00
yras   = 0.000000000000000e+00 0.000000000000000e+00 -1.000000000000000e+00
zras   = 0.000000000000000e+00 1.000000000000000e+00 0.000000000000000e+00
cras   = 3.780738830566406e+00 9.256668090820312e+00 -2.224543762207031e+01
