# transform file /out/sourcedata/freesurfer/sub-v2s0x29022_ses-1/mri/transforms/cc_up.lta
# created by oesteban on Tue Mar 10 10:20:04 2026

type      = 0 # LINEAR_VOX_TO_VOX
nxforms   = 1
mean      = 130.0000 102.0000 113.0000
sigma     = 10000.0000
1 4 4
9.988386631011963e-01 -4.570249933749437e-03 -4.796276986598969e-02 3.456757783889771e+00 
4.564990289509296e-03 9.999895095825195e-01 -2.192041429225355e-04 4.742996597290039e+01 
4.796327278017998e-02 0.000000000000000e+00 9.988490939140320e-01 1.888331794738770e+01 
0.000000000000000e+00 0.000000000000000e+00 0.000000000000000e+00 1.000000000000000e+00 
src volume info
valid = 1  # volume info valid
filename = /out/sourcedata/freesurfer/sub-v2s0x29022_ses-1/mri/norm.mgz
volume = 256 256 256
voxelsize = 1.000000000000000e+00 1.000000000000000e+00 1.000000000000000e+00
xras   = -1.000000000000000e+00 0.000000000000000e+00 0.000000000000000e+00
yras   = 0.000000000000000e+00 0.000000000000000e+00 -1.000000000000000e+00
zras   = 0.000000000000000e+00 1.000000000000000e+00 0.000000000000000e+00
cras   = 7.740631103515625e-01 3.633796691894531e+01 -7.721374511718750e+00
dst volume info
valid = 1  # volume info valid
filename = /out/sourcedata/freesurfer/sub-v2s0x29022_ses-1/mri/norm.mgz
volume = 256 256 256
voxelsize = 1.000000000000000e+00 1.000000000000000e+00 1.000000000000000e+00
xras   = -1.000000000000000e+00 0.000000000000000e+00 0.000000000000000e+00
yras   = 0.000000000000000e+00 0.000000000000000e+00 -1.000000000000000e+00
zras   = 0.000000000000000e+00 1.000000000000000e+00 0.000000000000000e+00
cras   = 7.740631103515625e-01 3.633796691894531e+01 -7.721374511718750e+00
