#Insight Transform File V1.0
#Transform 0
Transform: AffineTransform_float_3_3
Parameters: 1 0.000152 -3.01568e-07 -0.000152 0.999998 -0.001984 -3.01568e-07 0.001984 0.999998 0.0330605 0.00202509 0.0211711
FixedParameters: 0 0 0

#Transform 1
Transform: AffineTransform_float_3_3
Parameters: 1 0.000108908 -0.000173058 -0.000109091 1 -0.000528981 0.000172942 0.000529019 1 0.0140099 0.106374 0.0858726
FixedParameters: 0 0 0

#Transform 2
Transform: AffineTransform_float_3_3
Parameters: 1 0.000275242 -0.000231713 -0.000274758 1 0.00104406 0.000232287 -0.00104394 1 -0.000922298 0.107174 0.212107
FixedParameters: 0 0 0

#Transform 3
Transform: AffineTransform_float_3_3
Parameters: 1 0.000189115 -4.95644e-05 -0.000188884 0.999998 0.00230401 5.04353e-05 -0.00230399 0.999998 -0.0218771 0.0590541 0.0892243
FixedParameters: 0 0 0

#Transform 4
Transform: AffineTransform_float_3_3
Parameters: 1 -2.86671e-07 -0.000187 -2.86671e-07 0.999999 -0.001533 0.000187 0.001533 0.999999 -0.0225316 -0.0229328 -0.0584663
FixedParameters: 0 0 0

#Transform 5
Transform: AffineTransform_float_3_3
Parameters: 1 7.48176e-07 -0.000571999 -2.51823e-07 0.999999 0.001308 0.000572001 -0.001308 0.999999 0.0403561 0.0182566 0.210675
FixedParameters: 0 0 0

#Transform 6
Transform: AffineTransform_float_3_3
Parameters: 1 0.00016339 -0.000350819 -0.00016261 1 0.00111106 0.000351181 -0.00111094 1 0.0262564 0.0240543 0.163847
FixedParameters: 0 0 0

#Transform 7
Transform: AffineTransform_float_3_3
Parameters: 1 0.000114971 -2.71251e-05 -0.000115029 1 -0.001088 2.68749e-05 0.001088 1 0.0265217 -0.0230901 -0.0163026
FixedParameters: 0 0 0

#Transform 8
Transform: AffineTransform_float_3_3
Parameters: 1 0.000167837 -8.43249e-05 -0.000168162 0.999998 -0.00193499 8.36748e-05 0.00193501 0.999998 0.00953905 -0.0646246 -0.0905934
FixedParameters: 0 0 0

#Transform 9
Transform: AffineTransform_float_3_3
Parameters: 1 5.85123e-05 -0.000508057 -5.94876e-05 0.999999 -0.00095997 0.000507943 0.00096003 1 0.0115378 -0.0513246 -0.00496844
FixedParameters: 0 0 0

#Transform 10
Transform: AffineTransform_float_3_3
Parameters: 1 0.000303047 -0.000185923 -0.000302953 1 0.000255056 0.000186077 -0.000254944 1 0.000519605 0.0506661 0.153012
FixedParameters: 0 0 0

#Transform 11
Transform: AffineTransform_float_3_3
Parameters: 1 0.000145996 -2.70204e-05 -0.000146004 1 -0.000139996 2.69796e-05 0.000140004 1 0.00393401 0.0700309 -0.0559253
FixedParameters: 0 0 0

#Transform 12
Transform: AffineTransform_float_3_3
Parameters: 1 0.000145967 -2.7179e-05 -0.000146034 0.999999 -0.001226 2.7821e-05 0.001226 0.999999 0.00975465 -0.0187858 -0.00420891
FixedParameters: 0 0 0

#Transform 13
Transform: AffineTransform_float_3_3
Parameters: 1 0.000145975 -2.71368e-05 -0.000146025 0.999999 -0.000936995 2.68632e-05 0.000937003 0.999999 -0.00622798 0.0607895 0.0789586
FixedParameters: 0 0 0

#Transform 14
Transform: AffineTransform_float_3_3
Parameters: 1 0.000145993 -2.70385e-05 -0.000146007 1 -0.000263996 2.69615e-05 0.000264004 1 0.00642135 0.0419399 0.113072
FixedParameters: 0 0 0

#Transform 15
Transform: AffineTransform_float_3_3
Parameters: 1 0.000145874 0.00037005 -0.000146126 1 0.000339946 -0.00036995 -0.000340054 1 0.0160868 0.0758048 0.154044
FixedParameters: 0 0 0

#Transform 16
Transform: AffineTransform_float_3_3
Parameters: 1 1.40337e-05 0.000314998 -1.39663e-05 1 -0.000107004 -0.000315001 0.000106996 1 0.0149145 0.11873 0.103669
FixedParameters: 0 0 0

#Transform 17
Transform: AffineTransform_float_3_3
Parameters: 1 0.000145962 -2.72034e-05 -0.000146039 0.999999 -0.001393 2.77966e-05 0.001393 0.999999 0.0170334 0.0129121 -0.00829088
FixedParameters: 0 0 0

#Transform 18
Transform: AffineTransform_float_3_3
Parameters: 1 0.000146 -2.70016e-05 -0.000146 1 -1.09961e-05 2.69984e-05 1.10039e-05 1 0.00866549 0.0384739 0.163057
FixedParameters: 0 0 0

#Transform 19
Transform: AffineTransform_float_3_3
Parameters: 1 7.40172e-05 -2.69529e-05 -7.39828e-05 1 0.000637002 2.70471e-05 -0.000636998 1 0.0063115 0.0735065 0.187238
FixedParameters: 0 0 0

#Transform 20
Transform: AffineTransform_float_3_3
Parameters: 1 0.000145966 -2.7185e-05 -0.000146035 0.999999 -0.001267 2.7815e-05 0.001267 0.999999 -0.00115448 -0.0142218 -0.0488105
FixedParameters: 0 0 0

#Transform 21
Transform: AffineTransform_float_3_3
Parameters: 1 -6.64366e-05 -0.000451936 6.55633e-05 0.999999 -0.00096603 0.000452064 0.00096597 1 0.0210447 -0.0221368 -0.0963646
FixedParameters: 0 0 0

#Transform 22
Transform: AffineTransform_float_3_3
Parameters: 1 0.00014608 -0.000308962 -0.00014592 1 0.000259045 0.000309038 -0.000258955 1 0.0504584 0.0346644 0.14886
FixedParameters: 0 0 0

#Transform 23
Transform: AffineTransform_float_3_3
Parameters: 1 0.000146291 -0.00035488 -0.000145709 0.999999 0.000820051 0.000355119 -0.000819947 0.999999 0.0269295 0.129784 0.259566
FixedParameters: 0 0 0

#Transform 24
Transform: AffineTransform_float_3_3
Parameters: 1 -1.20952e-05 9.09874e-05 1.19048e-05 1 0.001046 -9.10125e-05 -0.001046 1 0.0850168 0.171165 0.258792
FixedParameters: 0 0 0

#Transform 25
Transform: AffineTransform_float_3_3
Parameters: 1 0.00014593 6.01693e-05 -0.000146071 1 0.00115999 -6.08306e-05 -0.00116001 1 0.0405766 -0.00295231 0.147582
FixedParameters: 0 0 0

#Transform 26
Transform: AffineTransform_float_3_3
Parameters: 1 -0.000271221 0.000102416 0.000270778 0.999997 0.00215303 -0.000103583 -0.00215297 0.999997 0.0626062 -0.0158134 0.113936
FixedParameters: 0 0 0

#Transform 27
Transform: AffineTransform_float_3_3
Parameters: 1 -0.00043833 0.000432666 0.00043767 0.999999 0.000762189 -0.000433333 -0.00076181 0.999999 0.0793719 0.0322963 0.131547
FixedParameters: 0 0 0

#Transform 28
Transform: AffineTransform_float_3_3
Parameters: 0.999999 -0.000676943 0.000625062 0.000677057 1 -9.15768e-05 -0.000624938 9.1423e-05 1 0.10349 -0.0474666 0.0636699
FixedParameters: 0 0 0

#Transform 29
Transform: AffineTransform_float_3_3
Parameters: 1 -0.000796841 0.000652195 0.00079716 0.999999 -0.00024448 -0.000651805 0.000244519 1 0.0980067 0.0632606 -0.00767052
FixedParameters: 0 0 0

#Transform 30
Transform: AffineTransform_float_3_3
Parameters: 1 -0.000322119 0.000560931 0.00032188 1 0.000213181 -0.000561068 -0.000212819 1 0.0568881 0.0512751 0.0849866
FixedParameters: 0 0 0

#Transform 31
Transform: AffineTransform_float_3_3
Parameters: 1 -1.82149e-05 0.000560993 1.87851e-05 1 0.00038301 -0.000561007 -0.00038299 1 0.0461434 0.0883536 0.0670022
FixedParameters: 0 0 0

#Transform 32
Transform: AffineTransform_float_3_3
Parameters: 1 -0.00038498 0.000561013 0.000385019 1 -3.4784e-05 -0.000560986 3.5216e-05 1 0.0624179 0.00749674 -0.00390716
FixedParameters: 0 0 0

#Transform 33
Transform: AffineTransform_float_3_3
Parameters: 1 -0.000426331 0.000561508 0.00042767 0.999999 -0.00119176 -0.00056149 0.00119224 0.999999 0.061525 -0.0548255 -0.0575926
FixedParameters: 0 0 0

#Transform 34
Transform: AffineTransform_float_3_3
Parameters: 1 -0.000221932 0.000459033 0.000222067 1 -0.000146898 -0.000458967 0.000147102 1 0.0529693 0.0261274 0.115672
FixedParameters: 0 0 0

#Transform 35
Transform: AffineTransform_float_3_3
Parameters: 1 -0.000247251 0.000560889 0.000246749 1 0.000447138 -0.00056111 -0.000447861 0.999999 0.0551563 0.091603 0.167703
FixedParameters: 0 0 0

#Transform 36
Transform: AffineTransform_float_3_3
Parameters: 0.999999 -0.000486942 0.00056105 0.000487058 1 -0.000102727 -0.00056095 0.000103273 1 0.056883 0.0183155 -0.0119132
FixedParameters: 0 0 0

#Transform 37
Transform: AffineTransform_float_3_3
Parameters: 0.999999 -0.000642604 0.000561453 0.000643395 0.999999 -0.000704638 -0.000561546 0.000705361 0.999999 0.0608538 -0.0777577 -0.0921058
FixedParameters: 0 0 0

#Transform 38
Transform: AffineTransform_float_3_3
Parameters: 0.999999 -0.000797071 0.000560897 0.000796927 0.999999 0.000128447 -0.000561101 -0.000127553 1 0.0679996 0.0551112 0.0798825
FixedParameters: 0 0 0

#Transform 39
Transform: AffineTransform_float_3_3
Parameters: 0.999999 -0.000428731 0.000760152 0.00042927 1 -0.000354674 -0.000760847 0.000354326 0.999999 0.0535806 -0.0317773 0.0319384
FixedParameters: 0 0 0

#Transform 40
Transform: AffineTransform_float_3_3
Parameters: 0.999999 -0.000421667 0.000762184 0.000421333 1 -0.000436679 -0.000762815 0.000437322 0.999999 0.0577231 0.0220424 0.0602055
FixedParameters: 0 0 0

#Transform 41
Transform: AffineTransform_float_3_3
Parameters: 0.999999 -0.000247644 0.00124407 0.000248356 1 -0.000285691 -0.00124393 0.000286308 0.999999 0.0703311 0.0805396 0.129155
FixedParameters: 0 0 0

#Transform 42
Transform: AffineTransform_float_3_3
Parameters: 1 -0.000287638 0.0010231 0.000288363 1 -0.000354705 -0.0010229 0.000354295 1 0.0507606 -0.0384922 0.0705279
FixedParameters: 0 0 0

#Transform 43
Transform: AffineTransform_float_3_3
Parameters: 0.999999 -0.000601503 0.000944315 0.000601495 0.999999 -0.000524432 -0.000944683 0.000525568 0.999999 0.0745168 -0.0425812 -0.0113128
FixedParameters: 0 0 0

#Transform 44
Transform: AffineTransform_float_3_3
Parameters: 1 -0.000295982 0.00116801 0.000296017 1 -1.46543e-05 -0.001168 1.53457e-05 1 0.0762251 0.0458116 0.164388
FixedParameters: 0 0 0

#Transform 45
Transform: AffineTransform_float_3_3
Parameters: 1 -0.00045007 0.00112197 0.00044993 1 6.25049e-05 -0.00112203 -6.24951e-05 1 0.0741193 0.0796781 0.120096
FixedParameters: 0 0 0

#Transform 46
Transform: AffineTransform_float_3_3
Parameters: 0.999999 -0.000520682 0.00111115 0.000521319 1 -0.000286421 -0.00111085 0.000286579 1 0.0985511 0.07028 0.0691948
FixedParameters: 0 0 0

#Transform 47
Transform: AffineTransform_float_3_3
Parameters: 0.999999 -0.000688353 0.00120223 0.000686647 0.999999 0.00112483 -0.00120377 -0.00112417 0.999998 0.103162 0.0727676 0.201089
FixedParameters: 0 0 0

#Transform 48
Transform: AffineTransform_float_3_3
Parameters: 0.999998 -0.000798345 0.00139423 0.000796655 0.999999 0.000965112 -0.00139477 -0.000963888 0.999998 0.0600544 0.127828 0.0632152
FixedParameters: 0 0 0

#Transform 49
Transform: AffineTransform_float_3_3
Parameters: 0.999999 -0.000797224 0.00122185 0.000796775 0.999999 0.000183974 -0.00122215 -0.000183026 0.999999 0.0599497 0.02505 -0.0635458
FixedParameters: 0 0 0

#Transform 50
Transform: AffineTransform_float_3_3
Parameters: 1 4.73144e-05 0.00105499 -4.66856e-05 1 -0.00029805 -0.00105501 0.00029795 1 0.0338829 -0.0330317 0.0582595
FixedParameters: 0 0 0

#Transform 51
Transform: AffineTransform_float_3_3
Parameters: 1 2.73353e-05 0.00115602 -2.86647e-05 1 0.000574967 -0.00115598 -0.000575032 0.999999 0.0385797 0.048092 0.144588
FixedParameters: 0 0 0

#Transform 52
Transform: AffineTransform_float_3_3
Parameters: 1 9.17948e-05 0.00121009 -9.22051e-05 1 0.000995889 -0.00120991 -0.000996112 0.999999 0.0361915 0.128295 0.13785
FixedParameters: 0 0 0

#Transform 53
Transform: AffineTransform_float_3_3
Parameters: 1 1.27826e-05 0.001188 -1.22174e-05 1 0.000182986 -0.001188 -0.000183015 1 0.0395186 0.0262679 -0.0624292
FixedParameters: 0 0 0

#Transform 54
Transform: AffineTransform_float_3_3
Parameters: 1 4.7403e-05 0.00118094 -4.55969e-05 1 -0.00118805 -0.00118105 0.00118794 0.999998 0.0379373 -0.0878506 -0.0758649
FixedParameters: 0 0 0

#Transform 55
Transform: AffineTransform_float_3_3
Parameters: 1 -1.09489e-05 0.001065 1.10511e-05 1 -4.79883e-05 -0.001065 4.80117e-05 1 0.0390841 0.0112804 0.140371
FixedParameters: 0 0 0

#Transform 56
Transform: AffineTransform_float_3_3
Parameters: 0.999998 3.57014e-05 0.00168203 -3.72984e-05 0.999999 0.000771938 -0.00168197 -0.000772061 0.999999 0.0452184 0.0819213 0.120241
FixedParameters: 0 0 0

#Transform 57
Transform: AffineTransform_float_3_3
Parameters: 0.999999 -8.04517e-05 0.00136703 8.15481e-05 1 -0.000400889 -0.00136697 0.00040111 0.999999 0.0461317 0.0156206 -0.0857086
FixedParameters: 0 0 0

#Transform 58
Transform: AffineTransform_float_3_3
Parameters: 0.999998 -0.000152709 0.00210402 0.00015229 1 -0.00013768 -0.00210398 0.000138322 0.999998 0.0711725 -0.0518629 0.000808765
FixedParameters: 0 0 0

#Transform 59
Transform: AffineTransform_float_3_3
Parameters: 0.999999 -0.000460793 0.00168206 0.000461206 1 -0.000122224 -0.00168194 0.000123775 0.999998 0.0866368 0.022439 0.115031
FixedParameters: 0 0 0

#Transform 60
Transform: AffineTransform_float_3_3
Parameters: 0.999998 -0.000286066 0.00168182 0.000284933 1 0.00063448 -0.00168218 -0.00063352 0.999999 0.0830695 0.12885 0.118218
FixedParameters: 0 0 0

#Transform 61
Transform: AffineTransform_float_3_3
Parameters: 0.999997 -0.000429413 0.00210391 0.000429586 1 0.000196904 -0.00210408 -0.000196097 0.999998 0.0953948 0.0293939 0.0690354
FixedParameters: 0 0 0

#Transform 62
Transform: AffineTransform_float_3_3
Parameters: 0.999998 -0.000489385 0.00162749 0.000490616 1 -0.000992204 -0.00162751 0.000992798 0.999998 0.0916493 -0.0550365 -0.0976797
FixedParameters: 0 0 0

#Transform 63
Transform: AffineTransform_float_3_3
Parameters: 0.999999 -0.000479447 0.00165787 0.000478554 1 0.000269794 -0.00165713 -0.000269206 0.999998 0.0919354 0.0955471 0.105647
FixedParameters: 0 0 0

#Transform 64
Transform: AffineTransform_float_3_3
Parameters: 0.999999 -0.00048576 0.00164278 0.00048524 1 0.000462798 -0.00164322 -0.000462202 0.999998 0.0920296 0.0533451 0.13191
FixedParameters: 0 0 0

#Transform 65
Transform: AffineTransform_float_3_3
Parameters: 0.999998 -6.12307e-05 0.00210396 5.9769e-05 1 0.000585127 -0.00210403 -0.000584872 0.999997 0.0904925 0.0159232 -0.0155214
FixedParameters: 0 0 0

#Transform 66
Transform: AffineTransform_float_3_3
Parameters: 0.999998 -4.16728e-05 0.00188596 4.0327e-05 0.999999 0.000887077 -0.00188604 -0.000886922 0.999998 0.0863003 0.0201615 0.0962734
FixedParameters: 0 0 0

#Transform 67
Transform: AffineTransform_float_3_3
Parameters: 0.999998 -0.000105544 0.0016899 0.000103457 0.999999 0.000913176 -0.00169009 -0.000913823 0.999998 0.0824309 0.0319517 0.177653
FixedParameters: 0 0 0

#Transform 68
Transform: AffineTransform_float_3_3
Parameters: 1 -7.80082e-05 0.00118193 7.69917e-05 0.999999 0.000853091 -0.00118207 -0.000852908 0.999999 0.08857 0.139745 0.265706
FixedParameters: 0 0 0

#Transform 69
Transform: AffineTransform_float_3_3
Parameters: 1 0.000158431 0.00118208 -0.000159568 1 0.000480812 -0.00118192 -0.000481188 0.999999 0.0677398 0.00141907 0.151128
FixedParameters: 0 0 0

#Transform 70
Transform: AffineTransform_float_3_3
Parameters: 0.999999 -8.24429e-06 0.000935997 7.7557e-06 1 0.000261007 -0.000936001 -0.000260992 0.999999 0.0296633 -0.0632121 -0.215009
FixedParameters: 0 0 0

#Transform 71
Transform: AffineTransform_float_3_3
Parameters: 0.999999 -0.000707825 0.00131863 0.000709175 1 -0.000891066 -0.00131737 0.000891934 0.999998 0.099863 -0.0609912 -0.128993
FixedParameters: 0 0 0

#Transform 72
Transform: AffineTransform_float_3_3
Parameters: 0.999998 -0.00018808 0.00163176 0.00018592 0.999999 0.00127431 -0.00163224 -0.00127469 0.999998 0.0484381 0.0936442 0.213481
FixedParameters: 0 0 0

#Transform 73
Transform: AffineTransform_float_3_3
Parameters: 0.999999 -0.000145811 0.00174477 0.000143188 0.999998 0.00161125 -0.00174523 -0.00161075 0.999997 0.0912241 0.219407 0.128629
FixedParameters: 0 0 0

#Transform 74
Transform: AffineTransform_float_3_3
Parameters: 0.999998 -1.04309e-06 0.001922 -1.04309e-06 1 0.001063 -0.001922 -0.001063 0.999997 0.0465445 -0.0419288 -0.00401558
FixedParameters: 0 0 0

#Transform 75
Transform: AffineTransform_float_3_3
Parameters: 0.999998 1.28654e-05 0.001922 -1.31345e-05 1 6.99749e-05 -0.001922 -7.00249e-05 0.999998 0.065924 -0.0615709 -0.0194514
FixedParameters: 0 0 0

#Transform 76
Transform: AffineTransform_float_3_3
Parameters: 0.999999 0.000308005 0.001748 -0.000307996 1 -2.53838e-06 -0.001748 2.46161e-06 0.999999 0.0135897 0.0242886 0.105658
FixedParameters: 0 0 0

#Transform 77
Transform: AffineTransform_float_3_3
Parameters: 0.999999 5.73866e-05 0.00146006 -5.86132e-05 1 0.00110492 -0.00145994 -0.00110509 0.999999 0.0761373 0.137574 0.202953
FixedParameters: 0 0 0

#Transform 78
Transform: AffineTransform_float_3_3
Parameters: 0.999998 0.000179547 0.00204922 -0.000181453 1 0.00119663 -0.00204978 -0.00119737 0.999997 0.0183072 0.134839 0.121069
FixedParameters: 0 0 0

#Transform 79
Transform: AffineTransform_float_3_3
Parameters: 1 -4.34068e-05 0.00102103 4.35932e-05 1 -0.000580956 -0.00102098 0.000581045 1 0.0558396 -0.0540799 -0.18434
FixedParameters: 0 0 0

#Transform 80
Transform: AffineTransform_float_3_3
Parameters: 0.999998 2.04646e-05 0.00168902 -2.15352e-05 0.999999 0.000908965 -0.00168898 -0.000909036 0.999998 0.0251097 -0.0137218 0.0900407
FixedParameters: 0 0 0

#Transform 81
Transform: AffineTransform_float_3_3
Parameters: 1 -0.000285492 0.00113163 0.000283509 0.999999 0.00131832 -0.00113138 -0.00131768 0.999999 0.06282 0.140931 0.227459
FixedParameters: 0 0 0

#Transform 82
Transform: AffineTransform_float_3_3
Parameters: 0.999998 0.000358165 0.00168918 -0.000358835 1 0.000494395 -0.00168882 -0.000494606 0.999999 -0.00176257 0.129896 0.0234322
FixedParameters: 0 0 0

#Transform 83
Transform: AffineTransform_float_3_3
Parameters: 0.999999 0.000360275 0.00084331 -0.000360724 0.999999 0.000858696 -0.00084369 -0.000859304 1 0.0297519 0.0193702 0.16504
FixedParameters: 0 0 0

#Transform 84
Transform: AffineTransform_float_3_3
Parameters: 0.999998 0.000226171 0.0016164 -0.000228829 0.999998 0.00175063 -0.0016156 -0.00175037 0.999997 0.0424007 0.101998 0.167212
FixedParameters: 0 0 0

#Transform 85
Transform: AffineTransform_float_3_3
Parameters: 0.999999 0.000343089 0.00178356 -0.000345911 0.999998 0.00163239 -0.00178244 -0.00163261 0.999997 0.0455249 0.0867839 0.0674447
FixedParameters: 0 0 0

#Transform 86
Transform: AffineTransform_float_3_3
Parameters: 0.999999 0.000310846 0.00178303 -0.000311153 1 8.54454e-05 -0.00178297 -8.65544e-05 0.999999 0.0446573 -0.0538795 -0.0489133
FixedParameters: 0 0 0

#Transform 87
Transform: AffineTransform_float_3_3
Parameters: 0.999998 0.000381463 0.00163136 -0.000382536 1 0.000941378 -0.00163064 -0.000942624 0.999998 0.0392933 0.0512295 0.0711297
FixedParameters: 0 0 0

#Transform 88
Transform: AffineTransform_float_3_3
Parameters: 0.999999 0.00051552 0.00145053 -0.000516481 1 0.00102025 -0.00145047 -0.00102075 0.999999 0.025631 0.125117 0.253053
FixedParameters: 0 0 0

#Transform 89
Transform: AffineTransform_float_3_3
Parameters: 0.999999 0.000160974 0.00178328 -0.000164027 0.999998 0.00169771 -0.00178272 -0.00169729 0.999997 0.0516925 0.104218 0.088665
FixedParameters: 0 0 0

#Transform 90
Transform: AffineTransform_float_3_3
Parameters: 1 -0.000283154 0.000954252 0.000283847 0.999999 -0.000887729 -0.000953749 0.00088727 0.999999 0.0403548 -0.0322139 -0.23557
FixedParameters: 0 0 0

#Transform 91
Transform: AffineTransform_float_3_3
Parameters: 0.999999 0.000455932 0.00167629 -0.000457067 0.999999 0.000636235 -0.00167571 -0.000637765 0.999999 0.0365489 0.0592497 0.072034
FixedParameters: 0 0 0

#Transform 92
Transform: AffineTransform_float_3_3
Parameters: 0.999998 -0.000285985 0.0018567 0.000284015 1 0.00106953 -0.0018563 -0.00106847 0.999997 0.050611 0.150192 0.120087
FixedParameters: 0 0 0

#Transform 93
Transform: AffineTransform_float_3_3
Parameters: 0.999998 -0.000287865 0.00190842 0.000284135 0.999998 0.00202455 -0.00190958 -0.00202445 0.999996 0.0574198 0.0805238 0.0848934
FixedParameters: 0 0 0

#Transform 94
Transform: AffineTransform_float_3_3
Parameters: 0.999998 -0.000287507 0.00208252 0.000283493 0.999998 0.00168459 -0.00208248 -0.0016834 0.999997 0.0586028 0.0731718 0.112403
FixedParameters: 0 0 0

#Transform 95
Transform: AffineTransform_float_3_3
Parameters: 0.999997 -0.000284861 0.0023609 0.000284137 1 0.000365672 -0.0023611 -0.000364328 0.999997 0.0801134 0.0197451 -0.0446711
FixedParameters: 0 0 0

#Transform 96
Transform: AffineTransform_float_3_3
Parameters: 0.999998 -0.000203595 0.00208275 0.000200405 0.999999 0.00124642 -0.00208225 -0.00124558 0.999997 0.0603421 0.0975935 0.162013
FixedParameters: 0 0 0

#Transform 97
Transform: AffineTransform_float_3_3
Parameters: 0.999997 -0.000287904 0.00212547 0.000284093 0.999999 0.00183761 -0.00212652 -0.00183639 0.999996 0.0653319 0.157056 0.197816
FixedParameters: 0 0 0

#Transform 98
Transform: AffineTransform_float_3_3
Parameters: 0.999996 -0.000287947 0.00260557 0.000284053 0.999999 0.00151475 -0.00260643 -0.00151426 0.999996 0.0637983 0.114142 0.0623586
FixedParameters: 0 0 0

#Transform 99
Transform: AffineTransform_float_3_3
Parameters: 0.999998 -2.94119e-06 0.00229 2.0588e-06 1 0.000411006 -0.00229 -0.000410994 0.999998 0.0515853 -0.0569918 -0.0451505
FixedParameters: 0 0 0

#Transform 100
Transform: AffineTransform_float_3_3
Parameters: 0.999998 -0.000286885 0.00226264 0.000284114 0.999999 0.00127565 -0.00226336 -0.00127435 0.999996 0.0655785 0.0661927 0.0629642
FixedParameters: 0 0 0

#Transform 101
Transform: AffineTransform_float_3_3
Parameters: 0.999998 1.53577e-05 0.00207303 -1.96422e-05 0.999999 0.00175696 -0.00207297 -0.00175704 0.999997 0.0399288 0.215483 0.192282
FixedParameters: 0 0 0

#Transform 102
Transform: AffineTransform_float_3_3
Parameters: 0.999998 5.73531e-05 0.00220207 -6.06479e-05 1 0.00120187 -0.00220293 -0.00120213 0.999997 0.0406019 0.149218 -0.0160681
FixedParameters: 0 0 0

#Transform 103
Transform: AffineTransform_float_3_3
Parameters: 0.999997 -0.000155748 0.00236482 0.000153254 1 0.00116137 -0.00236518 -0.00116163 0.999996 0.0561146 0.0152952 0.0110455
FixedParameters: 0 0 0

#Transform 104
Transform: AffineTransform_float_3_3
Parameters: 0.999998 -0.000285891 0.00220176 0.000284108 0.999999 0.000859627 -0.00220225 -0.000858372 0.999997 0.0458785 -0.0124515 0.0951786
FixedParameters: 0 0 0

#Transform 105
Transform: AffineTransform_float_3_3
Parameters: 0.999999 0.000135425 0.00145905 -0.000136576 1 0.000394801 -0.00145895 -0.000394198 0.999999 0.0313791 0.111106 0.203521
FixedParameters: 0 0 0

#Transform 106
Transform: AffineTransform_float_3_3
Parameters: 0.999999 0.000201516 0.0015232 -0.000202483 1 0.000973694 -0.0015228 -0.000974309 0.999999 0.0467877 0.162451 0.302039
FixedParameters: 0 0 0

#Transform 107
Transform: AffineTransform_float_3_3
Parameters: 0.999999 7.09207e-05 0.00178613 -7.40788e-05 0.999998 0.00172387 -0.00178588 -0.00172413 0.999997 0.0563519 0.172533 0.26041
FixedParameters: 0 0 0

#Transform 108
Transform: AffineTransform_float_3_3
Parameters: 0.999998 0.000201901 0.00225337 -0.000206099 0.999999 0.00181854 -0.00225363 -0.00181946 0.999996 0.066085 0.003574 0.0568871
FixedParameters: 0 0 0

#Transform 109
Transform: AffineTransform_float_3_3
Parameters: 0.999996 0.00018286 0.00275421 -0.000186142 1 0.00114049 -0.00275379 -0.00114051 0.999995 0.0734139 -0.0692661 0.019922
FixedParameters: 0 0 0

#Transform 110
Transform: AffineTransform_float_3_3
Parameters: 0.999998 5.04014e-05 0.00230004 -5.15984e-05 1 0.000694883 -0.00229997 -0.000695118 0.999997 0.0612352 -0.0112419 0.112523
FixedParameters: 0 0 0

#Transform 111
Transform: AffineTransform_float_3_3
Parameters: 0.999998 0.000228133 0.00228719 -0.000230869 0.999999 0.000816474 -0.00228781 -0.000816524 0.999997 0.0512692 0.0551025 0.145521
FixedParameters: 0 0 0

#Transform 112
Transform: AffineTransform_float_3_3
Parameters: 0.999998 0.000205487 0.00194538 -0.000208516 0.999999 0.0018066 -0.00194563 -0.0018064 0.999997 0.0457786 0.107216 0.254534
FixedParameters: 0 0 0

#Transform 113
Transform: AffineTransform_float_3_3
Parameters: 0.999998 0.000237409 0.00228759 -0.00024259 0.999997 0.00244445 -0.00228642 -0.00244455 0.999995 0.0551247 0.195463 0.147518
FixedParameters: 0 0 0

#Transform 114
Transform: AffineTransform_float_3_3
Parameters: 0.999998 0.00024663 0.00228737 -0.00025037 0.999999 0.00147343 -0.00228664 -0.00147357 0.999997 0.0544599 0.18212 -0.0175112
FixedParameters: 0 0 0

#Transform 115
Transform: AffineTransform_float_3_3
Parameters: 0.999995 -0.000283354 0.00296906 0.000283643 1 -0.000216159 -0.00296994 0.000217842 0.999995 0.0881644 -0.0544604 -0.0792046
FixedParameters: 0 0 0

#Transform 116
Transform: AffineTransform_float_3_3
Parameters: 0.999997 6.4956e-05 0.00214809 -6.80435e-05 0.999999 0.00141686 -0.0021479 -0.00141714 0.999996 0.0586998 -0.0212821 0.0596927
FixedParameters: 0 0 0

#Transform 117
Transform: AffineTransform_float_3_3
Parameters: 0.999998 6.97804e-05 0.00193116 -7.32211e-05 0.999997 0.00218486 -0.00193184 -0.00218514 0.999995 0.0581492 0.156911 0.19027
FixedParameters: 0 0 0

#Transform 118
Transform: AffineTransform_float_3_3
Parameters: 0.999998 0.000106507 0.00205429 -0.000112492 0.999997 0.00267378 -0.00205371 -0.00267423 0.999995 0.0624727 0.271329 0.226892
FixedParameters: 0 0 0

#Transform 119
Transform: AffineTransform_float_3_3
Parameters: 0.999997 -4.73326e-06 0.002369 2.66713e-07 0.999998 0.00199801 -0.00236901 -0.00199799 0.999995 0.0849288 0.128494 0.0634126
FixedParameters: 0 0 0
