# transform file /out/sourcedata/freesurfer/sub-v2s0x29036_ses-1/mri/transforms/cc_up.lta
# created by oesteban on Tue Mar 10 11:24:29 2026

type      = 0 # LINEAR_VOX_TO_VOX
nxforms   = 1
mean      = 125.0000 90.0000 121.0000
sigma     = 10000.0000
1 4 4
9.979439377784729e-01 -6.133223697543144e-02 1.861047558486462e-02 7.064992427825928e+00 
6.132157519459724e-02 9.981174468994141e-01 1.143574831075966e-03 4.937343215942383e+01 
-1.864557713270187e-02 1.164153357047226e-10 9.998261928558350e-01 2.534132766723633e+01 
0.000000000000000e+00 0.000000000000000e+00 0.000000000000000e+00 1.000000000000000e+00 
src volume info
valid = 1  # volume info valid
filename = /out/sourcedata/freesurfer/sub-v2s0x29036_ses-1/mri/norm.mgz
volume = 256 256 256
voxelsize = 1.000000000000000e+00 1.000000000000000e+00 1.000000000000000e+00
xras   = -1.000000000000000e+00 0.000000000000000e+00 0.000000000000000e+00
yras   = 0.000000000000000e+00 0.000000000000000e+00 -1.000000000000000e+00
zras   = 0.000000000000000e+00 1.000000000000000e+00 0.000000000000000e+00
cras   = 7.740631103515625e-01 2.378569793701172e+01 -1.022138977050781e+01
dst volume info
valid = 1  # volume info valid
filename = /out/sourcedata/freesurfer/sub-v2s0x29036_ses-1/mri/norm.mgz
volume = 256 256 256
voxelsize = 1.000000000000000e+00 1.000000000000000e+00 1.000000000000000e+00
xras   = -1.000000000000000e+00 0.000000000000000e+00 0.000000000000000e+00
yras   = 0.000000000000000e+00 0.000000000000000e+00 -1.000000000000000e+00
zras   = 0.000000000000000e+00 1.000000000000000e+00 0.000000000000000e+00
cras   = 7.740631103515625e-01 2.378569793701172e+01 -1.022138977050781e+01
