#Insight Transform File V1.0
#Transform 0
Transform: AffineTransform_float_3_3
Parameters: 0.99999 0.000420638 -0.00460978 -0.000407362 0.999995 0.00295891 0.00461123 -0.00295709 0.999985 -0.109991 0.000456158 0.0941706
FixedParameters: 0 0 0

#Transform 1
Transform: AffineTransform_float_3_3
Parameters: 0.99999 0.000312846 -0.00430301 -0.000299157 0.999995 0.00321732 0.00430398 -0.00321668 0.999985 -0.118527 0.00303887 0.110422
FixedParameters: 0 0 0

#Transform 2
Transform: AffineTransform_float_3_3
Parameters: 0.99999 0.00023961 -0.00430326 -0.00022539 0.999995 0.003163 0.00430373 -0.003162 0.999985 -0.114902 0.00229922 0.0653223
FixedParameters: 0 0 0

#Transform 3
Transform: AffineTransform_float_3_3
Parameters: 0.99999 0.000360833 -0.0043031 -0.000350165 0.999997 0.00251853 0.00430389 -0.00251647 0.999987 -0.118805 -0.00431864 0.0830647
FixedParameters: 0 0 0

#Transform 4
Transform: AffineTransform_float_3_3
Parameters: 0.99999 0.000181659 -0.00430368 -0.000174341 0.999999 0.00177977 0.00430432 -0.00177924 0.999989 -0.106132 -0.0154715 0.0605922
FixedParameters: 0 0 0

#Transform 5
Transform: AffineTransform_float_3_3
Parameters: 0.99999 0.000218914 -0.00430351 -0.000209088 0.999998 0.00230392 0.00430349 -0.00230308 0.999988 -0.114153 -0.00702504 0.0882394
FixedParameters: 0 0 0

#Transform 6
Transform: AffineTransform_float_3_3
Parameters: 0.99999 6.14923e-05 -0.00434188 -5.35083e-05 0.999998 0.00195625 0.00434111 -0.00195575 0.999988 -0.103447 -0.0109117 0.0704018
FixedParameters: 0 0 0

#Transform 7
Transform: AffineTransform_float_3_3
Parameters: 0.999992 3.98067e-05 -0.00416993 -3.11925e-05 0.999998 0.00211215 0.00417008 -0.00211185 0.999989 -0.0928946 -0.0409762 0.0809199
FixedParameters: 0 0 0

#Transform 8
Transform: AffineTransform_float_3_3
Parameters: 0.999993 8.99738e-06 -0.00380499 -2.00252e-06 0.999999 0.00183902 0.00380501 -0.00183898 0.999991 -0.0789335 -0.0440223 0.0938438
FixedParameters: 0 0 0

#Transform 9
Transform: AffineTransform_float_3_3
Parameters: 0.999993 -9.7822e-05 -0.00354218 0.00010418 0.999999 0.00174464 0.00354182 -0.00174436 0.999992 -0.0684635 -0.00282202 0.111342
FixedParameters: 0 0 0

#Transform 10
Transform: AffineTransform_float_3_3
Parameters: 0.999994 -0.00025375 -0.0033884 0.00025925 0.999999 0.00154913 0.0033876 -0.00154987 0.999993 -0.0659069 -0.0588766 0.108113
FixedParameters: 0 0 0

#Transform 11
Transform: AffineTransform_float_3_3
Parameters: 0.999995 -3.57947e-05 -0.00320906 4.12047e-05 0.999998 0.00162187 0.00320894 -0.00162212 0.999993 -0.0477389 -0.018376 0.0674956
FixedParameters: 0 0 0

#Transform 12
Transform: AffineTransform_float_3_3
Parameters: 0.999996 -0.000224564 -0.00273137 0.000229434 0.999998 0.00162338 0.00273063 -0.00162462 0.999995 -0.0314081 0.0362338 0.0842115
FixedParameters: 0 0 0

#Transform 13
Transform: AffineTransform_float_3_3
Parameters: 0.999998 -0.000693317 -0.00185576 0.00069768 0.999996 0.00252371 0.00185324 -0.00252529 0.999995 0.0182752 -0.0197403 0.13702
FixedParameters: 0 0 0

#Transform 14
Transform: AffineTransform_float_3_3
Parameters: 0.999999 -0.000219646 -0.00185452 0.000224352 0.999997 0.00234759 0.00185348 -0.00234841 0.999995 0.0128952 0.0292266 0.137302
FixedParameters: 0 0 0

#Transform 15
Transform: AffineTransform_float_3_3
Parameters: 1 -0.000221091 -0.00114956 0.00022391 0.999997 0.00253074 0.00114944 -0.00253126 0.999996 -0.0248644 -0.0139793 0.1826
FixedParameters: 0 0 0

#Transform 16
Transform: AffineTransform_float_3_3
Parameters: 0.999999 0.000238615 -0.00149959 -0.000236387 0.999999 0.00174336 0.00149941 -0.00174365 0.999998 -0.0400955 0.016863 0.142523
FixedParameters: 0 0 0

#Transform 17
Transform: AffineTransform_float_3_3
Parameters: 1 -2.47115e-05 -0.00112405 2.62884e-05 0.999998 0.00203597 0.00112395 -0.00203603 0.999998 -0.0232124 0.0291073 0.113952
FixedParameters: 0 0 0

#Transform 18
Transform: AffineTransform_float_3_3
Parameters: 0.999999 0.000151046 -0.00172082 -0.000148954 1 0.00118926 0.00172118 -0.00118874 0.999998 -0.0185903 0.00793052 0.0583758
FixedParameters: 0 0 0

#Transform 19
Transform: AffineTransform_float_3_3
Parameters: 0.999999 0.000504169 -0.00172037 -0.000501831 0.999999 0.00126087 0.00172163 -0.00126013 0.999997 -0.00691561 -0.0055404 0.0959578
FixedParameters: 0 0 0

#Transform 20
Transform: AffineTransform_float_3_3
Parameters: 0.999998 -1.98348e-05 -0.00172101 2.11651e-05 1 0.000676965 0.00172099 -0.000677035 0.999999 -0.0123869 -0.00179755 0.0182042
FixedParameters: 0 0 0

#Transform 21
Transform: AffineTransform_float_3_3
Parameters: 1 0.000145788 -0.0011619 -0.000145213 1 0.000677169 0.0011621 -0.000677831 0.999999 -0.0747766 -0.0221184 0.0433989
FixedParameters: 0 0 0

#Transform 22
Transform: AffineTransform_float_3_3
Parameters: 1 6.92239e-05 -0.000223931 -6.97759e-05 0.999999 0.00100001 0.00022407 -0.000999983 0.999999 0.0204481 0.0172985 0.0865817
FixedParameters: 0 0 0

#Transform 23
Transform: AffineTransform_float_3_3
Parameters: 1 0.000821059 -0.000716789 -0.000819941 0.999998 0.00147659 0.000718212 -0.00147641 0.999998 -0.0705933 -0.0245573 0.085065
FixedParameters: 0 0 0

#Transform 24
Transform: AffineTransform_float_3_3
Parameters: 0.999999 0.000433059 -0.000717361 -0.000431941 0.999999 0.00147631 0.000717638 -0.00147569 0.999998 -0.0585287 -0.0380649 0.109046
FixedParameters: 0 0 0

#Transform 25
Transform: AffineTransform_float_3_3
Parameters: 1 0.000210661 -0.000627779 -0.00021034 1 0.00105313 0.000627222 -0.00105287 0.999999 -0.0536564 -0.011875 0.0649318
FixedParameters: 0 0 0

#Transform 26
Transform: AffineTransform_float_3_3
Parameters: 1 -8.20516e-05 0.000119965 8.19484e-05 1 0.00043001 -0.000120035 -0.00042999 1 0.00772461 0.0213787 0.0683938
FixedParameters: 0 0 0

#Transform 27
Transform: AffineTransform_float_3_3
Parameters: 1 0.000319032 -6.58472e-05 -0.000318969 1 0.000479021 6.51528e-05 -0.000478979 1 -0.0135355 -0.0432696 0.0720894
FixedParameters: 0 0 0

#Transform 28
Transform: AffineTransform_float_3_3
Parameters: 1 3.7719e-06 0.000352002 -4.22809e-06 1 0.000647998 -0.000351997 -0.000648001 0.999999 0.0346167 0.00147328 0.118039
FixedParameters: 0 0 0

#Transform 29
Transform: AffineTransform_float_3_3
Parameters: 0.999999 5.14559e-05 0.000793036 -5.15439e-05 1 0.000685959 -0.000792965 -0.000686041 1 0.056842 0.0126252 0.131079
FixedParameters: 0 0 0

#Transform 30
Transform: AffineTransform_float_3_3
Parameters: 0.999999 0.000203062 0.000739983 -0.000202938 1 -8.41502e-05 -0.000740017 8.38497e-05 0.999999 -0.001686 0.0141702 -0.00231155
FixedParameters: 0 0 0

#Transform 31
Transform: AffineTransform_float_3_3
Parameters: 0.999998 0.000105508 0.00168003 -0.000106492 1 0.000292821 -0.00168097 -0.000293178 0.999998 0.063106 -0.0148676 0.0557907
FixedParameters: 0 0 0

#Transform 32
Transform: AffineTransform_float_3_3
Parameters: 0.999997 0.000490062 0.00233436 -0.000486939 0.999999 -0.00131114 -0.00233564 0.00131086 0.999997 0.0349376 -0.0366002 0.0021814
FixedParameters: 0 0 0

#Transform 33
Transform: AffineTransform_float_3_3
Parameters: 0.999998 0.000225337 0.00199108 -0.000226665 1 0.000333549 -0.00199092 -0.000333449 0.999998 -0.0252408 -0.0555076 0.0990461
FixedParameters: 0 0 0

#Transform 34
Transform: AffineTransform_float_3_3
Parameters: 0.999997 0.000850991 0.00198743 -0.000852008 1 0.000506308 -0.00198757 -0.000508693 0.999998 -0.0352078 0.0158683 0.0651381
FixedParameters: 0 0 0

#Transform 35
Transform: AffineTransform_float_3_3
Parameters: 0.999997 0.000487622 0.00233487 -0.00048738 1 -0.000266139 -0.00233513 0.000265862 0.999997 0.00802549 0.0208345 -0.0256685
FixedParameters: 0 0 0

#Transform 36
Transform: AffineTransform_float_3_3
Parameters: 0.999997 0.00048719 0.00233496 -0.00048681 1 -8.21369e-05 -0.00233504 8.08626e-05 0.999998 0.00826223 -0.0228822 0.0792686
FixedParameters: 0 0 0

#Transform 37
Transform: AffineTransform_float_3_3
Parameters: 0.999998 0.000484567 0.00223153 -0.000487433 1 0.00108992 -0.00223047 -0.00109108 0.999997 0.0320924 -0.0555132 0.123901
FixedParameters: 0 0 0

#Transform 38
Transform: AffineTransform_float_3_3
Parameters: 0.999997 0.00126958 0.00217524 -0.00126942 0.999999 0.000191239 -0.00217475 -0.000193762 0.999997 -0.0133905 -0.0642985 0.112105
FixedParameters: 0 0 0

#Transform 39
Transform: AffineTransform_float_3_3
Parameters: 0.999995 0.00146538 0.00273526 -0.00146362 0.999999 -0.000505006 -0.00273574 0.000500993 0.999996 -0.0980667 0.0273365 0.0533787
FixedParameters: 0 0 0

#Transform 40
Transform: AffineTransform_float_3_3
Parameters: 0.999996 0.00131033 0.00255832 -0.00130867 0.999999 -0.00052135 -0.00255868 0.000517649 0.999996 -0.0637891 0.0129966 -0.00654789
FixedParameters: 0 0 0

#Transform 41
Transform: AffineTransform_float_3_3
Parameters: 0.999997 0.000920067 0.00223756 -0.000918932 0.999999 -0.000478057 -0.00223844 0.000475942 0.999998 -0.0639062 0.026808 -0.0048129
FixedParameters: 0 0 0

#Transform 42
Transform: AffineTransform_float_3_3
Parameters: 0.999996 0.00209929 0.00221862 -0.0021007 0.999997 0.000766343 -0.00221639 -0.000771656 0.999997 -0.0961977 0.0641618 0.0345349
FixedParameters: 0 0 0

#Transform 43
Transform: AffineTransform_float_3_3
Parameters: 0.999995 0.00107903 0.00291899 -0.00107897 1 -1.21496e-05 -0.00291901 8.85034e-06 0.999995 -0.049705 0.03191 0.00564302
FixedParameters: 0 0 0

#Transform 44
Transform: AffineTransform_float_3_3
Parameters: 0.999993 0.00156143 0.0032053 -0.00155957 0.999998 -0.000449001 -0.00320569 0.000443997 0.999995 -0.0548033 -0.0779274 0.000770712
FixedParameters: 0 0 0

#Transform 45
Transform: AffineTransform_float_3_3
Parameters: 0.999993 0.00171888 0.00349008 -0.00171713 0.999999 -0.000539997 -0.00349092 0.000534004 0.999994 -0.0355351 -0.0570622 0.0294715
FixedParameters: 0 0 0

#Transform 46
Transform: AffineTransform_float_3_3
Parameters: 0.999994 0.00168671 0.00285699 -0.00168529 0.999999 -0.000600818 -0.00285801 0.000596183 0.999995 -0.0572204 0.0189899 0.00467464
FixedParameters: 0 0 0

#Transform 47
Transform: AffineTransform_float_3_3
Parameters: 0.999996 0.00107859 0.00261917 -0.00107841 1 0.000154176 -0.00261883 -0.000156825 0.999996 -0.0308182 -0.0522003 0.0757851
FixedParameters: 0 0 0

#Transform 48
Transform: AffineTransform_float_3_3
Parameters: 0.999995 0.00147296 0.00303654 -0.00147204 0.999999 -0.000318472 -0.00303747 0.000314528 0.999996 -0.0357443 0.0062781 0.0126843
FixedParameters: 0 0 0

#Transform 49
Transform: AffineTransform_float_3_3
Parameters: 0.999994 0.00128973 0.00298582 -0.00128726 0.999999 -0.000917848 -0.00298618 0.000913153 0.999995 -0.0137221 0.018917 0.00600706
FixedParameters: 0 0 0

#Transform 50
Transform: AffineTransform_float_3_3
Parameters: 0.999991 0.00228019 0.00361788 -0.00227982 0.999998 -5.52487e-05 -0.00361812 4.77505e-05 0.999994 -0.0124464 0.0266247 0.0694446
FixedParameters: 0 0 0

#Transform 51
Transform: AffineTransform_float_3_3
Parameters: 0.999992 0.00212293 0.00319371 -0.00212106 0.999997 -0.000608778 -0.00319528 0.000601221 0.999994 -0.112936 -0.101892 0.0428424
FixedParameters: 0 0 0

#Transform 52
Transform: AffineTransform_float_3_3
Parameters: 0.999994 0.00181383 0.00292573 -0.00181517 0.999999 0.000397692 -0.00292427 -0.000403306 0.999995 -0.0983244 0.0149955 0.0399243
FixedParameters: 0 0 0

#Transform 53
Transform: AffineTransform_float_3_3
Parameters: 0.999997 0.00172735 0.00182147 -0.00173065 0.999997 0.00200586 -0.00181753 -0.00200915 0.999997 -0.115612 0.078154 0.205291
FixedParameters: 0 0 0

#Transform 54
Transform: AffineTransform_float_3_3
Parameters: 0.999996 0.00111822 0.00235276 -0.00112478 0.999997 0.00245736 -0.00235024 -0.00246064 0.999994 -0.0959411 0.0623297 0.0536977
FixedParameters: 0 0 0

#Transform 55
Transform: AffineTransform_float_3_3
Parameters: 0.999993 0.00151889 0.00342394 -0.00152111 0.999998 0.000612796 -0.00342306 -0.000618203 0.999994 -0.0718798 -0.0244536 0.0418265
FixedParameters: 0 0 0

#Transform 56
Transform: AffineTransform_float_3_3
Parameters: 0.999993 0.00184201 0.00332189 -0.00183999 0.999998 -0.000608117 -0.00332311 0.000601883 0.999995 -0.0306047 -0.000154044 -0.0164684
FixedParameters: 0 0 0

#Transform 57
Transform: AffineTransform_float_3_3
Parameters: 0.999994 0.00159947 0.00330629 -0.00159753 0.999998 -0.000447285 -0.00330671 0.000442714 0.999995 -0.0551732 -0.0288729 -0.00882142
FixedParameters: 0 0 0

#Transform 58
Transform: AffineTransform_float_3_3
Parameters: 0.999991 0.00195924 0.00357287 -0.00195876 0.999998 -7.0999e-05 -0.00357313 6.39999e-05 0.999993 -0.0537149 -0.00965501 0.00931877
FixedParameters: 0 0 0

#Transform 59
Transform: AffineTransform_float_3_3
Parameters: 0.999992 0.00177009 0.00341343 -0.00176891 0.999999 -0.000322041 -0.00341356 0.00031596 0.999994 -0.0628858 -0.0397764 -0.00265607
FixedParameters: 0 0 0

#Transform 60
Transform: AffineTransform_float_3_3
Parameters: 0.999992 0.00191275 0.00365656 -0.00190925 0.999998 -0.000755988 -0.00365844 0.000749009 0.999993 -0.066599 -0.00496112 0.0239715
FixedParameters: 0 0 0

#Transform 61
Transform: AffineTransform_float_3_3
Parameters: 0.999992 0.00185443 0.00353673 -0.00185157 0.999998 -0.000689554 -0.00353727 0.000682446 0.999994 -0.0566202 -0.0309674 0.0270443
FixedParameters: 0 0 0

#Transform 62
Transform: AffineTransform_float_3_3
Parameters: 0.999993 0.00197246 0.0029577 -0.00196954 0.999998 -0.00117083 -0.0029603 0.00116517 0.999995 -0.0550268 -0.023878 -0.0200579
FixedParameters: 0 0 0

#Transform 63
Transform: AffineTransform_float_3_3
Parameters: 0.999994 0.00188116 0.00293862 -0.00187984 0.999998 -0.000738529 -0.00294038 0.000732473 0.999996 -0.0620766 -0.0520741 0.000260111
FixedParameters: 0 0 0

#Transform 64
Transform: AffineTransform_float_3_3
Parameters: 0.999993 0.0021089 0.00301397 -0.0021061 0.999998 -0.000965355 -0.00301603 0.000958646 0.999995 -0.065232 -0.0409703 -0.0167894
FixedParameters: 0 0 0

#Transform 65
Transform: AffineTransform_float_3_3
Parameters: 0.999995 0.00169979 0.00265442 -0.00170222 0.999998 0.000832486 -0.00265258 -0.000836513 0.999996 -0.083842 -0.0589383 0.0981385
FixedParameters: 0 0 0

#Transform 66
Transform: AffineTransform_float_3_3
Parameters: 0.999994 0.00159893 0.00310355 -0.00160007 0.999998 0.000342036 -0.00310245 -0.000346963 0.999995 -0.0737236 -0.00854287 0.0654773
FixedParameters: 0 0 0

#Transform 67
Transform: AffineTransform_float_3_3
Parameters: 0.999995 0.00128837 0.00282883 -0.00128763 0.999999 -0.000131643 -0.00282817 0.000128357 0.999996 -0.0621735 0.0100041 -0.00648491
FixedParameters: 0 0 0

#Transform 68
Transform: AffineTransform_float_3_3
Parameters: 0.999994 0.0013033 0.00305673 -0.0013057 0.999999 0.000555012 -0.00305627 -0.000558986 0.999995 -0.0729958 0.0396835 0.0455957
FixedParameters: 0 0 0

#Transform 69
Transform: AffineTransform_float_3_3
Parameters: 1 0.000427741 -0.00102704 -0.000423259 0.99999 0.00461244 0.00102896 -0.00461156 0.999989 -0.115913 0.111911 0.209463
FixedParameters: 0 0 0

#Transform 70
Transform: AffineTransform_float_3_3
Parameters: 0.999995 0.00105419 -0.0032035 -0.00102782 0.999966 0.00816534 0.0032115 -0.00816166 0.999961 -0.0567679 0.00112707 0.39723
FixedParameters: 0 0 0

#Transform 71
Transform: AffineTransform_float_3_3
Parameters: 0.999999 0.000406407 -0.00179779 -0.000400593 0.999996 0.00300673 0.00179921 -0.00300627 0.999994 -0.0306104 -0.0809184 0.135616
FixedParameters: 0 0 0

#Transform 72
Transform: AffineTransform_float_3_3
Parameters: 0.999999 0.000694085 -0.000588899 -0.000693914 0.999999 0.000145409 0.000589101 -0.000145591 1 -0.175059 0.0798784 -0.171944
FixedParameters: 0 0 0

#Transform 73
Transform: AffineTransform_float_3_3
Parameters: 1 0.00104871 -0.000502522 -0.00104829 0.999999 0.00141053 0.000503478 -0.00140947 0.999999 -0.131549 0.000265947 -0.122836
FixedParameters: 0 0 0

#Transform 74
Transform: AffineTransform_float_3_3
Parameters: 0.999999 0.00130332 0.000475853 -0.00130468 0.999998 0.00142138 -0.000474145 -0.00142262 0.999999 -0.0733671 -0.032 -0.00875969
FixedParameters: 0 0 0

#Transform 75
Transform: AffineTransform_float_3_3
Parameters: 0.999997 0.00154799 0.00201155 -0.00155001 0.999999 0.000997886 -0.00200945 -0.00100111 0.999998 -0.0304578 0.0165808 0.0477726
FixedParameters: 0 0 0

#Transform 76
Transform: AffineTransform_float_3_3
Parameters: 0.999996 0.00178876 0.00208435 -0.00178824 0.999999 -0.000367729 -0.00208465 0.000364272 0.999998 -0.050628 -0.041528 -0.0165217
FixedParameters: 0 0 0

#Transform 77
Transform: AffineTransform_float_3_3
Parameters: 0.999996 0.0016815 0.00252734 -0.0016785 0.999998 -0.000991247 -0.00252966 0.000986751 0.999997 -0.0483591 0.0271634 -0.0228881
FixedParameters: 0 0 0

#Transform 78
Transform: AffineTransform_float_3_3
Parameters: 0.999994 0.00219105 0.00245706 -0.00218995 0.999997 -0.000429383 -0.00245793 0.000424617 0.999997 -0.039858 -0.0893001 0.026218
FixedParameters: 0 0 0

#Transform 79
Transform: AffineTransform_float_3_3
Parameters: 0.999995 0.00209452 0.0026608 -0.00209248 0.999997 -0.000574571 -0.0026622 0.000568427 0.999997 -0.0438845 0.00903975 0.0223803
FixedParameters: 0 0 0

#Transform 80
Transform: AffineTransform_float_3_3
Parameters: 0.999994 0.0016789 0.00306105 -0.0016791 0.999998 2.88604e-05 -0.00306095 -3.41392e-05 0.999996 -0.0710374 -0.0174159 0.0843778
FixedParameters: 0 0 0

#Transform 81
Transform: AffineTransform_float_3_3
Parameters: 0.999993 0.00212831 0.00302108 -0.00212669 0.999997 -0.000437428 -0.00302192 0.000430571 0.999996 -0.10108 0.00312033 0.0590526
FixedParameters: 0 0 0

#Transform 82
Transform: AffineTransform_float_3_3
Parameters: 0.999993 0.00169533 0.00336633 -0.00169367 0.999998 -0.000397704 -0.00336667 0.000392295 0.999995 -0.0520181 0.0132743 -0.0173148
FixedParameters: 0 0 0

#Transform 83
Transform: AffineTransform_float_3_3
Parameters: 0.99999 0.00221292 0.00385218 -0.00220808 0.999996 -0.00128052 -0.00385482 0.00127248 0.999992 -0.0449708 -0.00418146 -0.0138446
FixedParameters: 0 0 0

#Transform 84
Transform: AffineTransform_float_3_3
Parameters: 0.999995 0.00140831 0.0028889 -0.00140369 0.999998 -0.00149406 -0.0028911 0.00148994 0.999994 -0.0562838 0.000803445 -0.0252398
FixedParameters: 0 0 0

#Transform 85
Transform: AffineTransform_float_3_3
Parameters: 0.999992 0.00226495 0.00350445 -0.00226105 0.999997 -0.00112993 -0.00350755 0.00112207 0.999993 -0.0765196 -0.0197794 0.00303702
FixedParameters: 0 0 0

#Transform 86
Transform: AffineTransform_float_3_3
Parameters: 0.999992 0.00140902 0.00372611 -0.00140398 0.999998 -0.00134924 -0.00372789 0.00134376 0.999992 -0.0341222 0.0351079 -0.00989752
FixedParameters: 0 0 0

#Transform 87
Transform: AffineTransform_float_3_3
Parameters: 0.999992 0.00191399 0.00370143 -0.00190901 0.999998 -0.00135108 -0.00370358 0.00134392 0.999992 -0.0468272 -0.0373766 -0.0174165
FixedParameters: 0 0 0

#Transform 88
Transform: AffineTransform_float_3_3
Parameters: 0.999993 0.0012257 0.00368211 -0.0012203 0.999998 -0.00154951 -0.00368389 0.0015445 0.999992 0.0124849 -0.0964573 -0.0423469
FixedParameters: 0 0 0

#Transform 89
Transform: AffineTransform_float_3_3
Parameters: 0.999992 0.00226587 0.0032944 -0.00226513 0.999998 -0.000267464 -0.0032946 0.000260537 0.999994 -0.0242165 0.00322081 0.0450188
FixedParameters: 0 0 0

#Transform 90
Transform: AffineTransform_float_3_3
Parameters: 0.999992 0.00181235 0.00374038 -0.00180965 0.999998 -0.000899776 -0.00374262 0.000893224 0.999992 -0.092265 -0.0739133 0.00413019
FixedParameters: 0 0 0

#Transform 91
Transform: AffineTransform_float_3_3
Parameters: 0.99999 0.00163809 0.00403575 -0.00163591 0.999999 -0.000767609 -0.00403725 0.000761394 0.999991 -0.0789055 -0.0180688 -0.0548091
FixedParameters: 0 0 0

#Transform 92
Transform: AffineTransform_float_3_3
Parameters: 0.999991 0.00103555 0.00400008 -0.00103245 0.999999 -0.000889137 -0.00400091 0.000884864 0.999991 -0.050319 0.0178025 -0.0581362
FixedParameters: 0 0 0

#Transform 93
Transform: AffineTransform_float_3_3
Parameters: 0.999991 0.00103697 0.0039597 -0.00103202 0.999998 -0.0012581 -0.0039613 0.0012539 0.999992 -0.0542014 0.0138981 -0.0908702
FixedParameters: 0 0 0

#Transform 94
Transform: AffineTransform_float_3_3
Parameters: 0.99999 0.00144443 0.00406778 -0.00144157 0.999998 -0.000845872 -0.00406922 0.00084013 0.999992 -0.0606535 0.0188557 -0.0399103
FixedParameters: 0 0 0

#Transform 95
Transform: AffineTransform_float_3_3
Parameters: 0.99999 0.00215987 0.00405188 -0.00215413 0.999996 -0.00145174 -0.00405412 0.00144326 0.99999 -0.0618206 -0.0327346 -0.0468428
FixedParameters: 0 0 0

#Transform 96
Transform: AffineTransform_float_3_3
Parameters: 0.99999 0.00166125 0.00420754 -0.00165475 0.999997 -0.00148798 -0.00421046 0.00148102 0.99999 -0.0357447 -0.0431801 -0.00773546
FixedParameters: 0 0 0

#Transform 97
Transform: AffineTransform_float_3_3
Parameters: 0.999988 0.00230299 0.00431387 -0.00229901 0.999997 -0.000929929 -0.00431613 0.000920071 0.999991 -0.0579081 -0.026824 0.00854993
FixedParameters: 0 0 0

#Transform 98
Transform: AffineTransform_float_3_3
Parameters: 0.999987 0.00183667 0.0047886 -0.00183333 0.999998 -0.000769789 -0.00478941 0.000761214 0.999988 -0.032077 -0.0351671 0.0274162
FixedParameters: 0 0 0

#Transform 99
Transform: AffineTransform_float_3_3
Parameters: 0.99999 0.00253339 0.00367529 -0.00252761 0.999995 -0.0014693 -0.00367871 0.00146069 0.999992 -0.0518438 -0.0547897 -0.0177317
FixedParameters: 0 0 0

#Transform 100
Transform: AffineTransform_float_3_3
Parameters: 0.999988 0.00210551 0.00443186 -0.0021015 0.999998 -0.00102033 -0.00443414 0.00101168 0.999989 -0.0492797 -0.058431 -0.0568243
FixedParameters: 0 0 0

#Transform 101
Transform: AffineTransform_float_3_3
Parameters: 0.999987 0.00210635 0.00477064 -0.00210165 0.999997 -0.00112604 -0.00477336 0.00111596 0.999988 -0.101924 -0.0757617 0.0141338
FixedParameters: 0 0 0

#Transform 102
Transform: AffineTransform_float_3_3
Parameters: 0.999986 0.00222944 0.00469294 -0.00222355 0.999996 -0.00137845 -0.00469605 0.00136755 0.999988 -0.0362676 -0.029888 -0.0102635
FixedParameters: 0 0 0

#Transform 103
Transform: AffineTransform_float_3_3
Parameters: 0.999988 0.00238077 0.00431682 -0.00237523 0.999997 -0.00134227 -0.00431918 0.00133173 0.99999 -0.116634 -0.0554949 -0.0146008
FixedParameters: 0 0 0

#Transform 104
Transform: AffineTransform_float_3_3
Parameters: 0.999987 0.00234678 0.00447798 -0.00234122 0.999997 -0.0012955 -0.00448102 0.0012845 0.999989 -0.0412528 -0.0487222 0.0017218
FixedParameters: 0 0 0

#Transform 105
Transform: AffineTransform_float_3_3
Parameters: 0.999989 0.00238033 0.00418027 -0.00237267 0.999995 -0.00199594 -0.00418474 0.00198606 0.99999 -0.106914 -0.0488096 -0.059867
FixedParameters: 0 0 0

#Transform 106
Transform: AffineTransform_float_3_3
Parameters: 0.99999 0.00194097 0.0040592 -0.00193303 0.999996 -0.00196587 -0.0040628 0.00195813 0.99999 -0.0912845 -0.103669 -0.0925601
FixedParameters: 0 0 0

#Transform 107
Transform: AffineTransform_float_3_3
Parameters: 0.999989 0.00235349 0.00406109 -0.00234552 0.999995 -0.00209255 -0.00406591 0.00208345 0.999989 -0.0725553 -0.0562889 -0.0569408
FixedParameters: 0 0 0

#Transform 108
Transform: AffineTransform_float_3_3
Parameters: 0.999988 0.00228356 0.00432602 -0.00227644 0.999996 -0.00175087 -0.00432998 0.00174113 0.999989 -0.062929 -0.0178063 -0.0142353
FixedParameters: 0 0 0

#Transform 109
Transform: AffineTransform_float_3_3
Parameters: 0.999987 0.00233977 0.00452502 -0.00233424 0.999997 -0.00127858 -0.00452798 0.00126842 0.999989 -0.0589933 -0.0375711 0.0267682
FixedParameters: 0 0 0

#Transform 110
Transform: AffineTransform_float_3_3
Parameters: 0.999989 0.00224309 0.00411214 -0.00223591 0.999996 -0.00172721 -0.00411586 0.00171779 0.99999 -0.0394863 -0.0390575 0.0291359
FixedParameters: 0 0 0

#Transform 111
Transform: AffineTransform_float_3_3
Parameters: 0.999988 0.00228087 0.00422583 -0.00227512 0.999997 -0.00139463 -0.00422916 0.00138437 0.99999 -0.0658042 -0.0352901 -0.0288133
FixedParameters: 0 0 0

#Transform 112
Transform: AffineTransform_float_3_3
Parameters: 0.999987 0.00194077 0.00469179 -0.00193323 0.999997 -0.00166009 -0.00469521 0.00165091 0.999987 -0.08866 -0.0385484 -0.000472339
FixedParameters: 0 0 0

#Transform 113
Transform: AffineTransform_float_3_3
Parameters: 0.999988 0.00215326 0.00438142 -0.00214775 0.999997 -0.00120342 -0.00438458 0.00119457 0.999989 -0.0455809 -0.0515171 -0.00836749
FixedParameters: 0 0 0

#Transform 114
Transform: AffineTransform_float_3_3
Parameters: 0.999988 0.00211819 0.00436403 -0.00211081 0.999996 -0.00188123 -0.00436797 0.00187177 0.999988 -0.0898582 -0.00896367 -0.0201704
FixedParameters: 0 0 0

#Transform 115
Transform: AffineTransform_float_3_3
Parameters: 0.999988 0.00219525 0.00421227 -0.00219075 0.999997 -0.00125124 -0.00421473 0.00124176 0.999991 -0.0573471 -0.0326515 -0.0136714
FixedParameters: 0 0 0

#Transform 116
Transform: AffineTransform_float_3_3
Parameters: 0.999989 0.00221087 0.00397352 -0.00220113 0.999995 -0.00248677 -0.00397848 0.00247823 0.999989 -0.11578 -0.0914734 -0.0736516
FixedParameters: 0 0 0

#Transform 117
Transform: AffineTransform_float_3_3
Parameters: 0.999989 0.0020594 0.00408378 -0.0020526 0.999996 -0.0015704 -0.00408722 0.0015626 0.999991 -0.0489792 -0.0651086 -0.0341173
FixedParameters: 0 0 0

#Transform 118
Transform: AffineTransform_float_3_3
Parameters: 0.999989 0.00181716 0.00436903 -0.00180984 0.999997 -0.00164193 -0.00437197 0.00163407 0.999989 -0.0815837 -0.128734 -0.0275488
FixedParameters: 0 0 0

#Transform 119
Transform: AffineTransform_float_3_3
Parameters: 0.999989 0.00207132 0.00433146 -0.00206668 0.999997 -0.00123297 -0.00433354 0.00122404 0.99999 -0.0416618 -0.040408 -0.00339266
FixedParameters: 0 0 0
