#Insight Transform File V1.0
#Transform 0
Transform: AffineTransform_float_3_3
Parameters: 1 0.000108953 -0.000221023 -0.000109047 1 -0.000210976 0.000220977 0.000211024 1 -0.0378604 0.0176957 -0.0791496
FixedParameters: 0 0 0

#Transform 1
Transform: AffineTransform_float_3_3
Parameters: 1 -0.0002296 -0.000431213 0.0002294 0.999999 0.000927901 0.000430787 -0.000928099 1 -0.0147117 -0.00184809 0.0925728
FixedParameters: 0 0 0

#Transform 2
Transform: AffineTransform_float_3_3
Parameters: 1 -0.000442285 -0.000430707 0.000441715 0.999999 -0.00066119 0.000430292 0.000660809 0.999999 -0.00904645 0.00871859 -0.0174656
FixedParameters: 0 0 0

#Transform 3
Transform: AffineTransform_float_3_3
Parameters: 1 -0.000541992 -0.000368011 0.000542007 1 1.98005e-05 0.000367989 -2.01994e-05 1 -0.0038517 -0.0505803 -0.158209
FixedParameters: 0 0 0

#Transform 4
Transform: AffineTransform_float_3_3
Parameters: 1 -0.00100598 -0.000431037 0.00100602 0.999999 3.65664e-05 0.000430964 -3.64335e-05 1 0.0202345 0.0111244 -0.0348629
FixedParameters: 0 0 0

#Transform 5
Transform: AffineTransform_float_3_3
Parameters: 1 -0.000258011 7.29623e-05 0.000257989 1 0.000146019 -7.30377e-05 -0.000145981 1 -0.0190944 -0.0700806 -0.141568
FixedParameters: 0 0 0

#Transform 6
Transform: AffineTransform_float_3_3
Parameters: 1 -4.10448e-05 -0.000430996 4.09552e-05 1 -0.000104018 0.000431004 0.000103982 1 -0.000831813 0.0255266 -0.134897
FixedParameters: 0 0 0

#Transform 7
Transform: AffineTransform_float_3_3
Parameters: 1 -0.000689885 -0.000151526 0.000690116 1 0.000762896 0.000151473 -0.000763105 0.999999 0.0253867 0.0778308 0.109897
FixedParameters: 0 0 0

#Transform 8
Transform: AffineTransform_float_3_3
Parameters: 1 0.000341961 -0.000119112 -0.000342039 1 -0.000327959 0.000118888 0.000328041 1 -0.0232412 0.0767933 -0.0705291
FixedParameters: 0 0 0

#Transform 9
Transform: AffineTransform_float_3_3
Parameters: 1 -0.000165845 -0.00043106 0.000165155 1 0.000359929 0.00043094 -0.000360071 1 0.00580347 0.0119663 -0.0186575
FixedParameters: 0 0 0

#Transform 10
Transform: AffineTransform_float_3_3
Parameters: 1 0.000170932 -0.0001161 -0.000171068 1 -0.00058298 0.0001159 0.00058302 1 -0.02298 0.0443496 -0.0667401
FixedParameters: 0 0 0

#Transform 11
Transform: AffineTransform_float_3_3
Parameters: 1 -8.50331e-05 -9.0969e-05 8.49669e-05 1 -0.000364008 9.10309e-05 0.000363992 1 0.00234944 -0.0852887 -0.221223
FixedParameters: 0 0 0

#Transform 12
Transform: AffineTransform_float_3_3
Parameters: 1 -8.00055e-05 -1.09601e-05 7.99945e-05 1 -0.000499001 1.10399e-05 0.000498999 1 -0.00272401 -0.0673415 -0.238938
FixedParameters: 0 0 0

#Transform 13
Transform: AffineTransform_float_3_3
Parameters: 1 -0.000418695 -0.000431296 0.000419304 0.999999 0.000706819 0.000430703 -0.00070718 0.999999 0.0076507 0.241424 0.0896638
FixedParameters: 0 0 0

#Transform 14
Transform: AffineTransform_float_3_3
Parameters: 1 -0.000418619 -0.000431369 0.00041838 0.999999 0.00088182 0.000430631 -0.00088218 1 -0.0102823 0.147 0.109537
FixedParameters: 0 0 0

#Transform 15
Transform: AffineTransform_float_3_3
Parameters: 1 0.000181503 -0.000610851 -0.000181497 0.999999 0.000823111 0.00061115 -0.000823889 1 -0.0208285 -0.0967582 -0.166365
FixedParameters: 0 0 0

#Transform 16
Transform: AffineTransform_float_3_3
Parameters: 1 0.000114189 -0.000658967 -0.000113811 1 0.000287075 0.000659032 -0.000286925 0.999999 -0.00784958 -0.00636209 -0.0989059
FixedParameters: 0 0 0

#Transform 17
Transform: AffineTransform_float_3_3
Parameters: 1 0.00018096 -7.20995e-05 -0.00018104 1 -0.000549987 7.19004e-05 0.000550013 1 -0.0258898 0.0659689 -0.111873
FixedParameters: 0 0 0

#Transform 18
Transform: AffineTransform_float_3_3
Parameters: 1 -2.79419e-05 -0.000123013 2.8058e-05 1 0.000471996 0.000122987 -0.000472003 1 -0.00166233 -0.0864506 -0.0650701
FixedParameters: 0 0 0

#Transform 19
Transform: AffineTransform_float_3_3
Parameters: 1 0.000181252 0.000143683 -0.000180748 0.999999 -0.00174903 -0.000144316 0.00174898 0.999999 -0.0186509 0.03757 -0.227048
FixedParameters: 0 0 0

#Transform 20
Transform: AffineTransform_float_3_3
Parameters: 1 0.000181021 5.39303e-05 -0.000180979 1 -0.00038501 -5.40697e-05 0.00038499 1 -0.00542028 -0.00708686 -0.02652
FixedParameters: 0 0 0

#Transform 21
Transform: AffineTransform_float_3_3
Parameters: 1 0.00018093 -4.62736e-05 -0.000181071 0.999999 -0.00151199 4.67263e-05 0.00151201 0.999999 -0.0205092 0.0494367 -0.064667
FixedParameters: 0 0 0

#Transform 22
Transform: AffineTransform_float_3_3
Parameters: 1 -3.03363e-06 -5.89983e-05 2.96637e-06 1 -0.00057 5.90017e-05 0.00057 1 -0.0398477 -0.0107692 -0.114178
FixedParameters: 0 0 0

#Transform 23
Transform: AffineTransform_float_3_3
Parameters: 1 -0.000188051 -4.88047e-05 0.000187949 1 -0.00103901 4.91953e-05 0.00103899 1 5.45554e-05 0.0516313 -0.0956915
FixedParameters: 0 0 0

#Transform 24
Transform: AffineTransform_float_3_3
Parameters: 1 -0.000131998 -4.40055e-05 0.000132002 1 4.19942e-05 4.39945e-05 -4.20058e-05 1 -0.0252222 -0.00962169 -0.0497548
FixedParameters: 0 0 0

#Transform 25
Transform: AffineTransform_float_3_3
Parameters: 1 -0.000186085 -0.000151896 0.000185915 1 -0.000557028 0.000152104 0.000556972 1 0.00895764 0.0286993 -0.0437674
FixedParameters: 0 0 0

#Transform 26
Transform: AffineTransform_float_3_3
Parameters: 1 0.000181046 -0.000121932 -0.000180954 1 0.000374022 0.000122068 -0.000373978 1 -0.0542935 0.0398866 -0.0643587
FixedParameters: 0 0 0

#Transform 27
Transform: AffineTransform_float_3_3
Parameters: 1 -0.000219893 -0.0002361 0.000220107 1 0.000454948 0.0002359 -0.000454052 1 -0.0298025 0.0384002 -0.1035
FixedParameters: 0 0 0

#Transform 28
Transform: AffineTransform_float_3_3
Parameters: 1 -0.000278987 -0.000291013 0.000279013 1 4.49188e-05 0.000290987 -4.50812e-05 1 -0.0302579 0.0386704 -0.0567278
FixedParameters: 0 0 0

#Transform 29
Transform: AffineTransform_float_3_3
Parameters: 1 4.49941e-05 -0.000258001 -4.50059e-05 1 -2.29884e-05 0.000257999 2.30116e-05 1 -0.0359949 -0.00893412 -0.063542
FixedParameters: 0 0 0

#Transform 30
Transform: AffineTransform_float_3_3
Parameters: 1 -0.000234098 -0.000430947 0.000233902 1 -0.000228101 0.000431053 0.000227899 1 -0.0118438 0.0520063 -0.0997792
FixedParameters: 0 0 0

#Transform 31
Transform: AffineTransform_float_3_3
Parameters: 1 -1.30254e-05 -0.000430999 1.29746e-05 1 -5.90056e-05 0.000431001 5.89944e-05 1 -0.0439668 0.052534 -0.013773
FixedParameters: 0 0 0

#Transform 32
Transform: AffineTransform_float_3_3
Parameters: 1 -0.000300048 -0.000208932 0.000300952 1 -0.000228063 0.000209069 0.000227937 1 -0.0164171 -0.0132553 -0.120964
FixedParameters: 0 0 0

#Transform 33
Transform: AffineTransform_float_3_3
Parameters: 1 -0.000236033 -0.000145946 0.000235967 1 -0.000228034 0.000146054 0.000227966 1 -0.032691 0.115312 -0.0193818
FixedParameters: 0 0 0

#Transform 34
Transform: AffineTransform_float_3_3
Parameters: 1 -4.29756e-05 4.30244e-05 4.30244e-05 1 -0.000566998 -4.29756e-05 0.000567002 1 -0.0220185 0.0121822 -0.221626
FixedParameters: 0 0 0

#Transform 35
Transform: AffineTransform_float_3_3
Parameters: 1 -0.000242141 -0.000196826 0.000242858 0.999999 -0.000718047 0.000197174 0.000717952 0.999999 -0.0140982 -0.0296944 -0.273598
FixedParameters: 0 0 0

#Transform 36
Transform: AffineTransform_float_3_3
Parameters: 1 -0.00026902 -1.36113e-05 0.000268981 0.999999 -0.001445 1.33887e-05 0.001445 0.999999 -0.00914571 -0.0436448 -0.161438
FixedParameters: 0 0 0

#Transform 37
Transform: AffineTransform_float_3_3
Parameters: 1 -0.000442968 -9.1155e-05 0.000443032 1 0.00034996 9.08449e-05 -0.00035004 1 0.00598979 -0.073983 0.0936207
FixedParameters: 0 0 0

#Transform 38
Transform: AffineTransform_float_3_3
Parameters: 1 -0.000258999 3.60085e-05 0.000259001 1 -3.29907e-05 -3.59915e-05 3.30093e-05 1 -0.0123748 0.021922 -0.0763014
FixedParameters: 0 0 0

#Transform 39
Transform: AffineTransform_float_3_3
Parameters: 1 -0.000525982 -7.41267e-05 0.000526018 1 0.000240961 7.38737e-05 -0.000240039 1 0.00411489 0.0611055 -0.0514265
FixedParameters: 0 0 0

#Transform 40
Transform: AffineTransform_float_3_3
Parameters: 1 -0.000426015 0.000150957 0.000425985 1 0.000100064 -0.000151043 -9.99357e-05 1 -0.00650168 0.119658 -0.0416521
FixedParameters: 0 0 0

#Transform 41
Transform: AffineTransform_float_3_3
Parameters: 1 0.000316024 -6.48815e-05 -0.000315976 1 0.00037502 6.51185e-05 -0.000374979 1 -0.0293541 0.029209 -0.133782
FixedParameters: 0 0 0

#Transform 42
Transform: AffineTransform_float_3_3
Parameters: 1 -0.000604962 0.000181125 0.000605037 1 -0.00020689 -0.000180875 0.000207109 1 0.00879498 -0.0214554 -0.0370201
FixedParameters: 0 0 0

#Transform 43
Transform: AffineTransform_float_3_3
Parameters: 1 -0.000246996 2.00511e-05 0.000247004 1 -0.000206995 -1.99489e-05 0.000207005 1 0.00522749 -0.0310795 -0.0654075
FixedParameters: 0 0 0

#Transform 44
Transform: AffineTransform_float_3_3
Parameters: 0.999999 -0.000604884 0.000392178 0.000605115 1 -0.000293763 -0.000391822 0.000294237 1 0.00688818 -0.0496381 -0.133737
FixedParameters: 0 0 0

#Transform 45
Transform: AffineTransform_float_3_3
Parameters: 1 -8.56581e-05 0.000392075 8.63421e-05 0.999999 -0.000872965 -0.000391925 0.000872033 0.999999 -0.00135543 -0.00952007 -0.144743
FixedParameters: 0 0 0

#Transform 46
Transform: AffineTransform_float_3_3
Parameters: 1 -8.59206e-05 0.000200034 8.60794e-05 1 -0.000396983 -0.000199966 0.000397017 1 -0.00109208 0.0657295 -0.0508221
FixedParameters: 0 0 0

#Transform 47
Transform: AffineTransform_float_3_3
Parameters: 1 -8.59965e-05 0.000392001 8.60035e-05 1 -8.96629e-06 -0.000391999 9.03371e-06 1 -0.0358856 0.00342646 -0.0480386
FixedParameters: 0 0 0

#Transform 48
Transform: AffineTransform_float_3_3
Parameters: 1 7.60536e-05 0.000106962 -7.59464e-05 1 -0.000501008 -0.000107038 0.000500992 1 -0.06994 0.0250534 -0.204939
FixedParameters: 0 0 0

#Transform 49
Transform: AffineTransform_float_3_3
Parameters: 1 -8.57734e-05 0.00039205 8.62265e-05 1 -0.000577966 -0.00039195 0.000578033 1 -0.0581229 -0.0103433 -0.0109523
FixedParameters: 0 0 0

#Transform 50
Transform: AffineTransform_float_3_3
Parameters: 1 0.00014206 0.000391978 -0.00014194 1 -0.000153056 -0.000392022 0.000152944 1 -0.0559556 -0.0204475 0.013418
FixedParameters: 0 0 0

#Transform 51
Transform: AffineTransform_float_3_3
Parameters: 1 -0.000326613 0.000392323 0.000327387 1 -0.000987872 -0.000391676 0.000988128 0.999999 -0.0421423 0.0335097 -0.173911
FixedParameters: 0 0 0

#Transform 52
Transform: AffineTransform_float_3_3
Parameters: 1 -8.57134e-05 0.000457054 8.62865e-05 1 -0.00062696 -0.000456946 0.000627039 0.999999 -0.0528329 -0.0824516 -0.201762
FixedParameters: 0 0 0

#Transform 53
Transform: AffineTransform_float_3_3
Parameters: 1 -8.58254e-05 0.000207072 8.61744e-05 0.999999 -0.000842982 -0.000206927 0.000843017 0.999999 -0.0332533 0.0424639 -0.144919
FixedParameters: 0 0 0

#Transform 54
Transform: AffineTransform_float_3_3
Parameters: 1 -8.5773e-05 0.00039205 8.62269e-05 1 -0.000578966 -0.00039195 0.000579033 1 -0.0336734 0.0420559 -0.0210077
FixedParameters: 0 0 0

#Transform 55
Transform: AffineTransform_float_3_3
Parameters: 1 -0.000372877 0.000239191 0.000373122 1 -0.000512911 -0.000238809 0.000513089 1 -0.0208853 0.0200513 -0.0864393
FixedParameters: 0 0 0

#Transform 56
Transform: AffineTransform_float_3_3
Parameters: 1 -8.5588e-05 0.00039209 8.6412e-05 1 -0.00105097 -0.00039191 0.00105103 1 -0.0399098 0.0426421 -0.154698
FixedParameters: 0 0 0

#Transform 57
Transform: AffineTransform_float_3_3
Parameters: 1 -0.000159948 0.000392021 0.000160052 1 -0.000132937 -0.000391979 0.000133063 1 -0.0360378 -0.0284977 -0.157527
FixedParameters: 0 0 0

#Transform 58
Transform: AffineTransform_float_3_3
Parameters: 1 -8.5715e-05 0.000392062 8.62849e-05 0.999999 -0.000726966 -0.000391937 0.000727033 0.999999 -0.0398847 0.0388058 -0.0913561
FixedParameters: 0 0 0

#Transform 59
Transform: AffineTransform_float_3_3
Parameters: 1 -0.000263497 0.00045829 0.000263504 1 -0.00109888 -0.000458711 0.00109812 1 -0.0389824 0.0392898 -0.0591854
FixedParameters: 0 0 0

#Transform 60
Transform: AffineTransform_float_3_3
Parameters: 1 -0.000298027 -5.48549e-05 0.000297973 1 -0.000487016 5.51451e-05 0.000486983 1 -0.0283278 0.0161396 -0.0933399
FixedParameters: 0 0 0

#Transform 61
Transform: AffineTransform_float_3_3
Parameters: 1 -8.5882e-05 0.000392026 8.6118e-05 1 -0.000300966 -0.000391974 0.000301034 1 -0.0398918 0.0850203 -0.0993603
FixedParameters: 0 0 0

#Transform 62
Transform: AffineTransform_float_3_3
Parameters: 1 -8.60708e-05 0.000281978 8.59292e-05 1 0.000251024 -0.000282022 -0.000250976 1 -0.0307086 0.0308741 -0.0885103
FixedParameters: 0 0 0

#Transform 63
Transform: AffineTransform_float_3_3
Parameters: 1 -8.5873e-05 0.000452024 8.6127e-05 1 -0.000280961 -0.000451976 0.000281039 1 -0.0319896 0.0831887 -0.0810506
FixedParameters: 0 0 0

#Transform 64
Transform: AffineTransform_float_3_3
Parameters: 1 -8.59553e-05 0.00039201 8.60447e-05 1 -0.000113966 -0.00039199 0.000114034 1 -0.0398897 0.0295243 -0.106297
FixedParameters: 0 0 0

#Transform 65
Transform: AffineTransform_float_3_3
Parameters: 1 -8.59102e-05 0.00039202 8.60897e-05 1 -0.000228966 -0.00039198 0.000229034 1 -0.0347831 -0.0491087 -0.0709356
FixedParameters: 0 0 0

#Transform 66
Transform: AffineTransform_float_3_3
Parameters: 0.999999 -0.000464346 0.00132283 0.000461652 0.999996 0.00252961 -0.00132417 -0.00252839 0.999996 0.0662565 0.109074 0.0570702
FixedParameters: 0 0 0

#Transform 67
Transform: AffineTransform_float_3_3
Parameters: 0.999941 0.0102857 -0.00348586 -0.0102863 0.999947 -6.61473e-05 0.00348514 0.000101853 0.999994 -0.610678 0.13673 0.379278
FixedParameters: 0 0 0

#Transform 68
Transform: AffineTransform_float_3_3
Parameters: 0.999497 0.0268594 -0.0168293 -0.0272036 0.999419 -0.0205345 0.0162677 0.0209815 0.999647 -1.68715 0.641713 -0.733246
FixedParameters: 0 0 0

#Transform 69
Transform: AffineTransform_float_3_3
Parameters: 0.997955 0.0360262 -0.0528131 -0.0337748 0.998507 0.0429346 0.054281 -0.0410635 0.997681 -2.48339 1.2221 2.61371
FixedParameters: 0 0 0

#Transform 70
Transform: AffineTransform_float_3_3
Parameters: 0.99928 0.00997429 -0.036604 -0.00882872 0.99947 0.0313177 0.036897 -0.0309723 0.998839 -1.00389 0.534507 1.31189
FixedParameters: 0 0 0

#Transform 71
Transform: AffineTransform_float_3_3
Parameters: 0.99987 -0.0118698 -0.0109653 0.0117592 0.999879 -0.0101143 0.0110837 0.00998374 0.999888 0.744631 -0.511796 -1.74946
FixedParameters: 0 0 0

#Transform 72
Transform: AffineTransform_float_3_3
Parameters: 0.999812 -0.00479694 -0.0188172 0.00486007 0.999982 0.00330717 0.0188008 -0.00339783 0.999818 0.269527 -0.550784 -0.164861
FixedParameters: 0 0 0

#Transform 73
Transform: AffineTransform_float_3_3
Parameters: 0.999776 -0.00536939 -0.0204432 0.00535062 0.999985 -0.000953597 0.0204478 0.000844396 0.99979 0.297437 0.0445465 -0.331256
FixedParameters: 0 0 0

#Transform 74
Transform: AffineTransform_float_3_3
Parameters: 0.999813 -0.0024272 -0.0191934 0.00244578 0.999996 0.000955236 0.0191916 -0.00100277 0.999816 0.0441528 -0.0576596 -0.165305
FixedParameters: 0 0 0

#Transform 75
Transform: AffineTransform_float_3_3
Parameters: 0.999803 -0.00535072 -0.0191115 0.00537427 0.999985 0.00116652 0.0191045 -0.00126947 0.999816 0.260299 0.0498337 -0.126875
FixedParameters: 0 0 0

#Transform 76
Transform: AffineTransform_float_3_3
Parameters: 0.99981 -0.00396533 -0.019116 0.00399469 0.999991 0.00146292 0.01911 -0.00153807 0.999816 0.136655 0.053627 -0.118705
FixedParameters: 0 0 0

#Transform 77
Transform: AffineTransform_float_3_3
Parameters: 0.999809 -0.00423988 -0.0190446 0.00427411 0.99999 0.00175094 0.0190364 -0.00183206 0.999817 0.228966 0.0865771 0.0165893
FixedParameters: 0 0 0

#Transform 78
Transform: AffineTransform_float_3_3
Parameters: 0.999823 -0.00308516 -0.0185958 0.00311385 0.999994 0.00152237 0.0185912 -0.00157964 0.999826 0.0923692 0.0653269 -0.0862198
FixedParameters: 0 0 0

#Transform 79
Transform: AffineTransform_float_3_3
Parameters: 0.999823 -0.0034524 -0.0184861 0.0034896 0.999992 0.00200185 0.0184789 -0.00206616 0.999827 0.138433 0.0361959 -0.00458206
FixedParameters: 0 0 0

#Transform 80
Transform: AffineTransform_float_3_3
Parameters: 0.999821 -0.00443861 -0.0184291 0.00446739 0.999989 0.00155395 0.0184219 -0.00163606 0.999829 0.180175 0.0689441 -0.0423506
FixedParameters: 0 0 0

#Transform 81
Transform: AffineTransform_float_3_3
Parameters: 0.999819 -0.00518805 -0.0183377 0.00522896 0.999984 0.00218651 0.0183264 -0.00228149 0.99983 0.203748 0.0301742 -0.0161823
FixedParameters: 0 0 0

#Transform 82
Transform: AffineTransform_float_3_3
Parameters: 0.999834 -0.00346275 -0.0178908 0.00350327 0.999992 0.00221969 0.0178832 -0.00228131 0.999838 0.126474 0.151365 0.0566891
FixedParameters: 0 0 0

#Transform 83
Transform: AffineTransform_float_3_3
Parameters: 0.999831 -0.00326005 -0.0180895 0.00330696 0.999991 0.00256661 0.0180815 -0.00262539 0.999833 0.0923108 0.0636019 -0.00842961
FixedParameters: 0 0 0

#Transform 84
Transform: AffineTransform_float_3_3
Parameters: 0.999833 -0.00325296 -0.0179789 0.00330704 0.99999 0.00297704 0.0179691 -0.00303596 0.999834 0.093751 -0.00417797 0.0136623
FixedParameters: 0 0 0

#Transform 85
Transform: AffineTransform_float_3_3
Parameters: 0.999824 -0.00306438 -0.0185489 0.00311262 0.999992 0.00253871 0.0185411 -0.00259627 0.999824 0.0920525 0.0604847 0.0461787
FixedParameters: 0 0 0

#Transform 86
Transform: AffineTransform_float_3_3
Parameters: 0.999825 -0.00311054 -0.0184479 0.00315747 0.999992 0.00249019 0.0184401 -0.0025478 0.999826 0.0955627 0.0239844 0.00702911
FixedParameters: 0 0 0

#Transform 87
Transform: AffineTransform_float_3_3
Parameters: 0.999828 -0.00318361 -0.0182784 0.00323737 0.99999 0.00289132 0.0182686 -0.00295067 0.999829 0.0879187 0.00124711 0.0155468
FixedParameters: 0 0 0

#Transform 88
Transform: AffineTransform_float_3_3
Parameters: 0.99983 -0.00418282 -0.0179612 0.00423519 0.999987 0.00286842 0.0179498 -0.00294358 0.999835 0.116674 0.117385 0.0625842
FixedParameters: 0 0 0

#Transform 89
Transform: AffineTransform_float_3_3
Parameters: 0.999829 -0.00505145 -0.0178133 0.00510555 0.999982 0.00296156 0.0177987 -0.00305243 0.999837 0.158569 0.052557 0.0307399
FixedParameters: 0 0 0

#Transform 90
Transform: AffineTransform_float_3_3
Parameters: 0.999849 -0.00366007 -0.0169514 0.00370794 0.999989 0.00279757 0.0169406 -0.00285944 0.999853 0.0989267 0.0298281 0.0286282
FixedParameters: 0 0 0

#Transform 91
Transform: AffineTransform_float_3_3
Parameters: 0.999839 -0.00434308 -0.0173693 0.0043799 0.999988 0.00208726 0.0173597 -0.00216374 0.999847 0.127172 0.00284676 -0.137428
FixedParameters: 0 0 0

#Transform 92
Transform: AffineTransform_float_3_3
Parameters: 0.999851 -0.00498093 -0.0165271 0.00502108 0.999984 0.00238437 0.0165149 -0.00246662 0.99986 0.221632 -0.0848798 0.0412402
FixedParameters: 0 0 0

#Transform 93
Transform: AffineTransform_float_3_3
Parameters: 0.999862 -0.00434548 -0.0160314 0.00438053 0.999988 0.00211907 0.0160226 -0.00218893 0.999869 0.222963 0.0663552 0.0286258
FixedParameters: 0 0 0

#Transform 94
Transform: AffineTransform_float_3_3
Parameters: 0.999861 -0.00433722 -0.0160556 0.00437977 0.999987 0.00263004 0.0160434 -0.00269996 0.999867 0.219927 0.139202 0.0280343
FixedParameters: 0 0 0

#Transform 95
Transform: AffineTransform_float_3_3
Parameters: 0.99986 -0.00434985 -0.0161142 0.00438015 0.999988 0.00183667 0.0161058 -0.00190632 0.999869 0.137882 0.0397505 -0.0145449
FixedParameters: 0 0 0

#Transform 96
Transform: AffineTransform_float_3_3
Parameters: 0.999861 -0.00435227 -0.0160555 0.00437972 0.999989 0.00169191 0.0160484 -0.00176209 0.999869 0.146909 -0.0679463 -0.0787807
FixedParameters: 0 0 0

#Transform 97
Transform: AffineTransform_float_3_3
Parameters: 0.999873 -0.00446453 -0.0153442 0.00449647 0.999988 0.00201726 0.0153348 -0.00208573 0.99988 0.186569 0.0663403 0.0201505
FixedParameters: 0 0 0

#Transform 98
Transform: AffineTransform_float_3_3
Parameters: 0.999885 -0.00339015 -0.014831 0.00343786 0.999989 0.00320238 0.01482 -0.00325262 0.999885 0.158143 0.0253803 0.0472792
FixedParameters: 0 0 0

#Transform 99
Transform: AffineTransform_float_3_3
Parameters: 0.999885 -0.00365382 -0.014685 0.00368518 0.999991 0.00216513 0.0146769 -0.00221888 0.99989 0.138003 0.157128 -0.0300514
FixedParameters: 0 0 0

#Transform 100
Transform: AffineTransform_float_3_3
Parameters: 0.99989 -0.00491755 -0.0139417 0.00494545 0.999986 0.00193526 0.0139313 -0.00200373 0.999901 0.198364 0.0733913 0.0141972
FixedParameters: 0 0 0

#Transform 101
Transform: AffineTransform_float_3_3
Parameters: 0.999906 -0.00326303 -0.0133546 0.00328996 0.999992 0.00199725 0.0133484 -0.00204175 0.999909 0.124734 0.0475308 -0.0114207
FixedParameters: 0 0 0

#Transform 102
Transform: AffineTransform_float_3_3
Parameters: 0.999907 -0.00151596 -0.0136008 0.00154105 0.999997 0.00183121 0.0135982 -0.00185179 0.999906 0.0137156 0.0672218 -0.0999203
FixedParameters: 0 0 0

#Transform 103
Transform: AffineTransform_float_3_3
Parameters: 0.999897 -0.00406997 -0.0137669 0.00409002 0.99999 0.00142684 0.0137611 -0.00148316 0.999904 0.174971 -0.0553499 -0.104423
FixedParameters: 0 0 0

#Transform 104
Transform: AffineTransform_float_3_3
Parameters: 0.999906 -0.00349527 -0.0132625 0.00351674 0.999992 0.0015405 0.0132575 -0.00158649 0.999911 0.158233 0.0013687 0.0280057
FixedParameters: 0 0 0

#Transform 105
Transform: AffineTransform_float_3_3
Parameters: 0.999911 -0.002681 -0.0130762 0.00271099 0.999993 0.00227675 0.0130698 -0.00231225 0.999912 0.140392 0.0890897 0.075518
FixedParameters: 0 0 0

#Transform 106
Transform: AffineTransform_float_3_3
Parameters: 0.999916 -0.00240035 -0.0127359 0.00242165 0.999996 0.00160629 0.0127321 -0.0016367 0.999917 0.0748699 0.134745 -0.0209649
FixedParameters: 0 0 0

#Transform 107
Transform: AffineTransform_float_3_3
Parameters: 0.999911 -0.00306289 -0.0130005 0.00308211 0.999994 0.00145006 0.0129965 -0.00148994 0.999915 0.0547134 0.0143752 -0.0816738
FixedParameters: 0 0 0

#Transform 108
Transform: AffineTransform_float_3_3
Parameters: 0.999913 -0.00334501 -0.012769 0.00336799 0.999992 0.00177915 0.012763 -0.00182185 0.999917 0.135711 -0.01595 -0.0439452
FixedParameters: 0 0 0

#Transform 109
Transform: AffineTransform_float_3_3
Parameters: 0.999918 -0.00256485 -0.0125627 0.00258315 0.999995 0.00142867 0.0125593 -0.00146133 0.99992 0.0478895 0.0163408 0.027894
FixedParameters: 0 0 0

#Transform 110
Transform: AffineTransform_float_3_3
Parameters: 0.999915 -0.00252544 -0.0128417 0.00254455 0.999995 0.00142845 0.0128383 -0.00146155 0.999917 0.106117 0.0192952 -0.0150528
FixedParameters: 0 0 0

#Transform 111
Transform: AffineTransform_float_3_3
Parameters: 0.99992 -0.00250537 -0.0124392 0.00252063 0.999996 0.00124075 0.0124358 -0.00127226 0.999922 0.0417595 0.0320745 -0.0308227
FixedParameters: 0 0 0

#Transform 112
Transform: AffineTransform_float_3_3
Parameters: 0.999925 -0.00227616 -0.0120172 0.00229785 0.999995 0.00180452 0.0120128 -0.00183148 0.999926 0.112807 -0.0263027 0.0405271
FixedParameters: 0 0 0

#Transform 113
Transform: AffineTransform_float_3_3
Parameters: 0.999923 -0.00185854 -0.0122607 0.00187546 0.999997 0.00141311 0.0122573 -0.00143589 0.999924 0.0131494 0.0439097 -0.0275307
FixedParameters: 0 0 0

#Transform 114
Transform: AffineTransform_float_3_3
Parameters: 0.999923 -0.00175501 -0.0122487 0.001774 0.999997 0.00154039 0.0122463 -0.00156161 0.999924 -0.0064345 0.0038012 -0.111385
FixedParameters: 0 0 0

#Transform 115
Transform: AffineTransform_float_3_3
Parameters: 0.999923 -0.00184541 -0.0122665 0.00186159 0.999998 0.00134127 0.0122645 -0.00136374 0.999924 0.0269644 -0.024248 -0.050864
FixedParameters: 0 0 0

#Transform 116
Transform: AffineTransform_float_3_3
Parameters: 0.999922 -0.00191037 -0.0123977 0.00192763 0.999997 0.00141021 0.0123953 -0.00143379 0.999922 0.0408508 0.0412716 0.029609
FixedParameters: 0 0 0

#Transform 117
Transform: AffineTransform_float_3_3
Parameters: 0.999919 -0.00289715 -0.0123891 0.00291985 0.999994 0.00174597 0.0123839 -0.00178202 0.999921 0.0925029 0.0921874 0.0537758
FixedParameters: 0 0 0

#Transform 118
Transform: AffineTransform_float_3_3
Parameters: 0.999922 -0.00265458 -0.0122191 0.00266843 0.999996 0.00116448 0.0122159 -0.00119652 0.999924 0.0755929 0.0278913 -0.10465
FixedParameters: 0 0 0

#Transform 119
Transform: AffineTransform_float_3_3
Parameters: 0.999925 -0.00175804 -0.0121018 0.00177797 0.999997 0.0015566 0.0120992 -0.00157739 0.999925 0.0509209 -0.0155072 -0.0756734
FixedParameters: 0 0 0
