# transform file /out/sourcedata/freesurfer/sub-v2s0x29013_ses-1/mri/transforms/cc_up.lta
# created by oesteban on Tue Mar 10 09:56:19 2026

type      = 0 # LINEAR_VOX_TO_VOX
nxforms   = 1
mean      = 127.0000 97.0000 121.0000
sigma     = 10000.0000
1 4 4
9.954442381858826e-01 -9.528780728578568e-02 -3.310204949229956e-03 1.226703643798828e+01 
9.528728574514389e-02 9.954497218132019e-01 -3.168639959767461e-04 3.454682922363281e+01 
3.325336147099733e-03 0.000000000000000e+00 9.999944567680359e-01 2.958674240112305e+01 
0.000000000000000e+00 0.000000000000000e+00 0.000000000000000e+00 1.000000000000000e+00 
src volume info
valid = 1  # volume info valid
filename = /out/sourcedata/freesurfer/sub-v2s0x29013_ses-1/mri/norm.mgz
volume = 256 256 256
voxelsize = 1.000000000000000e+00 1.000000000000000e+00 1.000000000000000e+00
xras   = -1.000000000000000e+00 0.000000000000000e+00 0.000000000000000e+00
yras   = 0.000000000000000e+00 0.000000000000000e+00 -1.000000000000000e+00
zras   = 0.000000000000000e+00 1.000000000000000e+00 0.000000000000000e+00
cras   = 7.740631103515625e-01 3.574407958984375e+01 -1.410725402832031e+01
dst volume info
valid = 1  # volume info valid
filename = /out/sourcedata/freesurfer/sub-v2s0x29013_ses-1/mri/norm.mgz
volume = 256 256 256
voxelsize = 1.000000000000000e+00 1.000000000000000e+00 1.000000000000000e+00
xras   = -1.000000000000000e+00 0.000000000000000e+00 0.000000000000000e+00
yras   = 0.000000000000000e+00 0.000000000000000e+00 -1.000000000000000e+00
zras   = 0.000000000000000e+00 1.000000000000000e+00 0.000000000000000e+00
cras   = 7.740631103515625e-01 3.574407958984375e+01 -1.410725402832031e+01
