#Insight Transform File V1.0
#Transform 0
Transform: AffineTransform_float_3_3
Parameters: 1 5.38642e-05 0.000343021 -5.41358e-05 1 0.000395981 -0.000342979 -0.000396018 1 -0.0201976 -0.00299029 0.191181
FixedParameters: 0 0 0

#Transform 1
Transform: AffineTransform_float_3_3
Parameters: 1 2.05e-08 0.0005 2.05e-08 1 -4.1e-05 -0.0005 4.1e-05 1 -0.0145988 -0.0347105 0.0808061
FixedParameters: 0 0 0

#Transform 2
Transform: AffineTransform_float_3_3
Parameters: 1 8.4564e-08 0.000324 8.4564e-08 1 -0.000261 -0.000324 0.000261 1 -0.0180079 -0.0158771 0.0471592
FixedParameters: 0 0 0

#Transform 3
Transform: AffineTransform_float_3_3
Parameters: 1 2.29108e-07 0.000451 2.29108e-07 1 -0.000508 -0.000451 0.000508 1 0.000437549 -0.0617939 -0.134393
FixedParameters: 0 0 0

#Transform 4
Transform: AffineTransform_float_3_3
Parameters: 1 8.26096e-05 0.000444073 -8.23902e-05 0.999999 0.000878963 -0.000443927 -0.000879036 0.999999 -0.00400248 -0.125109 0.160908
FixedParameters: 0 0 0

#Transform 5
Transform: AffineTransform_float_3_3
Parameters: 1 1.59456e-07 0.000352 1.59456e-07 1 -0.000453 -0.000352 0.000453 1 0.000292387 -0.0356842 0.109668
FixedParameters: 0 0 0

#Transform 6
Transform: AffineTransform_float_3_3
Parameters: 0.999999 6.6903e-07 0.000769 -3.30969e-07 0.999999 -0.00087 -0.000769001 0.00087 1 -0.00220295 -0.0196388 -0.0207046
FixedParameters: 0 0 0

#Transform 7
Transform: AffineTransform_float_3_3
Parameters: 1 1.31068e-07 0.000434 1.31068e-07 1 -0.000302 -0.000434 0.000302 1 0.000538695 -0.00115355 0.121011
FixedParameters: 0 0 0

#Transform 8
Transform: AffineTransform_float_3_3
Parameters: 1 5.28178e-07 0.000434 -4.71821e-07 1 -0.001217 -0.000434001 0.001217 0.999999 0.000540843 -0.0364843 0.135177
FixedParameters: 0 0 0

#Transform 9
Transform: AffineTransform_float_3_3
Parameters: 1 1.51872e-07 0.000678 1.51872e-07 1 -0.000224 -0.000678 0.000224 0.999999 0.00863914 -0.0688823 0.205209
FixedParameters: 0 0 0

#Transform 10
Transform: AffineTransform_float_3_3
Parameters: 1 -0.00014293 0.00014407 0.00014307 1 -0.000487979 -0.00014393 0.00048802 1 0.005118 0.00543645 0.0452709
FixedParameters: 0 0 0

#Transform 11
Transform: AffineTransform_float_3_3
Parameters: 1 -1.14142e-07 0.000434 -1.14142e-07 1 0.000263 -0.000434 -0.000263 1 -0.00644112 -0.0284912 0.0707483
FixedParameters: 0 0 0

#Transform 12
Transform: AffineTransform_float_3_3
Parameters: 1 -2.17868e-07 0.000434 -2.17868e-07 1 0.000502 -0.000434 -0.000502 1 0.0125714 -0.0142542 0.198605
FixedParameters: 0 0 0

#Transform 13
Transform: AffineTransform_float_3_3
Parameters: 1 -5.29761e-05 0.000434003 5.30239e-05 1 -5.4977e-05 -0.000433997 5.5023e-05 1 0.00330583 -0.083968 0.0368346
FixedParameters: 0 0 0

#Transform 14
Transform: AffineTransform_float_3_3
Parameters: 1 -0.000273482 0.000433697 0.000273518 1 0.00111012 -0.000434304 -0.00110988 1 0.0148666 -0.104197 0.09803
FixedParameters: 0 0 0

#Transform 15
Transform: AffineTransform_float_3_3
Parameters: 1 2.6474e-07 0.000434 2.6474e-07 1 -0.00061 -0.000434 0.00061 0.999999 0.000532654 0.0178736 0.107091
FixedParameters: 0 0 0

#Transform 16
Transform: AffineTransform_float_3_3
Parameters: 1 2.53456e-07 0.000434 2.53456e-07 1 -0.000584 -0.000434 0.000584 0.999999 0.000547285 -0.0304127 0.126979
FixedParameters: 0 0 0

#Transform 17
Transform: AffineTransform_float_3_3
Parameters: 1 -0.000264366 0.000173444 0.000263635 0.999997 0.00210504 -0.000173555 -0.00210495 0.999998 0.0224132 -0.0198791 0.352665
FixedParameters: 0 0 0

#Transform 18
Transform: AffineTransform_float_3_3
Parameters: 1 -1.1284e-08 0.000434 -1.1284e-08 1 2.6e-05 -0.000434 -2.6e-05 1 0.000517773 -0.0732005 0.0728038
FixedParameters: 0 0 0

#Transform 19
Transform: AffineTransform_float_3_3
Parameters: 1 3.48502e-07 0.000434 3.48502e-07 0.999999 -0.000802999 -0.000434 0.000802999 0.999999 -0.0350723 -0.0212672 0.0725965
FixedParameters: 0 0 0

#Transform 20
Transform: AffineTransform_float_3_3
Parameters: 1 9.765e-08 0.000434 9.765e-08 1 -0.000225 -0.000434 0.000225 1 -0.0010298 0.000260495 5.70897e-05
FixedParameters: 0 0 0

#Transform 21
Transform: AffineTransform_float_3_3
Parameters: 1 -0.000151688 0.00043376 0.000151312 0.999998 0.00158506 -0.00043424 -0.00158493 0.999998 -0.017085 -0.0999426 0.134619
FixedParameters: 0 0 0

#Transform 22
Transform: AffineTransform_float_3_3
Parameters: 1 1.46258e-07 0.000434 1.46258e-07 1 -0.000337 -0.000434 0.000337 1 -0.000978161 -0.0102268 0.123647
FixedParameters: 0 0 0

#Transform 23
Transform: AffineTransform_float_3_3
Parameters: 1 1.26294e-07 0.000434 1.26294e-07 1 -0.000291 -0.000434 0.000291 1 -0.0244942 -0.0237476 0.0636225
FixedParameters: 0 0 0

#Transform 24
Transform: AffineTransform_float_3_3
Parameters: 1 -0.000433027 -5.67939e-05 0.000432973 1 -0.000476024 5.72061e-05 0.000475975 1 0.0214828 -0.0188716 0.0613063
FixedParameters: 0 0 0

#Transform 25
Transform: AffineTransform_float_3_3
Parameters: 1 -0.000179995 0.000240003 0.000180005 1 -1.89568e-05 -0.000239997 1.90432e-05 1 -0.0211353 -0.0350256 0.0237463
FixedParameters: 0 0 0

#Transform 26
Transform: AffineTransform_float_3_3
Parameters: 1 -0.00026899 2.80976e-05 0.00026901 1 -0.000362992 -2.79023e-05 0.000363007 1 -0.0222923 -0.0214277 0.0628602
FixedParameters: 0 0 0

#Transform 27
Transform: AffineTransform_float_3_3
Parameters: 1 0.000103538 0.000674918 -0.000103462 0.999999 -0.00079707 -0.000675083 0.00079693 1 -0.036536 -0.0834221 0.122062
FixedParameters: 0 0 0

#Transform 28
Transform: AffineTransform_float_3_3
Parameters: 1 -0.000433214 0.00026465 0.000432786 0.999999 0.000808114 -0.00026435 -0.000807885 0.999999 -0.00366202 -0.00556546 0.203509
FixedParameters: 0 0 0

#Transform 29
Transform: AffineTransform_float_3_3
Parameters: 1 -0.000273162 0.000332867 0.000272838 1 0.000486091 -0.000333133 -0.000485909 1 -0.0147786 -0.0382255 -0.131896
FixedParameters: 0 0 0

#Transform 30
Transform: AffineTransform_float_3_3
Parameters: 1 -0.000433033 2.74847e-05 0.000432966 0.999999 0.00119001 -2.85153e-05 -0.00118999 1 -0.000244547 -0.1287 0.0957928
FixedParameters: 0 0 0

#Transform 31
Transform: AffineTransform_float_3_3
Parameters: 1 -0.00024802 8.1939e-05 0.00024798 1 0.00024602 -8.2061e-05 -0.00024598 1 -0.0099272 -0.0272212 0.222896
FixedParameters: 0 0 0

#Transform 32
Transform: AffineTransform_float_3_3
Parameters: 0.999999 0.000631259 0.000324496 -0.00063074 0.999999 -0.000798204 -0.000325504 0.000798794 0.999999 -0.0486436 -0.0868222 0.0385793
FixedParameters: 0 0 0

#Transform 33
Transform: AffineTransform_float_3_3
Parameters: 1 -0.000321086 0.000228879 0.000320914 1 0.000377073 -0.000229121 -0.000376926 1 -0.00603524 -0.0286949 0.174286
FixedParameters: 0 0 0

#Transform 34
Transform: AffineTransform_float_3_3
Parameters: 1 0.000532008 2.78393e-05 -0.000531991 1 -0.000302015 -2.81607e-05 0.000301985 1 -0.0510125 0.00843519 -0.0928001
FixedParameters: 0 0 0

#Transform 35
Transform: AffineTransform_float_3_3
Parameters: 1 -0.000541266 0.000217338 0.000541733 0.999999 0.00122312 -0.000218663 -0.00122388 0.999999 0.00551362 -0.0857858 0.0976777
FixedParameters: 0 0 0

#Transform 36
Transform: AffineTransform_float_3_3
Parameters: 1 0.000344994 2.80728e-05 -0.000345006 1 0.00021099 -2.79272e-05 -0.00021101 1 -0.0412385 -0.00847465 0.176351
FixedParameters: 0 0 0

#Transform 37
Transform: AffineTransform_float_3_3
Parameters: 1 0.000278039 0.00036297 -0.000277961 1 -0.000108101 -0.00036203 0.000107899 1 -0.0263569 -0.0495668 0.104081
FixedParameters: 0 0 0

#Transform 38
Transform: AffineTransform_float_3_3
Parameters: 1 0.000326958 2.84895e-05 -0.000327043 0.999999 0.00149699 -2.85104e-05 -0.00149701 0.999999 -0.0403376 -0.0640761 0.219772
FixedParameters: 0 0 0

#Transform 39
Transform: AffineTransform_float_3_3
Parameters: 1 -0.000462593 -0.000323583 0.000463408 0.999999 0.00125985 0.000323416 -0.00126015 0.999999 0.0131119 -0.0886199 0.144833
FixedParameters: 0 0 0

#Transform 40
Transform: AffineTransform_float_3_3
Parameters: 1 -0.000104012 2.79564e-05 0.000103988 1 0.000419003 -2.80436e-05 -0.000418997 1 -0.0175915 -0.120227 0.1674
FixedParameters: 0 0 0

#Transform 41
Transform: AffineTransform_float_3_3
Parameters: 1 0.00017603 2.78103e-05 -0.00017597 1 -0.00107801 -2.81897e-05 0.001078 1 -0.0156483 0.00538523 0.0786459
FixedParameters: 0 0 0

#Transform 42
Transform: AffineTransform_float_3_3
Parameters: 1 0.0001426 0.000181315 -0.000142399 0.999997 0.00220697 -0.000180686 -0.00220702 0.999997 -0.0128846 -0.0217315 0.213742
FixedParameters: 0 0 0

#Transform 43
Transform: AffineTransform_float_3_3
Parameters: 1 0.000168998 2.80137e-05 -0.000169002 1 8.09953e-05 -2.79863e-05 -8.10047e-05 1 -0.0145039 -0.00636609 0.0848779
FixedParameters: 0 0 0

#Transform 44
Transform: AffineTransform_float_3_3
Parameters: 1 6.20089e-05 2.79803e-05 -6.19911e-05 1 -0.000318002 -2.80197e-05 0.000317998 1 -0.00873122 -0.025878 0.0381083
FixedParameters: 0 0 0

#Transform 45
Transform: AffineTransform_float_3_3
Parameters: 1 0.000430973 2.84142e-05 -0.000431028 1 0.000960988 -2.85858e-05 -0.000961012 0.999999 -0.0262278 -0.0280475 0.192742
FixedParameters: 0 0 0

#Transform 46
Transform: AffineTransform_float_3_3
Parameters: 1 0.000109182 0.000286931 -0.000109818 1 -0.000633031 -0.000287069 0.000632968 1 -0.0109398 -0.0588916 0.0445843
FixedParameters: 0 0 0

#Transform 47
Transform: AffineTransform_float_3_3
Parameters: 1 -3.90069e-05 0.000346999 3.89931e-05 1 2.00135e-05 -0.000347001 -1.99865e-05 1 -0.00325504 -0.0770899 0.0963071
FixedParameters: 0 0 0

#Transform 48
Transform: AffineTransform_float_3_3
Parameters: 1 -0.000266898 -0.000112242 0.000267101 0.999999 0.000904969 0.000111758 -0.000905029 0.999999 0.00843259 -0.0549647 0.192929
FixedParameters: 0 0 0

#Transform 49
Transform: AffineTransform_float_3_3
Parameters: 1 0.00043599 0.000137031 -0.00043601 1 7.19403e-05 -0.000136969 -7.20597e-05 1 -0.0336615 -0.0788466 -0.0648884
FixedParameters: 0 0 0

#Transform 50
Transform: AffineTransform_float_3_3
Parameters: 1 0.000495057 0.000241883 -0.000494943 1 -0.00023612 -0.000242117 0.00023588 1 -0.0314748 -0.121223 0.105241
FixedParameters: 0 0 0

#Transform 51
Transform: AffineTransform_float_3_3
Parameters: 1 0.000240244 -0.000141586 -0.000239755 0.999999 0.00172203 0.000142413 -0.00172297 0.999998 -0.0070734 -0.00691945 0.378635
FixedParameters: 0 0 0

#Transform 52
Transform: AffineTransform_float_3_3
Parameters: 1 -9.99056e-05 0.000218043 0.000100094 1 -0.000432978 -0.000217957 0.000433022 1 -6.61651e-05 -0.057024 0.0489986
FixedParameters: 0 0 0

#Transform 53
Transform: AffineTransform_float_3_3
Parameters: 1 0.000344967 2.83992e-05 -0.000345033 1 0.00115699 -2.86008e-05 -0.00115701 1 -0.000957724 -0.020163 0.170084
FixedParameters: 0 0 0

#Transform 54
Transform: AffineTransform_float_3_3
Parameters: 1 0.000455034 9.68425e-05 -0.000454966 1 -0.000346044 -9.71579e-05 0.000346956 1 -0.0295082 0.0198954 0.0802394
FixedParameters: 0 0 0

#Transform 55
Transform: AffineTransform_float_3_3
Parameters: 0.999999 0.000360624 0.000645652 -0.000359375 0.999999 -0.000966232 -0.000646347 0.000965767 1 -0.0222814 -0.00568099 -0.00258625
FixedParameters: 0 0 0

#Transform 56
Transform: AffineTransform_float_3_3
Parameters: 1 6.98495e-06 0.000193001 -7.01505e-06 1 7.79986e-05 -0.000192999 -7.80013e-05 1 -0.000837217 -0.005964 0.0789723
FixedParameters: 0 0 0

#Transform 57
Transform: AffineTransform_float_3_3
Parameters: 1 -2.88414e-05 0.000390939 2.81585e-05 0.999997 0.00215201 -0.000391061 -0.00215199 0.999997 -0.000449631 -0.0603052 0.270789
FixedParameters: 0 0 0

#Transform 58
Transform: AffineTransform_float_3_3
Parameters: 1 -2.20003e-05 2.79998e-05 2.19997e-05 1 9.00062e-06 -2.80002e-05 -8.99938e-06 1 -0.0105416 -0.0191219 0.114036
FixedParameters: 0 0 0

#Transform 59
Transform: AffineTransform_float_3_3
Parameters: 1 -0.000268283 0.000477841 0.000267717 1 0.000592128 -0.000478158 -0.000591872 0.999999 0.0127542 -0.052375 0.165391
FixedParameters: 0 0 0

#Transform 60
Transform: AffineTransform_float_3_3
Parameters: 1 -0.000321023 2.773e-05 0.000320976 0.999999 0.000841008 -2.82699e-05 -0.00084099 0.999999 0.00420921 -0.0210779 0.146165
FixedParameters: 0 0 0

#Transform 61
Transform: AffineTransform_float_3_3
Parameters: 1 0.000559955 0.000794328 -0.000559046 0.999999 -0.00120144 -0.000794672 0.00120056 0.999999 -0.0278014 -0.0672893 -0.0427938
FixedParameters: 0 0 0

#Transform 62
Transform: AffineTransform_float_3_3
Parameters: 1 -0.000135162 -0.000323351 0.000135837 0.999996 0.00259295 0.000322649 -0.00259304 0.999996 0.0104843 -0.083225 0.337568
FixedParameters: 0 0 0

#Transform 63
Transform: AffineTransform_float_3_3
Parameters: 0.999999 0.000884996 1.12611e-05 -0.000885002 0.999999 0.00029499 -1.07389e-05 -0.000295009 1 -0.0428466 -0.0323737 0.107349
FixedParameters: 0 0 0

#Transform 64
Transform: AffineTransform_float_3_3
Parameters: 1 -0.000153079 0.000511976 0.000152921 1 0.000154078 -0.000512024 -0.000154922 1 0.0121513 -0.030516 0.0611785
FixedParameters: 0 0 0

#Transform 65
Transform: AffineTransform_float_3_3
Parameters: 1 0.00032306 -8.67771e-05 -0.00032294 0.999999 0.000690028 8.72228e-05 -0.000689971 1 -0.00920948 -0.0385676 0.174989
FixedParameters: 0 0 0

#Transform 66
Transform: AffineTransform_float_3_3
Parameters: 1 0.0003602 0.000445838 -0.0003608 1 -0.000448161 -0.000445161 0.00044784 1 -0.0308917 -0.0546281 -0.137208
FixedParameters: 0 0 0

#Transform 67
Transform: AffineTransform_float_3_3
Parameters: 0.999999 0.00114362 -0.000594898 -0.00114238 0.999995 0.00271468 0.000598104 -0.00271432 0.999996 -0.0409656 -0.0869929 0.251696
FixedParameters: 0 0 0

#Transform 68
Transform: AffineTransform_float_3_3
Parameters: 1 0.000107007 1.4949e-05 -0.000106993 1 -0.000477001 -1.5051e-05 0.000476998 1 -0.00923648 -0.0871083 0.17929
FixedParameters: 0 0 0

#Transform 69
Transform: AffineTransform_float_3_3
Parameters: 1 0.000992329 0.000278832 -0.000992671 0.999999 -0.00117728 -0.00028017 0.00117772 1 -0.0637129 -0.072693 0.144717
FixedParameters: 0 0 0

#Transform 70
Transform: AffineTransform_float_3_3
Parameters: 1 0.000106929 -6.41183e-05 -0.000106071 1 -0.00110599 6.38827e-05 0.00110601 1 -0.0156631 0.0130993 0.388078
FixedParameters: 0 0 0

#Transform 71
Transform: AffineTransform_float_3_3
Parameters: 1 0.000423405 0.000480643 -0.000422595 0.999999 -0.000842203 -0.000481356 0.000841796 0.999999 -0.0378539 -0.0516461 0.256172
FixedParameters: 0 0 0

#Transform 72
Transform: AffineTransform_float_3_3
Parameters: 1 0.000107195 0.000213902 -0.000106805 0.999999 -0.000911022 -0.000214097 0.000910976 0.999999 -0.0295801 0.00533531 -0.16258
FixedParameters: 0 0 0

#Transform 73
Transform: AffineTransform_float_3_3
Parameters: 1 0.000106577 0.000617073 -0.000106423 1 0.000685934 -0.000616927 -0.000686065 0.999999 -0.0329144 -0.0253183 0.0623561
FixedParameters: 0 0 0

#Transform 74
Transform: AffineTransform_float_3_3
Parameters: 1 0.000316445 0.000427412 -0.000316555 0.999999 0.00129987 -0.000426589 -0.00130014 0.999999 -0.0156321 -0.0296366 0.214578
FixedParameters: 0 0 0

#Transform 75
Transform: AffineTransform_float_3_3
Parameters: 1 0.00010698 0.000103021 -0.00010702 1 0.000191989 -0.000102979 -0.000192011 1 -0.0119426 -0.114745 -0.0962793
FixedParameters: 0 0 0

#Transform 76
Transform: AffineTransform_float_3_3
Parameters: 1 0.000107017 0.000424996 -0.000106983 1 -4.00455e-05 -0.000425004 3.99545e-05 1 -0.0177397 -0.111349 0.0519955
FixedParameters: 0 0 0

#Transform 77
Transform: AffineTransform_float_3_3
Parameters: 1 0.00028042 0.000434375 -0.00028058 0.999999 0.00133488 -0.000434626 -0.00133512 0.999999 -0.0110449 -0.00798939 0.352387
FixedParameters: 0 0 0

#Transform 78
Transform: AffineTransform_float_3_3
Parameters: 1 0.000524071 -6.34126e-05 -0.000523929 0.999999 0.00112103 6.35874e-05 -0.00112097 1 -0.0446269 -0.0771398 0.0367145
FixedParameters: 0 0 0

#Transform 79
Transform: AffineTransform_float_3_3
Parameters: 1 0.000261727 0.000224318 -0.000261272 0.999999 0.00121594 -0.000223682 -0.00121606 0.999999 -0.0234344 -0.119043 0.0646608
FixedParameters: 0 0 0

#Transform 80
Transform: AffineTransform_float_3_3
Parameters: 1 0.000159697 0.00025519 -0.000160303 1 0.00118796 -0.00025481 -0.00118804 1 -0.0186364 -0.0382138 0.194672
FixedParameters: 0 0 0

#Transform 81
Transform: AffineTransform_float_3_3
Parameters: 1 0.000293405 0.000583796 -0.000292596 0.999999 -0.00069317 -0.000583203 0.000693829 0.999999 -0.0237089 -0.0759509 -0.0888731
FixedParameters: 0 0 0

#Transform 82
Transform: AffineTransform_float_3_3
Parameters: 1 0.000420161 -5.68191e-05 -0.000419838 0.999996 0.00281102 5.81804e-05 -0.00281098 0.999996 -0.00814008 -0.125422 0.183441
FixedParameters: 0 0 0

#Transform 83
Transform: AffineTransform_float_3_3
Parameters: 1 0.000346844 0.000168321 -0.000347155 0.999999 0.000925941 -0.000167679 -0.000926057 0.999999 -0.0146975 -0.19781 0.131966
FixedParameters: 0 0 0

#Transform 84
Transform: AffineTransform_float_3_3
Parameters: 1 0.000106818 0.000406048 -0.000106182 1 0.000447957 -0.000405952 -0.000448043 1 0.00127636 -0.130475 0.154031
FixedParameters: 0 0 0

#Transform 85
Transform: AffineTransform_float_3_3
Parameters: 1 0.000106943 0.00058401 -0.000106057 1 9.69381e-05 -0.00058399 -9.70625e-05 1 0.0218913 -0.0448698 0.169625
FixedParameters: 0 0 0

#Transform 86
Transform: AffineTransform_float_3_3
Parameters: 1 0.000178198 0.000526933 -0.000178802 1 -0.000376094 -0.000527067 0.000375906 1 -0.00480157 0.0472749 0.0853332
FixedParameters: 0 0 0

#Transform 87
Transform: AffineTransform_float_3_3
Parameters: 1 0.000107043 0.000644993 -0.000106957 1 -6.6069e-05 -0.000645007 6.5931e-05 1 0.000179321 0.00622263 0.0711998
FixedParameters: 0 0 0

#Transform 88
Transform: AffineTransform_float_3_3
Parameters: 1 0.000106705 0.000584054 -0.000106295 1 0.000504938 -0.000583946 -0.000505062 0.999999 0.0152025 -0.00834895 0.170221
FixedParameters: 0 0 0

#Transform 89
Transform: AffineTransform_float_3_3
Parameters: 1 -0.00014502 0.000345992 0.00014498 1 5.70502e-05 -0.000346008 -5.69498e-05 1 0.0160326 -0.0834206 -0.133934
FixedParameters: 0 0 0

#Transform 90
Transform: AffineTransform_float_3_3
Parameters: 1 -0.000379624 0.000582945 0.000378378 0.999996 0.00278422 -0.000583055 -0.00278378 0.999996 0.0134209 -0.0560998 0.348217
FixedParameters: 0 0 0

#Transform 91
Transform: AffineTransform_float_3_3
Parameters: 1 0.000586025 -7.1353e-06 -0.000585975 0.999995 0.003182 8.86461e-06 -0.00318199 0.999995 0.0176854 -0.038451 0.660517
FixedParameters: 0 0 0

#Transform 92
Transform: AffineTransform_float_3_3
Parameters: 0.999999 0.00102644 0.000733985 -0.00102456 0.999997 -0.00196475 -0.000736013 0.00196324 0.999998 -0.0660934 -0.136114 -0.166067
FixedParameters: 0 0 0

#Transform 93
Transform: AffineTransform_float_3_3
Parameters: 1 1.34479e-05 -0.000164964 -1.3552e-05 0.999997 0.002715 0.000165037 -0.002715 0.999997 0.00312447 0.0416114 0.300425
FixedParameters: 0 0 0

#Transform 94
Transform: AffineTransform_float_3_3
Parameters: 0.999999 0.00068126 0.000397554 -0.00068074 0.999999 -0.00065427 -0.000397445 0.000653729 0.999999 -0.0486105 -0.0932681 -0.169286
FixedParameters: 0 0 0

#Transform 95
Transform: AffineTransform_float_3_3
Parameters: 1 -0.000426484 0.000378582 0.000427515 0.999999 -0.00136384 -0.000377417 0.00136416 0.999999 0.0127858 -0.119277 -0.270849
FixedParameters: 0 0 0

#Transform 96
Transform: AffineTransform_float_3_3
Parameters: 1 0.000148017 0.000296991 -0.000147983 1 -5.80439e-05 -0.000297009 5.7956e-05 1 -0.0174267 -0.0513098 0.174864
FixedParameters: 0 0 0

#Transform 97
Transform: AffineTransform_float_3_3
Parameters: 1 0.000216974 0.000364612 -0.000218027 0.999996 0.00281592 -0.000364387 -0.00281608 0.999996 -0.00325856 -0.0642771 0.402988
FixedParameters: 0 0 0

#Transform 98
Transform: AffineTransform_float_3_3
Parameters: 1 7.97991e-06 0.000102002 -8.02009e-06 1 0.000196999 -0.000101998 -0.000197001 1 -0.00649283 -0.0717396 -0.0570564
FixedParameters: 0 0 0

#Transform 99
Transform: AffineTransform_float_3_3
Parameters: 0.999999 0.000326375 0.000788432 -0.000324626 0.999999 -0.00174326 -0.000788567 0.00174374 0.999998 -0.0131907 -0.14338 -0.229362
FixedParameters: 0 0 0

#Transform 100
Transform: AffineTransform_float_3_3
Parameters: 0.999999 0.000553985 0.000513016 -0.000554015 1 2.87158e-05 -0.000512984 -2.92842e-05 1 -0.0209444 -0.0685241 0.167016
FixedParameters: 0 0 0

#Transform 101
Transform: AffineTransform_float_3_3
Parameters: 1 -1.2391e-06 0.000607998 -2.39106e-07 0.999998 0.002038 -0.000608001 -0.002038 0.999997 0.00839601 -0.0559856 0.247198
FixedParameters: 0 0 0

#Transform 102
Transform: AffineTransform_float_3_3
Parameters: 0.999999 0.000564578 -0.000503235 -0.000562419 0.999995 0.00313128 0.000505763 -0.00313072 0.999995 -0.0184787 -0.0136656 0.413467
FixedParameters: 0 0 0

#Transform 103
Transform: AffineTransform_float_3_3
Parameters: 0.999999 0.00118209 0.000914598 -0.00118091 0.999998 -0.00118708 -0.000916402 0.00118592 0.999999 -0.0600101 -0.076076 -0.270375
FixedParameters: 0 0 0

#Transform 104
Transform: AffineTransform_float_3_3
Parameters: 1 -0.000106203 0.00035994 0.000105797 1 0.000563038 -0.00036006 -0.000562962 1 0.01366 -0.140091 -0.0625004
FixedParameters: 0 0 0

#Transform 105
Transform: AffineTransform_float_3_3
Parameters: 1 0.000777795 0.000858186 -0.000778206 0.999999 0.000239332 -0.000857814 -0.000239667 0.999999 -0.0321003 -0.157148 0.235216
FixedParameters: 0 0 0

#Transform 106
Transform: AffineTransform_float_3_3
Parameters: 0.999999 0.000736426 0.00106209 -0.000737574 0.999998 0.00148222 -0.00106091 -0.00148278 0.999999 -0.0178293 -0.0744966 0.28861
FixedParameters: 0 0 0

#Transform 107
Transform: AffineTransform_float_3_3
Parameters: 1 0.0007552 0.000741816 -0.000755801 0.999999 0.00107944 -0.000741184 -0.00108056 0.999999 -0.0210707 -0.0369011 0.153427
FixedParameters: 0 0 0

#Transform 108
Transform: AffineTransform_float_3_3
Parameters: 0.999999 0.000868856 0.000346879 -0.000870141 0.999994 0.0033107 -0.000343122 -0.0033103 0.999995 -0.00826395 -0.145853 0.276139
FixedParameters: 0 0 0

#Transform 109
Transform: AffineTransform_float_3_3
Parameters: 1 0.00113037 0.000234075 -0.00113063 0.999995 0.00271974 -0.000230927 -0.00271926 0.999997 -0.0311514 -0.0718226 0.115137
FixedParameters: 0 0 0

#Transform 110
Transform: AffineTransform_float_3_3
Parameters: 0.999999 0.000731398 0.000772679 -0.000730601 0.999998 -0.00180757 -0.000774322 0.00180743 0.999998 -0.0588304 -0.11465 -0.250698
FixedParameters: 0 0 0

#Transform 111
Transform: AffineTransform_float_3_3
Parameters: 0.999999 0.000520175 0.000774554 -0.000520825 1 0.0010646 -0.000774445 -0.0010654 0.999999 -0.0129303 -0.0277476 0.498862
FixedParameters: 0 0 0

#Transform 112
Transform: AffineTransform_float_3_3
Parameters: 0.999999 0.000839619 0.00039481 -0.000840381 0.999999 0.000964669 -0.000394189 -0.000965332 1 -0.0409632 -0.0446029 0.216531
FixedParameters: 0 0 0

#Transform 113
Transform: AffineTransform_float_3_3
Parameters: 1 0.000521014 -3.18428e-06 -0.000520986 0.999994 0.003485 4.81566e-06 -0.003485 0.999994 -0.0107484 -0.126625 0.142901
FixedParameters: 0 0 0

#Transform 114
Transform: AffineTransform_float_3_3
Parameters: 0.999999 0.000817469 -0.000220268 -0.000817532 0.999998 0.00211918 0.000221733 -0.00211882 0.999997 -0.0464982 -0.0675278 0.152626
FixedParameters: 0 0 0

#Transform 115
Transform: AffineTransform_float_3_3
Parameters: 1 0.000521755 0.000399015 -0.000520245 0.999998 -0.00188921 -0.000399983 0.00188879 0.999998 -0.0419508 -0.128084 -0.19859
FixedParameters: 0 0 0

#Transform 116
Transform: AffineTransform_float_3_3
Parameters: 0.999999 0.000756016 -6.37911e-06 -0.000755983 0.999998 0.00214401 8.62084e-06 -0.00214399 0.999997 -0.0403206 -0.0357628 0.313424
FixedParameters: 0 0 0

#Transform 117
Transform: AffineTransform_float_3_3
Parameters: 0.999999 0.000520415 0.000617494 -0.000520585 1 0.00094868 -0.000616507 -0.000948322 1 -0.0359432 -0.0839391 0.0519423
FixedParameters: 0 0 0

#Transform 118
Transform: AffineTransform_float_3_3
Parameters: 0.999999 0.000520151 0.00051386 -0.000520848 0.999998 0.00165273 -0.00051314 -0.00165227 0.999998 -0.042998 -0.0325991 0.165129
FixedParameters: 0 0 0

#Transform 119
Transform: AffineTransform_float_3_3
Parameters: 1 0.000822524 0.00067758 -0.000823478 1 0.000704442 -0.00067642 -0.000704557 0.999999 -0.0596265 -0.0945765 0.227366
FixedParameters: 0 0 0
