# transform file /out/sourcedata/freesurfer/sub-v2s0x29046_ses-1/mri/transforms/cc_up.lta
# created by oesteban on Tue Mar 10 13:55:51 2026

type      = 0 # LINEAR_VOX_TO_VOX
nxforms   = 1
mean      = 129.0000 99.0000 113.0000
sigma     = 10000.0000
1 4 4
9.908974766731262e-01 -1.229285448789597e-01 -5.486940965056419e-02 1.847724723815918e+01 
1.227405145764351e-01 9.924154877662659e-01 -6.796565372496843e-03 3.180695343017578e+01 
5.528874695301056e-02 0.000000000000000e+00 9.984703660011292e-01 1.816877555847168e+01 
0.000000000000000e+00 0.000000000000000e+00 0.000000000000000e+00 1.000000000000000e+00 
src volume info
valid = 1  # volume info valid
filename = /out/sourcedata/freesurfer/sub-v2s0x29046_ses-1/mri/norm.mgz
volume = 256 256 256
voxelsize = 1.000000000000000e+00 1.000000000000000e+00 1.000000000000000e+00
xras   = -1.000000000000000e+00 0.000000000000000e+00 0.000000000000000e+00
yras   = 0.000000000000000e+00 0.000000000000000e+00 -1.000000000000000e+00
zras   = 0.000000000000000e+00 1.000000000000000e+00 0.000000000000000e+00
cras   = 4.281745910644531e+00 4.132078552246094e+01 -7.215362548828125e+00
dst volume info
valid = 1  # volume info valid
filename = /out/sourcedata/freesurfer/sub-v2s0x29046_ses-1/mri/norm.mgz
volume = 256 256 256
voxelsize = 1.000000000000000e+00 1.000000000000000e+00 1.000000000000000e+00
xras   = -1.000000000000000e+00 0.000000000000000e+00 0.000000000000000e+00
yras   = 0.000000000000000e+00 0.000000000000000e+00 -1.000000000000000e+00
zras   = 0.000000000000000e+00 1.000000000000000e+00 0.000000000000000e+00
cras   = 4.281745910644531e+00 4.132078552246094e+01 -7.215362548828125e+00
