# transform file /out/sourcedata/freesurfer/sub-v2s0x29014_ses-1/mri/transforms/cc_up.lta
# created by oesteban on Tue Mar 10 09:50:06 2026

type      = 0 # LINEAR_VOX_TO_VOX
nxforms   = 1
mean      = 129.0000 113.0000 111.0000
sigma     = 10000.0000
1 4 4
9.999737739562988e-01 8.179679280146956e-04 -7.210101000964642e-03 5.817754864692688e-01 
-8.179466240108013e-04 9.999997615814209e-01 5.897632490814431e-06 3.310419464111328e+01 
7.210102863609791e-03 0.000000000000000e+00 9.999740719795227e-01 3.607947540283203e+01 
0.000000000000000e+00 0.000000000000000e+00 0.000000000000000e+00 1.000000000000000e+00 
src volume info
valid = 1  # volume info valid
filename = /out/sourcedata/freesurfer/sub-v2s0x29014_ses-1/mri/norm.mgz
volume = 256 256 256
voxelsize = 1.000000000000000e+00 1.000000000000000e+00 1.000000000000000e+00
xras   = -1.000000000000000e+00 0.000000000000000e+00 0.000000000000000e+00
yras   = 0.000000000000000e+00 0.000000000000000e+00 -1.000000000000000e+00
zras   = 0.000000000000000e+00 1.000000000000000e+00 0.000000000000000e+00
cras   = 7.740631103515625e-01 4.437942504882812e+01 -1.724945068359375e+00
dst volume info
valid = 1  # volume info valid
filename = /out/sourcedata/freesurfer/sub-v2s0x29014_ses-1/mri/norm.mgz
volume = 256 256 256
voxelsize = 1.000000000000000e+00 1.000000000000000e+00 1.000000000000000e+00
xras   = -1.000000000000000e+00 0.000000000000000e+00 0.000000000000000e+00
yras   = 0.000000000000000e+00 0.000000000000000e+00 -1.000000000000000e+00
zras   = 0.000000000000000e+00 1.000000000000000e+00 0.000000000000000e+00
cras   = 7.740631103515625e-01 4.437942504882812e+01 -1.724945068359375e+00
