#Insight Transform File V1.0
#Transform 0
Transform: AffineTransform_float_3_3
Parameters: 0.999999 -0.000141253 0.00122109 0.000142747 1 -0.000611826 -0.00122091 0.000612173 0.999999 0.0273569 -0.00460585 -0.0318753
FixedParameters: 0 0 0

#Transform 1
Transform: AffineTransform_float_3_3
Parameters: 1 -0.000261133 0.00103322 0.000261866 0.999999 -0.00083873 -0.00103278 0.00083927 0.999999 0.0446104 -0.0348173 -0.0341544
FixedParameters: 0 0 0

#Transform 2
Transform: AffineTransform_float_3_3
Parameters: 0.999999 0.000101453 0.00140375 -9.85457e-05 0.999997 -0.00246014 -0.00140425 0.00245986 0.999996 0.0675222 -0.0421326 -0.0958285
FixedParameters: 0 0 0

#Transform 3
Transform: AffineTransform_float_3_3
Parameters: 1 0.000648707 -0.000119599 -0.000648291 0.999997 -0.00246392 0.000117403 0.00246408 0.999997 -0.0566257 -0.0956351 -0.227234
FixedParameters: 0 0 0

#Transform 4
Transform: AffineTransform_float_3_3
Parameters: 1 0.000345586 0.000300327 -0.000344414 0.999998 -0.0019501 -0.000300672 0.0019499 0.999998 0.0034596 -0.106864 -0.217422
FixedParameters: 0 0 0

#Transform 5
Transform: AffineTransform_float_3_3
Parameters: 0.999999 -0.000329813 0.000640612 0.000330186 0.999998 -0.00185379 -0.000639389 0.00185421 0.999998 0.0377133 -0.0526633 -0.0510831
FixedParameters: 0 0 0

#Transform 6
Transform: AffineTransform_float_3_3
Parameters: 1 0.000506026 -0.000476037 -0.000506973 0.999998 -0.00204776 0.000474963 0.00204724 0.999998 -0.0394456 0.019856 -0.22643
FixedParameters: 0 0 0

#Transform 7
Transform: AffineTransform_float_3_3
Parameters: 1 -0.000128399 0.000478162 0.000128602 0.999999 -0.00125794 -0.000478839 0.00125806 0.999999 0.0352501 0.0182243 -0.0899937
FixedParameters: 0 0 0

#Transform 8
Transform: AffineTransform_float_3_3
Parameters: 0.999999 8.53841e-05 0.000742955 -8.46158e-05 1 -0.000517063 -0.000743043 0.000516936 0.999999 -0.0125814 0.102292 0.0349227
FixedParameters: 0 0 0

#Transform 9
Transform: AffineTransform_float_3_3
Parameters: 1 7.20086e-05 1.99691e-05 -7.19918e-05 1 -0.000429001 -1.90309e-05 0.000428999 1 0.0175061 0.0838915 0.00527361
FixedParameters: 0 0 0

#Transform 10
Transform: AffineTransform_float_3_3
Parameters: 1 -1.60673e-05 -0.000200995 1.59327e-05 1 -0.000335003 0.000201005 0.000334997 1 -0.0344852 -0.03032 0.142376
FixedParameters: 0 0 0

#Transform 11
Transform: AffineTransform_float_3_3
Parameters: 1 6.87319e-05 -0.000555033 -6.9268e-05 1 -0.000482961 0.000554966 0.000483038 0.999999 0.0357696 -0.0808332 -0.116575
FixedParameters: 0 0 0

#Transform 12
Transform: AffineTransform_float_3_3
Parameters: 1 -5.50483e-05 -6.9962e-05 5.49516e-05 1 -0.000691004 7.0038e-05 0.000690996 1 0.0455052 -0.100077 -0.104121
FixedParameters: 0 0 0

#Transform 13
Transform: AffineTransform_float_3_3
Parameters: 1 -5.50173e-05 -0.000127993 5.49827e-05 1 -0.000135007 0.000128007 0.000134993 1 -0.0349809 0.036567 0.10551
FixedParameters: 0 0 0

#Transform 14
Transform: AffineTransform_float_3_3
Parameters: 0.999999 -0.000412307 0.000618795 0.000411692 1 0.000497255 -0.000619204 -0.000496745 0.999999 0.000406817 -0.121586 0.157133
FixedParameters: 0 0 0

#Transform 15
Transform: AffineTransform_float_3_3
Parameters: 1 0.000215009 5.99667e-05 -0.000214991 1 -0.000155013 -6.00333e-05 0.000154987 1 -0.0012206 0.153131 0.117078
FixedParameters: 0 0 0

#Transform 16
Transform: AffineTransform_float_3_3
Parameters: 1 0.00021515 0.000497935 -0.00021485 1 -0.000301107 -0.000498065 0.000300893 1 -0.0278308 0.207316 -0.0961194
FixedParameters: 0 0 0

#Transform 17
Transform: AffineTransform_float_3_3
Parameters: 1 0.000215064 -5.57557e-05 -0.000214936 1 0.00113601 5.62442e-05 -0.00113599 1 -0.0227808 -0.102979 -0.0807604
FixedParameters: 0 0 0

#Transform 18
Transform: AffineTransform_float_3_3
Parameters: 1 0.000215035 0.000278973 -0.000214965 1 -0.00012606 -0.000279027 0.00012594 1 -0.0296974 -0.00310107 -0.0831652
FixedParameters: 0 0 0

#Transform 19
Transform: AffineTransform_float_3_3
Parameters: 1 0.000215319 0.000441845 -0.000215681 0.999999 -0.000721095 -0.000442156 0.000721904 0.999999 -0.0283184 0.0336986 -0.0103231
FixedParameters: 0 0 0

#Transform 20
Transform: AffineTransform_float_3_3
Parameters: 1 0.000111097 0.000195945 -0.000111903 1 -0.000497022 -0.000196056 0.000496978 1 -0.00627694 -0.00639778 -0.0285948
FixedParameters: 0 0 0

#Transform 21
Transform: AffineTransform_float_3_3
Parameters: 1 0.000141015 0.000257992 -0.000140985 1 -6.00364e-05 -0.000258008 5.99636e-05 1 -0.00724053 0.0137823 0.0242235
FixedParameters: 0 0 0

#Transform 22
Transform: AffineTransform_float_3_3
Parameters: 1 0.000113999 -1.10068e-05 -0.000114001 1 -5.99987e-05 1.09932e-05 6.00013e-05 1 -0.0128971 0.020682 0.0584728
FixedParameters: 0 0 0

#Transform 23
Transform: AffineTransform_float_3_3
Parameters: 1 0.000215132 0.000486942 -0.000214868 1 -0.000270105 -0.000487058 0.000270895 1 -0.0193532 0.0195001 0.0762838
FixedParameters: 0 0 0

#Transform 24
Transform: AffineTransform_float_3_3
Parameters: 1 0.000215046 0.000129923 -0.000214954 1 -0.000356028 -0.000130077 0.000355972 1 -0.0270212 0.0278073 0.0182043
FixedParameters: 0 0 0

#Transform 25
Transform: AffineTransform_float_3_3
Parameters: 1 0.000215018 0.000236984 -0.000214982 1 -7.60509e-05 -0.000237016 7.5949e-05 1 -0.0377531 0.0198548 -0.0995453
FixedParameters: 0 0 0

#Transform 26
Transform: AffineTransform_float_3_3
Parameters: 1 0.000214655 0.00020636 -0.000215344 0.999998 0.00167395 -0.00020564 -0.00167304 0.999998 -0.0374783 -0.012385 0.136896
FixedParameters: 0 0 0

#Transform 27
Transform: AffineTransform_float_3_3
Parameters: 1 0.000215165 -0.00015377 -0.000214835 1 0.00106903 0.00015423 -0.00106897 1 0.0246612 0.0389178 0.0656824
FixedParameters: 0 0 0

#Transform 28
Transform: AffineTransform_float_3_3
Parameters: 1 0.000214893 -0.000388059 -0.000215107 1 -0.000275917 0.000387941 0.000276083 1 0.0314787 -0.0204336 -0.0767018
FixedParameters: 0 0 0

#Transform 29
Transform: AffineTransform_float_3_3
Parameters: 1 0.000214909 -0.000186105 -0.000215091 1 -0.00048996 0.000185895 0.00049004 1 0.0244397 -0.0264438 -0.0306625
FixedParameters: 0 0 0

#Transform 30
Transform: AffineTransform_float_3_3
Parameters: 1 0.000534809 -0.000168607 -0.000534191 0.999999 -0.00113391 0.000168394 0.00113409 1 0.00966003 0.00114502 0.0406136
FixedParameters: 0 0 0

#Transform 31
Transform: AffineTransform_float_3_3
Parameters: 1 0.000214878 -0.000199131 -0.000215122 1 -0.000611957 0.000198868 0.000612043 1 0.0243529 0.0566395 -0.0418333
FixedParameters: 0 0 0

#Transform 32
Transform: AffineTransform_float_3_3
Parameters: 1 -0.000488996 -5.80313e-05 0.000489004 1 6.39716e-05 5.79687e-05 -6.40283e-05 1 0.0581929 0.0509971 -0.0387194
FixedParameters: 0 0 0

#Transform 33
Transform: AffineTransform_float_3_3
Parameters: 1 -0.000125041 -5.79112e-05 0.000124959 0.999999 -0.000710007 5.80887e-05 0.000709992 0.999999 0.0583978 -0.0133648 -0.0931477
FixedParameters: 0 0 0

#Transform 34
Transform: AffineTransform_float_3_3
Parameters: 1 -0.000914215 0.000512616 0.000914784 0.999999 0.000420469 -0.000513384 -0.000419531 1 0.0827294 -0.0179853 -0.0238068
FixedParameters: 0 0 0

#Transform 35
Transform: AffineTransform_float_3_3
Parameters: 1 -0.000196972 0.000287019 0.000197028 1 -9.89434e-05 -0.00028698 9.90565e-05 1 0.000774186 0.0283963 0.0498825
FixedParameters: 0 0 0

#Transform 36
Transform: AffineTransform_float_3_3
Parameters: 1 -0.000111962 -0.00021802 0.000112038 1 0.000174976 0.00021798 -0.000175024 1 0.02346 -0.120445 -0.0719094
FixedParameters: 0 0 0

#Transform 37
Transform: AffineTransform_float_3_3
Parameters: 0.999999 0.000805523 -0.000463829 -0.000805477 0.999999 -0.00102863 0.000463172 0.00102837 1 -0.136053 -0.159238 0.59597
FixedParameters: 0 0 0

#Transform 38
Transform: AffineTransform_float_3_3
Parameters: 1 -0.000229838 -0.00028754 0.000228159 0.999979 -0.00637706 0.000289461 0.00637793 0.999979 0.00360812 0.135098 0.108511
FixedParameters: 0 0 0

#Transform 39
Transform: AffineTransform_float_3_3
Parameters: 0.999999 -0.00120684 -0.000326919 0.00120616 0.999996 -0.0025544 0.000330083 0.0025546 0.999996 0.12408 -0.0198227 -0.565381
FixedParameters: 0 0 0

#Transform 40
Transform: AffineTransform_float_3_3
Parameters: 0.999999 -0.000782292 -0.00056537 0.000783706 0.999995 0.00302556 0.000562631 -0.00302644 0.999996 0.0531085 -0.148874 -0.225304
FixedParameters: 0 0 0

#Transform 41
Transform: AffineTransform_float_3_3
Parameters: 1 -0.000531227 -0.000298596 0.000530772 0.999999 -0.000761158 0.000299404 0.000760841 0.999999 0.0180974 -0.0255284 0.0371612
FixedParameters: 0 0 0

#Transform 42
Transform: AffineTransform_float_3_3
Parameters: 0.999999 -3.59322e-05 -0.000827002 3.60678e-05 1 8.19702e-05 0.000826996 -8.20297e-05 0.999999 -0.016354 0.104224 0.120925
FixedParameters: 0 0 0

#Transform 43
Transform: AffineTransform_float_3_3
Parameters: 0.999999 -3.5209e-05 -0.000905031 3.67909e-05 0.999999 0.000873967 0.000904968 -0.000874032 0.999999 -0.0320584 0.0700521 -0.0997042
FixedParameters: 0 0 0

#Transform 44
Transform: AffineTransform_float_3_3
Parameters: 0.999999 2.29213e-05 -0.000904977 -2.20787e-05 1 0.00101802 0.000905023 -0.00101798 0.999999 -0.0463951 -0.0608753 0.0319682
FixedParameters: 0 0 0

#Transform 45
Transform: AffineTransform_float_3_3
Parameters: 0.999999 -3.54965e-05 -0.00133201 3.65035e-05 1 0.000377952 0.00133199 -0.000378048 0.999999 0.00810705 0.00630567 -0.000140785
FixedParameters: 0 0 0

#Transform 46
Transform: AffineTransform_float_3_3
Parameters: 0.999998 0.000415924 -0.00184279 -0.000415076 1 0.000501766 0.00184321 -0.000501234 0.999998 -0.0736156 0.00785195 -0.106368
FixedParameters: 0 0 0

#Transform 47
Transform: AffineTransform_float_3_3
Parameters: 0.999995 0.000938408 -0.00294228 -0.00093359 0.999998 0.00183976 0.00294372 -0.00183625 0.999994 -0.129081 0.0541951 0.0775355
FixedParameters: 0 0 0

#Transform 48
Transform: AffineTransform_float_3_3
Parameters: 0.999994 0.000442207 -0.00325757 -0.000438796 1 0.000984435 0.00325743 -0.000983565 0.999994 -0.0698047 0.0483859 0.141866
FixedParameters: 0 0 0

#Transform 49
Transform: AffineTransform_float_3_3
Parameters: 0.999995 -0.000144789 -0.0031282 0.000148213 0.999999 0.00134654 0.0031278 -0.00134646 0.999994 -0.0675957 0.0147616 0.0806301
FixedParameters: 0 0 0

#Transform 50
Transform: AffineTransform_float_3_3
Parameters: 0.999995 0.0002679 -0.0031075 -0.000262101 0.999998 0.00189882 0.0031075 -0.00189818 0.999994 -0.0868301 0.0386001 0.163502
FixedParameters: 0 0 0

#Transform 51
Transform: AffineTransform_float_3_3
Parameters: 0.999996 0.000260691 -0.00261513 -0.000262309 1 -0.000500316 0.00261487 0.000500684 0.999997 0.00795293 -0.0522651 -0.022512
FixedParameters: 0 0 0

#Transform 52
Transform: AffineTransform_float_3_3
Parameters: 0.999997 -3.02134e-05 -0.00263198 2.77864e-05 0.999999 -0.000841076 0.00263203 0.000840923 0.999996 0.0495911 -0.0259748 -0.0566666
FixedParameters: 0 0 0

#Transform 53
Transform: AffineTransform_float_3_3
Parameters: 0.999996 -0.000162709 -0.00274914 0.000165292 0.999999 0.000833548 0.00274886 -0.00083345 0.999996 -0.0380711 -0.0354221 0.12623
FixedParameters: 0 0 0

#Transform 54
Transform: AffineTransform_float_3_3
Parameters: 0.999994 -0.000614747 -0.00319043 0.000617252 0.999999 0.000705034 0.00318956 -0.000706964 0.999994 -0.0461864 0.0898271 0.11775
FixedParameters: 0 0 0

#Transform 55
Transform: AffineTransform_float_3_3
Parameters: 0.999996 -8.30319e-05 -0.00307203 8.39673e-05 1 0.000314744 0.00307198 -0.000315257 0.999995 0.0062124 -0.0197977 0.0475612
FixedParameters: 0 0 0

#Transform 56
Transform: AffineTransform_float_3_3
Parameters: 0.999996 -0.000431875 -0.00275218 0.000433124 1 0.00040781 0.00275282 -0.00040919 0.999996 0.0168762 0.00386228 0.0931052
FixedParameters: 0 0 0

#Transform 57
Transform: AffineTransform_float_3_3
Parameters: 0.999996 -0.000430527 -0.00256942 0.000433472 1 0.00096189 0.00256858 -0.00096311 0.999996 -0.000972789 0.0314866 0.0165431
FixedParameters: 0 0 0

#Transform 58
Transform: AffineTransform_float_3_3
Parameters: 0.999998 -0.00011794 -0.001665 0.00011806 1 3.58035e-05 0.00166499 -3.61964e-05 0.999998 0.0196689 -0.0492942 0.151355
FixedParameters: 0 0 0

#Transform 59
Transform: AffineTransform_float_3_3
Parameters: 0.999999 -0.000558485 -0.000522483 0.000557515 1 -0.000927292 0.000523517 0.000926709 1 0.016226 -0.00557983 0.301281
FixedParameters: 0 0 0

#Transform 60
Transform: AffineTransform_float_3_3
Parameters: 1 -0.00104397 3.09051e-05 0.00104403 0.999999 -0.000866968 -2.90948e-05 0.000867031 0.999999 0.0288902 -0.0801097 0.274056
FixedParameters: 0 0 0

#Transform 61
Transform: AffineTransform_float_3_3
Parameters: 0.999994 0.0011549 -0.00323111 -0.0011581 0.999999 -0.000959264 0.00322989 0.000962736 0.999995 -0.00692559 -0.0649303 -0.030271
FixedParameters: 0 0 0

#Transform 62
Transform: AffineTransform_float_3_3
Parameters: 0.999999 -0.000873335 -0.00107291 0.000871665 0.999999 -0.00124394 0.00107408 0.00124306 0.999998 0.141791 -0.148197 0.123915
FixedParameters: 0 0 0

#Transform 63
Transform: AffineTransform_float_3_3
Parameters: 0.999997 -0.00211323 -0.00107659 0.00211177 0.999997 -0.00114028 0.00107841 0.00113872 0.999999 0.103509 -0.0865582 0.151018
FixedParameters: 0 0 0

#Transform 64
Transform: AffineTransform_float_3_3
Parameters: 0.999996 -0.000730983 -0.00275921 0.000728017 0.999999 -0.00108201 0.00275979 0.00107999 0.999995 -0.0250485 -0.0328685 -0.0747337
FixedParameters: 0 0 0

#Transform 65
Transform: AffineTransform_float_3_3
Parameters: 0.999998 -0.00109091 -0.00191535 0.00108809 0.999999 -0.00151909 0.00191765 0.00151691 0.999997 0.0822674 -0.0401554 -0.0977337
FixedParameters: 0 0 0

#Transform 66
Transform: AffineTransform_float_3_3
Parameters: 0.999998 -0.0006384 -0.00151325 0.000639599 0.999999 0.000396032 0.00151275 -0.000396966 0.999999 0.0187704 -0.0259987 0.283017
FixedParameters: 0 0 0

#Transform 67
Transform: AffineTransform_float_3_3
Parameters: 0.999998 -0.000869182 -0.00172791 0.000869819 0.999999 -0.000105503 0.00172809 0.000104498 0.999998 -0.0144684 0.00109244 0.285962
FixedParameters: 0 0 0

#Transform 68
Transform: AffineTransform_float_3_3
Parameters: 0.999995 -0.000871488 -0.00282423 0.00086951 0.999999 -0.000882459 0.00282576 0.000879541 0.999995 -0.0193136 -0.0478424 -0.0613678
FixedParameters: 0 0 0

#Transform 69
Transform: AffineTransform_float_3_3
Parameters: 0.999997 -0.00128402 -0.00200771 0.00128198 0.999998 -0.00100458 0.00200929 0.00100242 0.999998 0.103414 0.0452813 -0.0957894
FixedParameters: 0 0 0

#Transform 70
Transform: AffineTransform_float_3_3
Parameters: 0.999997 -0.0011856 -0.00243771 0.0011854 1 -0.000247891 0.00243829 0.00024511 0.999997 0.101377 -0.0549069 -0.0214138
FixedParameters: 0 0 0

#Transform 71
Transform: AffineTransform_float_3_3
Parameters: 0.999996 -0.000250429 -0.00273487 0.000249569 1 -0.000523684 0.00273513 0.000522317 0.999996 -0.00249784 0.0157338 0.0317654
FixedParameters: 0 0 0

#Transform 72
Transform: AffineTransform_float_3_3
Parameters: 0.999996 -0.000971963 -0.00259564 0.000971037 1 -0.000372522 0.00259636 0.000369478 0.999996 0.0320859 0.0782924 0.0266414
FixedParameters: 0 0 0

#Transform 73
Transform: AffineTransform_float_3_3
Parameters: 0.999997 -0.000569792 -0.00206233 0.000571207 0.999999 0.000584823 0.00206266 -0.000586176 0.999997 0.0388614 0.0112181 -0.0437253
FixedParameters: 0 0 0

#Transform 74
Transform: AffineTransform_float_3_3
Parameters: 0.999997 -0.000418213 -0.00215654 0.000420788 0.999999 0.0012921 0.00215646 -0.0012929 0.999997 0.0311018 0.0173336 -0.0411003
FixedParameters: 0 0 0

#Transform 75
Transform: AffineTransform_float_3_3
Parameters: 0.999996 0.0003492 -0.00284098 -0.0003488 1 7.09912e-05 0.00284102 -7.00082e-05 0.999996 -0.0234571 -0.0255467 -0.00404197
FixedParameters: 0 0 0

#Transform 76
Transform: AffineTransform_float_3_3
Parameters: 0.999993 0.000119294 -0.00371312 -0.000122705 1 -0.000997551 0.00371288 0.00099845 0.999992 -0.0817603 -0.0456444 0.0106763
FixedParameters: 0 0 0

#Transform 77
Transform: AffineTransform_float_3_3
Parameters: 0.999992 0.00129535 -0.00358468 -0.00129965 0.999999 -0.00129435 0.00358232 0.00129965 0.999992 -0.104113 -0.0792987 -0.134998
FixedParameters: 0 0 0

#Transform 78
Transform: AffineTransform_float_3_3
Parameters: 0.999993 -0.000222584 -0.00373073 0.000218417 0.999999 -0.00122882 0.00373127 0.00122818 0.999993 -0.00227066 -0.00452342 0.0766416
FixedParameters: 0 0 0

#Transform 79
Transform: AffineTransform_float_3_3
Parameters: 0.99999 -0.000837996 -0.00440438 0.000840004 0.999999 0.000453305 0.00440362 -0.000456695 0.99999 -0.0189108 0.0663186 0.118382
FixedParameters: 0 0 0

#Transform 80
Transform: AffineTransform_float_3_3
Parameters: 0.999987 -0.00131853 -0.00491513 0.00131847 0.999999 9.25208e-05 0.00491487 -9.94817e-05 0.999988 -0.0435044 -0.0187244 0.00506169
FixedParameters: 0 0 0

#Transform 81
Transform: AffineTransform_float_3_3
Parameters: 0.999991 -0.00131724 -0.00419356 0.00131876 0.999999 0.000417474 0.00419345 -0.000422528 0.999991 -0.0222598 -0.0117035 0.125142
FixedParameters: 0 0 0

#Transform 82
Transform: AffineTransform_float_3_3
Parameters: 0.999991 -0.00122318 -0.00401895 0.00122282 1 -4.69149e-05 0.00401905 4.20844e-05 0.999992 0.031596 -0.0159535 0.115007
FixedParameters: 0 0 0

#Transform 83
Transform: AffineTransform_float_3_3
Parameters: 0.999989 -0.00140781 -0.00446406 0.0014082 0.999999 4.07142e-05 0.00446394 -4.62849e-05 0.99999 0.0522544 0.0251588 0.0416236
FixedParameters: 0 0 0

#Transform 84
Transform: AffineTransform_float_3_3
Parameters: 0.999992 -0.00128544 -0.00394318 0.00128656 0.999999 0.000138928 0.00394282 -0.00014407 0.999992 0.0291398 -0.00355855 0.0479599
FixedParameters: 0 0 0

#Transform 85
Transform: AffineTransform_float_3_3
Parameters: 0.999993 -0.00154112 -0.00356538 0.00154188 0.999999 0.000243504 0.00356562 -0.000248497 0.999993 0.0578998 -0.0580288 0.061411
FixedParameters: 0 0 0

#Transform 86
Transform: AffineTransform_float_3_3
Parameters: 0.999991 -0.00147236 -0.00381363 0.00147464 0.999999 0.00042638 0.00381336 -0.000432618 0.999992 0.055274 0.00595842 0.0349478
FixedParameters: 0 0 0

#Transform 87
Transform: AffineTransform_float_3_3
Parameters: 0.999992 -0.00150709 -0.00356296 0.00150691 0.999999 -2.63693e-05 0.00356303 2.16303e-05 0.999993 0.0803198 0.0742046 0.0460991
FixedParameters: 0 0 0

#Transform 88
Transform: AffineTransform_float_3_3
Parameters: 0.999994 -0.00151073 -0.00319265 0.00151026 0.999999 -0.000232823 0.00319235 0.000227179 0.999995 0.0680793 -0.0456975 0.0719682
FixedParameters: 0 0 0

#Transform 89
Transform: AffineTransform_float_3_3
Parameters: 0.999994 -0.00156617 -0.00284391 0.00156683 0.999999 -6.04562e-05 0.00284309 5.65475e-05 0.999996 0.105444 0.0134121 0.0793143
FixedParameters: 0 0 0

#Transform 90
Transform: AffineTransform_float_3_3
Parameters: 0.999994 -0.00083474 -0.00356353 0.000837262 1 0.000633021 0.00356347 -0.000635979 0.999993 0.0892278 0.0262289 0.0831451
FixedParameters: 0 0 0

#Transform 91
Transform: AffineTransform_float_3_3
Parameters: 0.999992 -0.000897553 -0.00371132 0.000903444 0.999998 0.00146566 0.00370968 -0.00146934 0.999992 0.0394972 -0.00294064 0.0945253
FixedParameters: 0 0 0

#Transform 92
Transform: AffineTransform_float_3_3
Parameters: 0.999998 -0.000380788 -0.00187884 0.000380212 1 -0.000419715 0.00187916 0.000419285 0.999998 0.0227106 0.128428 0.232426
FixedParameters: 0 0 0

#Transform 93
Transform: AffineTransform_float_3_3
Parameters: 0.999997 -0.00080058 -0.00253213 0.000801421 0.999999 0.000164971 0.00253287 -0.000167028 0.999997 0.0414865 0.0393377 0.238909
FixedParameters: 0 0 0

#Transform 94
Transform: AffineTransform_float_3_3
Parameters: 0.999992 -0.000981496 -0.00381364 0.000984507 1 0.00065525 0.00381335 -0.000658748 0.999992 0.0221906 -0.0154901 0.0384467
FixedParameters: 0 0 0

#Transform 95
Transform: AffineTransform_float_3_3
Parameters: 0.999992 -0.000805153 -0.00378775 0.000803846 0.999999 -0.000306047 0.00378824 0.000302952 0.999993 0.0153826 -0.166487 0.0497639
FixedParameters: 0 0 0

#Transform 96
Transform: AffineTransform_float_3_3
Parameters: 0.999997 -0.000864228 -0.0019479 0.000864772 0.999999 -0.000117685 0.0019481 0.000116317 0.999998 0.0378194 -0.0446893 0.180994
FixedParameters: 0 0 0

#Transform 97
Transform: AffineTransform_float_3_3
Parameters: 0.999993 -0.000792945 -0.00350778 0.000792054 0.999999 -0.00027078 0.00350821 0.00026822 0.999994 0.0215233 0.135298 0.064577
FixedParameters: 0 0 0

#Transform 98
Transform: AffineTransform_float_3_3
Parameters: 0.999992 -0.00139508 -0.00356375 0.00139692 0.999999 0.000537025 0.00356324 -0.000541975 0.999993 0.0312346 0.0214074 0.0614787
FixedParameters: 0 0 0

#Transform 99
Transform: AffineTransform_float_3_3
Parameters: 0.999999 -0.00115709 -0.00140045 0.00115391 0.999997 -0.00220362 0.00140354 0.00220138 0.999996 0.0729004 -0.0971706 -0.409167
FixedParameters: 0 0 0

#Transform 100
Transform: AffineTransform_float_3_3
Parameters: 0.999999 -0.000813715 -0.00164265 0.000813284 0.999999 -0.000436337 0.00164336 0.000434664 0.999999 0.00622633 -0.101509 0.134851
FixedParameters: 0 0 0

#Transform 101
Transform: AffineTransform_float_3_3
Parameters: 0.999999 -0.000117888 -0.00184707 0.000119112 1 0.000601781 0.00184693 -0.000602219 0.999998 -0.0140706 0.0335369 0.366458
FixedParameters: 0 0 0

#Transform 102
Transform: AffineTransform_float_3_3
Parameters: 0.999992 -0.000128658 -0.00381768 0.000119343 0.999997 -0.00252947 0.00381831 0.00252953 0.999989 -0.109332 -0.164971 -0.0683411
FixedParameters: 0 0 0

#Transform 103
Transform: AffineTransform_float_3_3
Parameters: 0.999992 0.00029095 -0.00379755 -0.000298048 0.999998 -0.00185588 0.00379645 0.00185712 0.999991 -0.0170798 -0.049044 0.182326
FixedParameters: 0 0 0

#Transform 104
Transform: AffineTransform_float_3_3
Parameters: 0.999989 -0.00135236 -0.00453019 0.00135264 0.999999 0.000137874 0.00452981 -0.000144128 0.999989 0.0626953 0.104209 0.111132
FixedParameters: 0 0 0

#Transform 105
Transform: AffineTransform_float_3_3
Parameters: 0.999992 -0.00100027 -0.00383498 0.00100373 0.999999 0.000971159 0.00383403 -0.000974843 0.999992 0.0459352 -0.0338436 -0.0741568
FixedParameters: 0 0 0

#Transform 106
Transform: AffineTransform_float_3_3
Parameters: 0.999989 -0.00109196 -0.00444825 0.00109304 1 0.00023214 0.00444774 -0.000236859 0.99999 0.0904129 0.0108611 0.0361293
FixedParameters: 0 0 0

#Transform 107
Transform: AffineTransform_float_3_3
Parameters: 0.999989 -0.00139705 -0.00437762 0.00139895 0.999999 0.000442881 0.00437738 -0.00044912 0.999991 0.0459759 0.0440169 0.0517898
FixedParameters: 0 0 0

#Transform 108
Transform: AffineTransform_float_3_3
Parameters: 0.99999 -0.00110997 -0.00438726 0.00111103 1 0.000232128 0.00438674 -0.000236872 0.999991 0.0375119 -0.0358153 -0.00799937
FixedParameters: 0 0 0

#Transform 109
Transform: AffineTransform_float_3_3
Parameters: 0.999989 -0.00109007 -0.00469152 0.00108793 1 -0.000444109 0.00469248 0.00043889 0.999989 0.0261041 0.0136314 -0.014617
FixedParameters: 0 0 0

#Transform 110
Transform: AffineTransform_float_3_3
Parameters: 0.999988 -0.00106419 -0.00482552 0.00106281 1 -0.000456134 0.00482548 0.000450871 0.999989 0.0102748 -0.0214522 -0.0103497
FixedParameters: 0 0 0

#Transform 111
Transform: AffineTransform_float_3_3
Parameters: 0.999988 -0.000420008 -0.00475173 0.000416992 0.999999 -0.000633988 0.00475226 0.000632011 0.999988 -0.0395782 0.0598845 0.0246877
FixedParameters: 0 0 0

#Transform 112
Transform: AffineTransform_float_3_3
Parameters: 0.999985 -9.88982e-05 -0.00557606 0.000102104 1 0.000556439 0.00557595 -0.00055656 0.999985 -0.0608586 0.0350705 0.0168911
FixedParameters: 0 0 0

#Transform 113
Transform: AffineTransform_float_3_3
Parameters: 0.999981 8.32086e-06 -0.00615 -9.68495e-06 1 -0.000273946 0.00615 0.000273056 0.999981 -0.0376311 0.0663971 -0.063249
FixedParameters: 0 0 0

#Transform 114
Transform: AffineTransform_float_3_3
Parameters: 0.999975 -0.000243321 -0.00715963 0.000232681 0.999998 -0.00158171 0.00716038 0.0015803 0.999973 -0.0783434 0.0456725 -0.0615137
FixedParameters: 0 0 0

#Transform 115
Transform: AffineTransform_float_3_3
Parameters: 0.999975 -0.000227297 -0.00716015 0.000232705 1 0.000656351 0.00715985 -0.000657644 0.999974 -0.142253 0.0636715 0.0697121
FixedParameters: 0 0 0

#Transform 116
Transform: AffineTransform_float_3_3
Parameters: 0.999975 -0.00104738 -0.00702699 0.00105362 0.999999 0.00093862 0.00702601 -0.000946383 0.999975 -0.0415737 0.016653 0.0833683
FixedParameters: 0 0 0

#Transform 117
Transform: AffineTransform_float_3_3
Parameters: 0.999971 -0.000677233 -0.00766843 0.000682765 0.999999 0.000618783 0.00766858 -0.000624212 0.999971 -0.0089158 -0.0502027 -0.011607
FixedParameters: 0 0 0

#Transform 118
Transform: AffineTransform_float_3_3
Parameters: 0.999971 -0.00106177 -0.00744303 0.00106223 1 2.70946e-05 0.00744297 -3.49037e-05 0.999973 -0.0256979 -0.0325669 0.105779
FixedParameters: 0 0 0

#Transform 119
Transform: AffineTransform_float_3_3
Parameters: 0.999974 -0.00108599 -0.00714324 0.00108101 0.999999 -0.000701741 0.00714376 0.00069426 0.999974 0.0254074 0.0184698 0.10543
FixedParameters: 0 0 0
