#Insight Transform File V1.0
#Transform 0
Transform: AffineTransform_float_3_3
Parameters: 0.999999 0.00038436 -0.000889844 -0.00038364 1 0.000404341 0.000890155 -0.000404658 0.999999 -0.0187651 0.00419507 0.170892
FixedParameters: 0 0 0

#Transform 1
Transform: AffineTransform_float_3_3
Parameters: 1 0.000444705 0.000442296 -0.000445295 0.999999 0.000665803 -0.000442703 -0.000666197 0.999999 0.015039 -0.0147921 -0.168239
FixedParameters: 0 0 0

#Transform 2
Transform: AffineTransform_float_3_3
Parameters: 1 0.000412762 0.000373262 -0.000413237 0.999999 0.000635845 -0.000372737 -0.000636154 0.999999 0.0160729 -0.0089697 -0.114225
FixedParameters: 0 0 0

#Transform 3
Transform: AffineTransform_float_3_3
Parameters: 1 0.000259979 2.52116e-05 -0.00026002 0.999999 0.000813993 -2.47883e-05 -0.000814006 0.999999 0.0299828 -0.0306206 -0.113885
FixedParameters: 0 0 0

#Transform 4
Transform: AffineTransform_float_3_3
Parameters: 1 0.000499873 0.000183345 -0.000500126 0.999999 0.000689908 -0.000182655 -0.000690091 0.999999 0.00407668 -0.0718119 -0.152928
FixedParameters: 0 0 0

#Transform 5
Transform: AffineTransform_float_3_3
Parameters: 1 0.000247996 1.20801e-05 -0.000248004 1 0.000322997 -1.19199e-05 -0.000323003 1 0.0191152 -0.064146 -0.118139
FixedParameters: 0 0 0

#Transform 6
Transform: AffineTransform_float_3_3
Parameters: 1 0.000562999 -0.000179001 -0.000563 1 -1.89922e-06 0.000178999 2.10078e-06 1 0.00252839 -0.0354825 0.13814
FixedParameters: 0 0 0

#Transform 7
Transform: AffineTransform_float_3_3
Parameters: 1 5.39627e-05 -0.000504004 -5.40373e-05 1 -7.39728e-05 0.000503996 7.40272e-05 1 0.0218352 0.0120369 0.135423
FixedParameters: 0 0 0

#Transform 8
Transform: AffineTransform_float_3_3
Parameters: 1 0.000232025 -0.000542989 -0.000231975 1 4.6126e-05 0.000543011 -4.6874e-05 1 0.0135464 0.0314365 0.141121
FixedParameters: 0 0 0

#Transform 9
Transform: AffineTransform_float_3_3
Parameters: 1 0.000236963 -0.000541016 -0.000237037 1 -6.78718e-05 0.000540984 6.81282e-05 1 -0.0273323 0.0699106 0.187512
FixedParameters: 0 0 0

#Transform 10
Transform: AffineTransform_float_3_3
Parameters: 1 0.000269156 -0.000414899 -0.000268845 1 0.000375111 0.000414101 -0.000374888 1 0.0103694 0.0468071 0.207871
FixedParameters: 0 0 0

#Transform 11
Transform: AffineTransform_float_3_3
Parameters: 1 0.000418987 8.80595e-05 -0.000419012 1 0.000141963 -8.79405e-05 -0.000142037 1 -0.0203434 0.00716362 -0.142357
FixedParameters: 0 0 0

#Transform 12
Transform: AffineTransform_float_3_3
Parameters: 1 0.00053796 0.000159135 -0.00053704 1 0.000250915 -0.000158865 -0.000251085 1 0.0174057 0.0387461 -0.103078
FixedParameters: 0 0 0

#Transform 13
Transform: AffineTransform_float_3_3
Parameters: 1 -3.60642e-05 0.000588996 3.59358e-05 1 0.000109021 -0.000589004 -0.000108979 1 0.00324071 -0.0679511 0.137214
FixedParameters: 0 0 0

#Transform 14
Transform: AffineTransform_float_3_3
Parameters: 1 0.000280959 0.00019206 -0.000281041 1 0.000211946 -0.00019194 -0.000212054 1 0.0278576 0.0327035 -0.0805707
FixedParameters: 0 0 0

#Transform 15
Transform: AffineTransform_float_3_3
Parameters: 1 0.000162915 0.000622022 -0.000163085 1 0.000135899 -0.000621978 -0.000136101 1 0.00217239 0.0129527 -0.142095
FixedParameters: 0 0 0

#Transform 16
Transform: AffineTransform_float_3_3
Parameters: 1 0.00014199 0.000120012 -0.00014201 1 8.4983e-05 -0.000119988 -8.5017e-05 1 0.0363929 0.00163019 -0.0938352
FixedParameters: 0 0 0

#Transform 17
Transform: AffineTransform_float_3_3
Parameters: 1 0.00032129 0.000530824 -0.00032171 1 -0.000546171 -0.000531176 0.000546829 0.999999 -0.0157703 0.0127169 -0.183714
FixedParameters: 0 0 0

#Transform 18
Transform: AffineTransform_float_3_3
Parameters: 1 0.000301066 0.000183892 -0.000300934 1 -0.000359055 -0.000184108 0.000358945 1 0.0301683 -0.00692892 -0.0981067
FixedParameters: 0 0 0

#Transform 19
Transform: AffineTransform_float_3_3
Parameters: 1 0.000298126 0.000545931 -0.000297874 1 -0.000231163 -0.000546069 0.000230837 1 -0.00101385 -0.00570275 -0.11087
FixedParameters: 0 0 0

#Transform 20
Transform: AffineTransform_float_3_3
Parameters: 1 5.40894e-05 0.00011996 -5.39106e-05 0.999999 -0.000745006 -0.00012004 0.000744993 0.999999 0.000407087 -0.0107691 -0.0979692
FixedParameters: 0 0 0

#Transform 21
Transform: AffineTransform_float_3_3
Parameters: 1 0.000241041 0.000119917 -0.000240958 1 -0.000346029 -0.000120083 0.000345971 1 0.00685235 0.0210715 -0.105286
FixedParameters: 0 0 0

#Transform 22
Transform: AffineTransform_float_3_3
Parameters: 1 0.000135992 0.000120009 -0.000136008 1 6.79837e-05 -0.000119991 -6.80163e-05 1 0.00495237 -0.0555329 -0.0842541
FixedParameters: 0 0 0

#Transform 23
Transform: AffineTransform_float_3_3
Parameters: 1 0.000240006 1.28889e-05 -0.000239994 1 -0.000463003 -1.31111e-05 0.000462997 1 0.00206814 -0.000280944 -0.0916482
FixedParameters: 0 0 0

#Transform 24
Transform: AffineTransform_float_3_3
Parameters: 1 0.000239888 -0.000242111 -0.000240112 1 -0.000462942 0.000241889 0.000462058 1 -0.00727376 0.0218566 0.0717893
FixedParameters: 0 0 0

#Transform 25
Transform: AffineTransform_float_3_3
Parameters: 1 6.98578e-05 -0.000235042 -7.01421e-05 1 -0.000604983 0.000234958 0.000605016 1 0.0160154 -0.056712 0.0516348
FixedParameters: 0 0 0

#Transform 26
Transform: AffineTransform_float_3_3
Parameters: 1 0.000111904 -0.000326033 -0.000112096 1 -0.000293963 0.000325967 0.000294036 1 -0.00283003 0.047839 0.0797126
FixedParameters: 0 0 0

#Transform 27
Transform: AffineTransform_float_3_3
Parameters: 1 4.39602e-05 -0.000326005 -4.40398e-05 1 -0.000121986 0.000325995 0.000122014 1 0.0128732 0.0433313 0.106303
FixedParameters: 0 0 0

#Transform 28
Transform: AffineTransform_float_3_3
Parameters: 1 3.10707e-05 -0.000325993 -3.09293e-05 1 0.00021701 0.000326007 -0.00021699 1 0.00644131 0.080526 0.111385
FixedParameters: 0 0 0

#Transform 29
Transform: AffineTransform_float_3_3
Parameters: 1 0.000183081 -0.000325955 -0.000182919 1 0.00024806 0.000326045 -0.00024794 1 0.0213444 0.134908 0.116482
FixedParameters: 0 0 0

#Transform 30
Transform: AffineTransform_float_3_3
Parameters: 1 0.000240046 -0.000431974 -0.000239954 1 0.000106104 0.000432025 -0.000105896 1 0.00641353 0.0495449 0.163783
FixedParameters: 0 0 0

#Transform 31
Transform: AffineTransform_float_3_3
Parameters: 1 -0.000370886 -0.000326129 0.000371113 1 0.000347879 0.000325871 -0.000348121 1 0.0391306 -0.021446 0.118388
FixedParameters: 0 0 0

#Transform 32
Transform: AffineTransform_float_3_3
Parameters: 1 -0.000199158 0.000305897 0.000198841 1 0.000518061 -0.000306103 -0.000517939 1 0.0418453 -0.0372226 -0.122635
FixedParameters: 0 0 0

#Transform 33
Transform: AffineTransform_float_3_3
Parameters: 1 -0.000199043 0.000265968 0.000198957 1 0.000161053 -0.000266032 -0.000160947 1 0.054744 -0.113831 -0.112074
FixedParameters: 0 0 0

#Transform 34
Transform: AffineTransform_float_3_3
Parameters: 1 -0.000199034 0.000100932 0.000198966 1 0.00034002 -0.000101068 -0.00033998 1 0.053171 -0.0361055 -0.120959
FixedParameters: 0 0 0

#Transform 35
Transform: AffineTransform_float_3_3
Parameters: 1 -0.000199013 0.000100974 0.000198987 1 0.00013002 -0.000101026 -0.00012998 1 0.0449354 0.105632 -0.104355
FixedParameters: 0 0 0

#Transform 36
Transform: AffineTransform_float_3_3
Parameters: 1 -0.000198932 -7.119e-05 0.000199069 0.999999 0.000954985 7.18099e-05 -0.000955013 0.999999 0.0220274 0.0985022 0.177453
FixedParameters: 0 0 0

#Transform 37
Transform: AffineTransform_float_3_3
Parameters: 1 0.000260287 -0.000361794 -0.000259713 0.999999 0.000793093 0.000362206 -0.000792905 0.999999 0.0232725 -0.012301 0.178861
FixedParameters: 0 0 0

#Transform 38
Transform: AffineTransform_float_3_3
Parameters: 0.999999 -0.00100514 -0.000765137 0.00100686 0.999999 0.00113023 0.000763862 -0.00113177 0.999999 0.079339 0.0289496 0.244217
FixedParameters: 0 0 0

#Transform 39
Transform: AffineTransform_float_3_3
Parameters: 1 -0.000245089 6.36599e-05 0.000244911 0.999999 0.00138802 -6.434e-05 -0.00138798 0.999999 0.0290466 -0.08729 0.23218
FixedParameters: 0 0 0

#Transform 40
Transform: AffineTransform_float_3_3
Parameters: 1 0.000425972 0.000519022 -0.000426027 1 5.27789e-05 -0.000518977 -5.32211e-05 1 0.0296761 0.073115 -0.169091
FixedParameters: 0 0 0

#Transform 41
Transform: AffineTransform_float_3_3
Parameters: 1 0.00026307 0.000361949 -0.00026293 1 -0.000193095 -0.000362051 0.000192905 1 0.0229391 0.0893618 -0.0830479
FixedParameters: 0 0 0

#Transform 42
Transform: AffineTransform_float_3_3
Parameters: 1 0.000427007 -1.07066e-05 -0.000426992 0.999999 0.000687004 1.12933e-05 -0.000686995 1 0.0141608 -0.0338111 0.170945
FixedParameters: 0 0 0

#Transform 43
Transform: AffineTransform_float_3_3
Parameters: 1 0.000494039 0.000461958 -0.000493961 1 -8.42282e-05 -0.000462041 8.37717e-05 1 0.0254445 0.027896 -0.17274
FixedParameters: 0 0 0

#Transform 44
Transform: AffineTransform_float_3_3
Parameters: 1 0.000468912 0.000397103 -0.000469088 1 0.000220814 -0.000396896 -0.000221186 1 0.0029632 0.0312206 -0.0663929
FixedParameters: 0 0 0

#Transform 45
Transform: AffineTransform_float_3_3
Parameters: 1 0.000587836 -0.000251384 -0.000588165 1 -0.000653853 0.000251615 0.000654148 1 -0.0279374 0.0880406 0.0896949
FixedParameters: 0 0 0

#Transform 46
Transform: AffineTransform_float_3_3
Parameters: 1 0.00058802 5.77912e-05 -0.000587979 1 -0.000355034 -5.82087e-05 0.000354966 1 -0.0164965 0.0449443 0.0348691
FixedParameters: 0 0 0

#Transform 47
Transform: AffineTransform_float_3_3
Parameters: 1 9.57422e-05 0.000312079 -9.62576e-05 0.999999 0.000825969 -0.00031192 -0.000826029 0.999999 0.0239268 -0.0468386 -0.125362
FixedParameters: 0 0 0

#Transform 48
Transform: AffineTransform_float_3_3
Parameters: 1 9.60298e-05 0.000381993 -9.59706e-05 1 -7.70367e-05 -0.000382007 7.79633e-05 1 0.0303732 0.0311015 -0.110942
FixedParameters: 0 0 0

#Transform 49
Transform: AffineTransform_float_3_3
Parameters: 1 0.00031839 0.000522373 -0.000318611 1 0.00116883 -0.000522628 -0.00116917 0.999999 0.0282177 0.00141556 0.112423
FixedParameters: 0 0 0

#Transform 50
Transform: AffineTransform_float_3_3
Parameters: 0.999999 0.000271821 0.000769063 -0.000272178 1 0.000231791 -0.000768936 -0.000232209 0.999999 0.0358925 0.0422033 -0.0347241
FixedParameters: 0 0 0

#Transform 51
Transform: AffineTransform_float_3_3
Parameters: 1 9.59731e-05 0.000611004 -9.60268e-05 1 4.39413e-05 -0.000610996 -4.40586e-05 1 0.045834 -0.0249865 -0.0857877
FixedParameters: 0 0 0

#Transform 52
Transform: AffineTransform_float_3_3
Parameters: 1 0.000320998 0.000320002 -0.000321002 1 6.89728e-06 -0.000319998 -7.10272e-06 1 0.0201696 0.00055576 -0.112694
FixedParameters: 0 0 0

#Transform 53
Transform: AffineTransform_float_3_3
Parameters: 1 0.00017822 0.000549928 -0.000178779 1 -0.000401098 -0.000550072 0.000400902 1 0.0352298 0.0178664 0.0692834
FixedParameters: 0 0 0

#Transform 54
Transform: AffineTransform_float_3_3
Parameters: 1 0.000389417 0.00084327 -0.000389582 0.999999 0.000690672 -0.000842732 -0.000691329 1 -0.00652155 0.00169828 -0.122295
FixedParameters: 0 0 0

#Transform 55
Transform: AffineTransform_float_3_3
Parameters: 1 0.000285852 0.000125339 -0.000286148 1 0.00118396 -0.000124661 -0.00118404 1 0.0373486 -0.0830791 0.215491
FixedParameters: 0 0 0

#Transform 56
Transform: AffineTransform_float_3_3
Parameters: 0.999999 9.61725e-05 0.00084998 -9.58274e-05 1 -0.000203081 -0.000850019 0.000202918 0.999999 0.0175834 0.00364534 -0.178051
FixedParameters: 0 0 0

#Transform 57
Transform: AffineTransform_float_3_3
Parameters: 0.999999 0.000316934 0.000738028 -0.000317066 1 8.9766e-05 -0.000737971 -8.92339e-05 0.999999 0.0182567 -0.0180458 -0.246163
FixedParameters: 0 0 0

#Transform 58
Transform: AffineTransform_float_3_3
Parameters: 0.999999 9.39642e-05 0.00145413 -9.60368e-05 0.999999 0.00139986 -0.00145487 -0.00140014 0.999998 0.0165464 -0.0778347 0.170127
FixedParameters: 0 0 0

#Transform 59
Transform: AffineTransform_float_3_3
Parameters: 1 9.59593e-05 0.000121032 -9.60406e-05 1 0.000335988 -0.000120968 -0.000336012 1 0.00773493 0.0501069 0.162921
FixedParameters: 0 0 0

#Transform 60
Transform: AffineTransform_float_3_3
Parameters: 1 9.56903e-05 0.000363082 -9.63096e-05 0.999999 0.000852964 -0.000362918 -0.000853034 0.999999 0.0290507 0.0560709 0.298396
FixedParameters: 0 0 0

#Transform 61
Transform: AffineTransform_float_3_3
Parameters: 1 9.58754e-05 0.000210057 -9.61245e-05 1 0.00059298 -0.000209943 -0.00059302 1 0.0199005 0.119049 0.270979
FixedParameters: 0 0 0

#Transform 62
Transform: AffineTransform_float_3_3
Parameters: 1 0.000588028 0.000927982 -0.000587972 1 -3.05456e-05 -0.000928017 2.94543e-05 0.999999 0.0111614 0.0941878 -0.170917
FixedParameters: 0 0 0

#Transform 63
Transform: AffineTransform_float_3_3
Parameters: 0.999999 0.000378048 0.000694974 -0.000377953 1 -6.82627e-05 -0.000695026 6.87372e-05 1 0.0236542 -0.0606068 -0.138585
FixedParameters: 0 0 0

#Transform 64
Transform: AffineTransform_float_3_3
Parameters: 0.999999 0.000105192 0.000885976 -0.000104808 1 -0.000217093 -0.000886022 0.000216907 0.999999 -0.010849 -0.04097 -0.122358
FixedParameters: 0 0 0

#Transform 65
Transform: AffineTransform_float_3_3
Parameters: 0.999999 5.16021e-05 0.000890023 -5.23978e-05 1 0.000446954 -0.000889977 -0.000447046 1 0.021789 -0.102421 -0.0472976
FixedParameters: 0 0 0

#Transform 66
Transform: AffineTransform_float_3_3
Parameters: 1 -0.000123992 0.000560002 0.000124008 1 -1.49306e-05 -0.000559998 1.50694e-05 1 -0.00771408 -0.027111 -0.0830463
FixedParameters: 0 0 0

#Transform 67
Transform: AffineTransform_float_3_3
Parameters: 1 -0.000237225 0.00103395 0.000236776 1 0.000217245 -0.00103405 -0.000217755 1 0.0372741 0.120891 -0.024543
FixedParameters: 0 0 0

#Transform 68
Transform: AffineTransform_float_3_3
Parameters: 1 5.92373e-06 0.000681 -6.07627e-06 1 0.000111996 -0.000680999 -0.000112004 1 -0.01441 0.0403568 -0.116712
FixedParameters: 0 0 0

#Transform 69
Transform: AffineTransform_float_3_3
Parameters: 0.999999 -2.58179e-05 0.000785006 2.51821e-05 1 -0.00023198 -0.000784994 0.00023202 0.999999 0.0248214 0.0595375 -0.108411
FixedParameters: 0 0 0

#Transform 70
Transform: AffineTransform_float_3_3
Parameters: 1 -0.000245478 0.00106612 0.000245524 1 -0.000490739 -0.00106688 0.000490262 1 0.00439914 0.0203444 -0.0954007
FixedParameters: 0 0 0

#Transform 71
Transform: AffineTransform_float_3_3
Parameters: 0.999999 0.000260909 0.000878026 -0.00026109 1 0.000102771 -0.000877972 -0.000103229 0.999999 0.033946 0.0335832 -0.139419
FixedParameters: 0 0 0

#Transform 72
Transform: AffineTransform_float_3_3
Parameters: 0.999999 0.000137905 0.000921013 -0.000138095 1 0.000102873 -0.000920985 -0.000103127 0.999999 -0.00186371 0.0486467 -0.135681
FixedParameters: 0 0 0

#Transform 73
Transform: AffineTransform_float_3_3
Parameters: 1 -2.61819e-05 0.000360987 2.5818e-05 1 0.000504009 -0.000361013 -0.00050399 1 0.0527185 0.00598066 0.21875
FixedParameters: 0 0 0

#Transform 74
Transform: AffineTransform_float_3_3
Parameters: 1 -2.60728e-05 0.000451996 2.59272e-05 1 0.000161012 -0.000452004 -0.000160988 1 0.0556062 0.0944153 0.283393
FixedParameters: 0 0 0

#Transform 75
Transform: AffineTransform_float_3_3
Parameters: 1 -0.000445561 0.000892722 0.00044444 0.999999 0.000627397 -0.00089328 -0.000627602 1 0.0643816 -0.00126191 0.22706
FixedParameters: 0 0 0

#Transform 76
Transform: AffineTransform_float_3_3
Parameters: 0.999998 0.000263722 0.00226857 -0.000260278 0.999998 -0.00164059 -0.00226943 0.00164041 0.999996 0.0173224 -0.0801632 0.00598363
FixedParameters: 0 0 0

#Transform 77
Transform: AffineTransform_float_3_3
Parameters: 0.999998 0.000507618 0.00150846 -0.000506383 1 -0.00107277 -0.00150854 0.00107224 0.999999 -0.00495612 -0.00204977 -0.203681
FixedParameters: 0 0 0

#Transform 78
Transform: AffineTransform_float_3_3
Parameters: 0.999999 0.000337065 0.00150876 -0.000335934 0.999999 -0.000706507 -0.00150924 0.000705492 0.999998 0.0293885 0.00219784 -0.198465
FixedParameters: 0 0 0

#Transform 79
Transform: AffineTransform_float_3_3
Parameters: 0.999999 0.00045842 0.00150887 -0.00045858 1 -0.000278692 -0.00150913 0.000278308 0.999999 0.0281321 0.0302816 -0.148638
FixedParameters: 0 0 0

#Transform 80
Transform: AffineTransform_float_3_3
Parameters: 0.999998 0.000285535 0.0015839 -0.000284466 1 -0.000337451 -0.0015841 0.000337548 0.999998 0.0416387 -0.0406413 -0.183795
FixedParameters: 0 0 0

#Transform 81
Transform: AffineTransform_float_3_3
Parameters: 0.999998 0.000688439 0.00150925 -0.00068856 0.999999 0.000370961 -0.00150874 -0.000372039 0.999999 0.00975477 -0.0184823 -0.175415
FixedParameters: 0 0 0

#Transform 82
Transform: AffineTransform_float_3_3
Parameters: 0.999999 0.000390402 0.000916255 -0.000390597 0.999999 0.000651642 -0.000915745 -0.000652358 1 -0.0216391 0.00894374 0.150917
FixedParameters: 0 0 0

#Transform 83
Transform: AffineTransform_float_3_3
Parameters: 0.999999 0.000393946 0.00150927 -0.000395053 0.999999 0.000697404 -0.00150872 -0.000698595 0.999998 0.0370316 -0.0048449 0.108634
FixedParameters: 0 0 0

#Transform 84
Transform: AffineTransform_float_3_3
Parameters: 0.999999 4.37533e-05 0.000938011 -4.42467e-05 1 0.000262958 -0.000937988 -0.000263041 0.999999 0.00802602 0.0411456 0.136939
FixedParameters: 0 0 0

#Transform 85
Transform: AffineTransform_float_3_3
Parameters: 0.999999 -6.71791e-05 0.000817985 6.68208e-05 1 0.000219055 -0.000818014 -0.000218945 0.999999 0.00124844 -0.0319181 0.135741
FixedParameters: 0 0 0

#Transform 86
Transform: AffineTransform_float_3_3
Parameters: 0.999999 0.000749397 0.00130592 -0.000750602 0.999999 0.00122702 -0.00130508 -0.00122798 0.999999 -0.0171756 0.0768152 0.171766
FixedParameters: 0 0 0

#Transform 87
Transform: AffineTransform_float_3_3
Parameters: 1 0.000293289 0.0010712 -0.000293712 0.999999 0.000664686 -0.00107081 -0.000664314 0.999999 -0.00883906 0.0334831 0.150918
FixedParameters: 0 0 0

#Transform 88
Transform: AffineTransform_float_3_3
Parameters: 1 0.000689459 0.000788474 -0.000690542 1 0.000686457 -0.000787526 -0.000687544 1 -0.0299914 0.0437561 0.197739
FixedParameters: 0 0 0

#Transform 89
Transform: AffineTransform_float_3_3
Parameters: 0.999999 0.000116518 0.00122605 -0.000117482 1 0.000392856 -0.00122595 -0.000393143 0.999999 -0.00265132 0.04211 -0.0950457
FixedParameters: 0 0 0

#Transform 90
Transform: AffineTransform_float_3_3
Parameters: 1 0.000709872 0.000902101 -0.000710129 0.999999 0.000142359 -0.000901899 -0.00014264 0.999999 -0.0322059 -0.0023048 -0.10117
FixedParameters: 0 0 0

#Transform 91
Transform: AffineTransform_float_3_3
Parameters: 0.999999 -0.000133144 0.000843977 0.000132856 1 0.000171112 -0.000844022 -0.000170888 0.999999 -0.00210747 0.0518385 -0.104627
FixedParameters: 0 0 0

#Transform 92
Transform: AffineTransform_float_3_3
Parameters: 0.999999 0.000314337 0.000843874 -0.000314662 1 -0.000400265 -0.000844125 0.000399735 0.999999 -0.0126142 -0.0283371 -0.147353
FixedParameters: 0 0 0

#Transform 93
Transform: AffineTransform_float_3_3
Parameters: 0.999999 0.000173602 0.00123706 -0.000174398 1 0.000321785 -0.00123694 -0.000322215 0.999999 0.013052 -0.0688345 -0.0935347
FixedParameters: 0 0 0

#Transform 94
Transform: AffineTransform_float_3_3
Parameters: 0.999998 0.000209291 0.00166296 -0.000208709 1 -0.000175347 -0.00166304 0.000174652 0.999998 0.0184845 -0.041002 -0.0451102
FixedParameters: 0 0 0

#Transform 95
Transform: AffineTransform_float_3_3
Parameters: 0.999999 0.000515556 0.00129218 -0.000516444 1 0.000343333 -0.00129182 -0.000343666 0.999999 0.000331718 -0.0531748 0.129481
FixedParameters: 0 0 0

#Transform 96
Transform: AffineTransform_float_3_3
Parameters: 1 0.000798225 0.000843787 -0.000797774 0.999999 -0.000267673 -0.000844213 0.000266326 0.999999 -0.0260094 0.0721327 -0.145314
FixedParameters: 0 0 0

#Transform 97
Transform: AffineTransform_float_3_3
Parameters: 0.999999 0.000645311 0.000622714 -0.000645688 0.999999 0.0011056 -0.000622286 -0.0011064 0.999999 -0.0230274 0.0914243 0.230712
FixedParameters: 0 0 0

#Transform 98
Transform: AffineTransform_float_3_3
Parameters: 1 0.000840418 0.000704891 -0.000841583 0.999997 0.00224741 -0.00070311 -0.00224859 0.999997 -0.0495932 0.0449119 0.293826
FixedParameters: 0 0 0

#Transform 99
Transform: AffineTransform_float_3_3
Parameters: 0.999999 0.000203977 0.00128081 -0.000209024 0.999993 0.00392274 -0.00128019 -0.00392327 0.999992 0.00199001 0.0627092 0.27335
FixedParameters: 0 0 0

#Transform 100
Transform: AffineTransform_float_3_3
Parameters: 1 0.000207697 0.000641423 -0.000208304 0.999998 0.00203187 -0.000641578 -0.00203213 0.999997 0.0234077 0.0961128 0.392954
FixedParameters: 0 0 0

#Transform 101
Transform: AffineTransform_float_3_3
Parameters: 0.999999 0.000652354 0.001736 -0.000655646 0.999998 0.00152386 -0.001735 -0.00152513 0.999998 0.0110157 0.00208207 0.28515
FixedParameters: 0 0 0

#Transform 102
Transform: AffineTransform_float_3_3
Parameters: 0.999998 0.000660753 0.00148466 -0.000660246 0.999999 -0.000507981 -0.00148533 0.000507019 0.999999 -0.00412186 0.182563 -0.220663
FixedParameters: 0 0 0

#Transform 103
Transform: AffineTransform_float_3_3
Parameters: 0.999999 0.000603007 0.00173361 -0.000598992 0.999997 -0.00231104 -0.00173539 0.00230996 0.999996 0.018345 0.121279 -0.316663
FixedParameters: 0 0 0

#Transform 104
Transform: AffineTransform_float_3_3
Parameters: 0.999997 0.000913782 0.00193063 -0.000913219 1 -0.000405764 -0.00193037 0.000404237 0.999998 0.0117607 -0.0688527 -0.164033
FixedParameters: 0 0 0

#Transform 105
Transform: AffineTransform_float_3_3
Parameters: 0.999999 0.000575416 0.00130538 -0.000574585 0.999999 -0.00108475 -0.00130562 0.00108425 0.999998 0.0224567 -0.043465 -0.254876
FixedParameters: 0 0 0

#Transform 106
Transform: AffineTransform_float_3_3
Parameters: 1 0.000353324 0.0011676 -0.000351676 1 -0.00113341 -0.0011684 0.00113359 0.999998 0.0287805 -0.105438 -0.279224
FixedParameters: 0 0 0

#Transform 107
Transform: AffineTransform_float_3_3
Parameters: 0.999998 0.000413569 0.00164361 -0.000412431 1 -0.00095468 -0.00164439 0.000954322 0.999998 0.0447686 -0.128616 -0.23763
FixedParameters: 0 0 0

#Transform 108
Transform: AffineTransform_float_3_3
Parameters: 0.999999 0.000209898 0.00134386 -0.000209103 1 -0.000667281 -0.00134414 0.000667718 0.999999 0.00501719 -0.0430483 -0.201524
FixedParameters: 0 0 0

#Transform 109
Transform: AffineTransform_float_3_3
Parameters: 0.999994 0.000595875 0.0033482 -0.000597125 1 0.000335003 -0.0033478 -0.000336997 0.999995 0.0122913 -0.0325492 0.0128528
FixedParameters: 0 0 0

#Transform 110
Transform: AffineTransform_float_3_3
Parameters: 1 0.000209887 0.00108583 -0.000209113 0.999999 -0.000817227 -0.00108617 0.000816772 0.999999 0.0205176 0.00163989 -0.208761
FixedParameters: 0 0 0

#Transform 111
Transform: AffineTransform_float_3_3
Parameters: 0.999998 2.75008e-05 0.00198796 -2.3499e-05 0.999999 -0.00176105 -0.00198805 0.00176095 0.999997 0.0478667 0.0272899 -0.205875
FixedParameters: 0 0 0

#Transform 112
Transform: AffineTransform_float_3_3
Parameters: 0.999999 0.000210392 0.00154581 -0.000208607 0.999999 -0.000901324 -0.00154619 0.000900676 0.999999 0.0155017 -0.00720208 -0.199982
FixedParameters: 0 0 0

#Transform 113
Transform: AffineTransform_float_3_3
Parameters: 0.999997 0.000679485 0.00238073 -0.000674516 0.999998 -0.00188361 -0.00238228 0.00188239 0.999996 0.0182664 -0.0736261 -0.127167
FixedParameters: 0 0 0

#Transform 114
Transform: AffineTransform_float_3_3
Parameters: 0.999999 0.000689859 0.00136506 -0.000688141 0.999999 -0.00136194 -0.00136594 0.00136106 0.999998 -0.00853366 -0.0120185 0.135481
FixedParameters: 0 0 0

#Transform 115
Transform: AffineTransform_float_3_3
Parameters: 0.999996 0.00080337 0.00262389 -0.00080363 0.999999 -0.000142109 -0.00262411 0.000139892 0.999996 0.010496 0.0363053 0.0617216
FixedParameters: 0 0 0

#Transform 116
Transform: AffineTransform_float_3_3
Parameters: 0.999998 0.00096783 0.00132739 -0.00096717 1 -0.000626285 -0.0013276 0.000624716 0.999999 -0.033 -0.0085701 -0.16911
FixedParameters: 0 0 0

#Transform 117
Transform: AffineTransform_float_3_3
Parameters: 0.999999 0.000565858 0.00134364 -0.000565141 0.999999 -0.00063976 -0.00134336 0.00063824 0.999999 0.00512022 -0.039926 -0.187996
FixedParameters: 0 0 0

#Transform 118
Transform: AffineTransform_float_3_3
Parameters: 0.999999 0.000730235 0.00116085 -0.000729765 0.999999 -0.000202847 -0.00116115 0.000202152 1 0.00123266 -0.0574116 -0.207134
FixedParameters: 0 0 0

#Transform 119
Transform: AffineTransform_float_3_3
Parameters: 0.999996 0.000813795 0.00249474 -0.000813204 0.999999 -0.00032003 -0.00249426 0.000317971 0.999997 0.00799448 0.00416711 -0.0661209
FixedParameters: 0 0 0
