# transform file /out/sourcedata/freesurfer/sub-v2s0x29041_ses-1/mri/transforms/cc_up.lta
# created by oesteban on Tue Mar 10 11:18:01 2026

type      = 0 # LINEAR_VOX_TO_VOX
nxforms   = 1
mean      = 128.0000 131.0000 101.0000
sigma     = 10000.0000
1 4 4
9.999060630798340e-01 5.083806812763214e-03 -1.272950973361731e-02 1.486411690711975e+00 
-5.083394702523947e-03 9.999871253967285e-01 6.471519736805931e-05 1.164167308807373e+01 
1.272967364639044e-02 7.275957614183426e-12 9.999189972877502e-01 4.239014053344727e+01 
0.000000000000000e+00 0.000000000000000e+00 0.000000000000000e+00 1.000000000000000e+00 
src volume info
valid = 1  # volume info valid
filename = /out/sourcedata/freesurfer/sub-v2s0x29041_ses-1/mri/norm.mgz
volume = 256 256 256
voxelsize = 1.000000000000000e+00 1.000000000000000e+00 1.000000000000000e+00
xras   = -1.000000000000000e+00 0.000000000000000e+00 0.000000000000000e+00
yras   = 0.000000000000000e+00 0.000000000000000e+00 -1.000000000000000e+00
zras   = 0.000000000000000e+00 1.000000000000000e+00 0.000000000000000e+00
cras   = 6.285736083984375e+00 5.635084533691406e+01 4.088079833984375e+01
dst volume info
valid = 1  # volume info valid
filename = /out/sourcedata/freesurfer/sub-v2s0x29041_ses-1/mri/norm.mgz
volume = 256 256 256
voxelsize = 1.000000000000000e+00 1.000000000000000e+00 1.000000000000000e+00
xras   = -1.000000000000000e+00 0.000000000000000e+00 0.000000000000000e+00
yras   = 0.000000000000000e+00 0.000000000000000e+00 -1.000000000000000e+00
zras   = 0.000000000000000e+00 1.000000000000000e+00 0.000000000000000e+00
cras   = 6.285736083984375e+00 5.635084533691406e+01 4.088079833984375e+01
