#Insight Transform File V1.0
#Transform 0
Transform: AffineTransform_float_3_3
Parameters: 1 0.000219 3.13389e-07 -0.000219 0.999999 0.001431 3.13389e-07 -0.001431 0.999999 -0.0139562 0.0256642 0.12338
FixedParameters: 0 0 0

#Transform 1
Transform: AffineTransform_float_3_3
Parameters: 1 0.000473264 0.000418833 -0.000473735 0.999999 0.0017588 -0.000417167 -0.0017592 0.999999 -0.0211763 -0.0103472 0.115836
FixedParameters: 0 0 0

#Transform 2
Transform: AffineTransform_float_3_3
Parameters: 1 0.000591478 0.000252227 -0.000592521 0.999997 0.00207285 -0.000250772 -0.00207315 0.999998 -0.0285246 0.0142387 0.100695
FixedParameters: 0 0 0

#Transform 3
Transform: AffineTransform_float_3_3
Parameters: 1 0.000445999 8.91108e-07 -0.000446001 0.999998 0.001998 -1.0889e-07 -0.001998 0.999998 -0.0102965 -0.0232593 0.0709684
FixedParameters: 0 0 0

#Transform 4
Transform: AffineTransform_float_3_3
Parameters: 1 0.000311711 0.000286315 -0.000311289 1 0.00101091 -0.000285686 -0.00101109 1 0.00252655 -0.0202678 -0.00207898
FixedParameters: 0 0 0

#Transform 5
Transform: AffineTransform_float_3_3
Parameters: 1 0.000474643 0.000269629 -0.000475356 0.999999 0.00132387 -0.000268371 -0.00132413 0.999999 -0.00598073 0.0319349 0.110364
FixedParameters: 0 0 0

#Transform 6
Transform: AffineTransform_float_3_3
Parameters: 1 0.000436678 0.000194722 -0.000437321 0.999998 0.00165291 -0.000194277 -0.00165308 0.999998 0.00591343 0.124779 0.100176
FixedParameters: 0 0 0

#Transform 7
Transform: AffineTransform_float_3_3
Parameters: 0.999999 0.000904998 1.61995e-06 -0.000905002 0.999998 0.00179 -3.80046e-07 -0.00179 0.999999 -0.0303838 0.0366357 0.107736
FixedParameters: 0 0 0

#Transform 8
Transform: AffineTransform_float_3_3
Parameters: 1 0.000412 3.5432e-07 -0.000412 0.999999 0.000859999 3.5432e-07 -0.000859999 0.999999 -0.00489107 -0.0431793 0.0376524
FixedParameters: 0 0 0

#Transform 9
Transform: AffineTransform_float_3_3
Parameters: 1 0.000331 3.6741e-07 -0.000331 1 0.00111 3.6741e-07 -0.00111 1 -0.00642611 0.0323916 0.0232776
FixedParameters: 0 0 0

#Transform 10
Transform: AffineTransform_float_3_3
Parameters: 1 0.000548945 0.000401074 -0.000549054 1 0.00013578 -0.000400925 -0.00013622 1 -0.00877056 0.00294648 0.0578047
FixedParameters: 0 0 0

#Transform 11
Transform: AffineTransform_float_3_3
Parameters: 1 0.000368 3.29728e-07 -0.000368 0.999999 0.000895999 3.29728e-07 -0.000895999 0.999999 -0.0101352 0.0756956 0.0403242
FixedParameters: 0 0 0

#Transform 12
Transform: AffineTransform_float_3_3
Parameters: 1 0.000285863 0.000103378 -0.000285137 0.999999 0.00132297 -0.000103623 -0.00132303 0.999999 -0.00911246 0.0603437 0.0799802
FixedParameters: 0 0 0

#Transform 13
Transform: AffineTransform_float_3_3
Parameters: 1 0.000402 3.4773e-07 -0.000402 0.999999 0.000864999 3.4773e-07 -0.000864999 0.999999 -0.00433832 0.0263233 0.122612
FixedParameters: 0 0 0

#Transform 14
Transform: AffineTransform_float_3_3
Parameters: 1 0.000198638 0.000224321 -0.000199362 0.999998 0.00161595 -0.000223678 -0.00161604 0.999998 -0.0119933 0.0754982 0.0887003
FixedParameters: 0 0 0

#Transform 15
Transform: AffineTransform_float_3_3
Parameters: 1 0.00051 3.4629e-07 -0.00051 0.999999 0.000679 3.4629e-07 -0.000679 1 -0.0222673 0.0270992 0.110073
FixedParameters: 0 0 0

#Transform 16
Transform: AffineTransform_float_3_3
Parameters: 1 0.000137206 0.000182845 -0.000136794 1 -0.00112803 -0.000183154 0.00112798 1 -0.000521486 0.101441 -0.0668617
FixedParameters: 0 0 0

#Transform 17
Transform: AffineTransform_float_3_3
Parameters: 1 1.7554e-08 0.000262 1.7554e-08 1 -6.7e-05 -0.000262 6.7e-05 1 0.00543794 0.0205942 0.0547266
FixedParameters: 0 0 0

#Transform 18
Transform: AffineTransform_float_3_3
Parameters: 1 -3.5784e-08 7.2e-05 -3.5784e-08 1 0.000497 -7.2e-05 -0.000497 1 0.00832383 -0.0407481 0.176084
FixedParameters: 0 0 0

#Transform 19
Transform: AffineTransform_float_3_3
Parameters: 1 0.000247 5.8786e-08 -0.000247 1 0.000238 5.8786e-08 -0.000238 1 -0.00972522 0.00346258 0.113931
FixedParameters: 0 0 0

#Transform 20
Transform: AffineTransform_float_3_3
Parameters: 1 0 0 0 1 0.000367 0 -0.000367 1 0.011391 0.000223713 -0.0046075
FixedParameters: 0 0 0

#Transform 21
Transform: AffineTransform_float_3_3
Parameters: 1 0 0 0 1 5.5e-05 0 -5.5e-05 1 -0.000724 -0.0139593 0.0960818
FixedParameters: 0 0 0

#Transform 22
Transform: AffineTransform_float_3_3
Parameters: 1 1.48323e-07 0.000147 1.48323e-07 1 -0.001009 -0.000147 0.001009 1 0.00334484 -0.0312817 -0.0264377
FixedParameters: 0 0 0

#Transform 23
Transform: AffineTransform_float_3_3
Parameters: 1 0 0 0 1 -0.000206 0 0.000206 1 0.008094 -0.0249847 0.0890647
FixedParameters: 0 0 0

#Transform 24
Transform: AffineTransform_float_3_3
Parameters: 1 7.29839e-05 -5.40217e-05 -7.30161e-05 1 -0.000297996 5.39782e-05 0.000298004 1 0.0121597 -0.0431015 0.104213
FixedParameters: 0 0 0

#Transform 25
Transform: AffineTransform_float_3_3
Parameters: 1 0.000244 -1.0614e-07 -0.000244 1 -0.000435 -1.0614e-07 0.000435 1 0.00381383 0.00654882 0.0186985
FixedParameters: 0 0 0

#Transform 26
Transform: AffineTransform_float_3_3
Parameters: 1 0.000191 2.52311e-07 -0.000191 0.999999 0.001321 2.52311e-07 -0.001321 0.999999 0.00650108 0.0452897 0.109558
FixedParameters: 0 0 0

#Transform 27
Transform: AffineTransform_float_3_3
Parameters: 1 0.000198 7.9992e-08 -0.000198 1 0.000404 7.9992e-08 -0.000404 1 0.000940469 0.0560899 0.136077
FixedParameters: 0 0 0

#Transform 28
Transform: AffineTransform_float_3_3
Parameters: 1 0.000201087 0.000108839 -0.000200912 0.999999 -0.000803021 -0.000109161 0.000802978 0.999999 -0.000344637 0.0547637 -0.0158477
FixedParameters: 0 0 0

#Transform 29
Transform: AffineTransform_float_3_3
Parameters: 1 0 0 0 0.999999 -0.001361 0 0.001361 0.999999 0.016419 0.0198341 -0.0975478
FixedParameters: 0 0 0

#Transform 30
Transform: AffineTransform_float_3_3
Parameters: 1 0.000427 -2.31434e-07 -0.000427 1 -0.000542 -2.31434e-07 0.000542 1 -0.0199605 -0.00868967 0.0725261
FixedParameters: 0 0 0

#Transform 31
Transform: AffineTransform_float_3_3
Parameters: 1 -6.417e-08 -0.000155 -6.417e-08 1 -0.000414 0.000155 0.000414 1 0.0115239 -0.00717559 0.128568
FixedParameters: 0 0 0

#Transform 32
Transform: AffineTransform_float_3_3
Parameters: 1 0 0 0 0.999998 -0.001743 0 0.001743 0.999998 0.003498 0.00432776 -0.117559
FixedParameters: 0 0 0

#Transform 33
Transform: AffineTransform_float_3_3
Parameters: 1 -0.000214 3.3384e-08 0.000214 1 -0.000156 3.3384e-08 0.000156 1 0.0133245 0.0519105 -0.0866472
FixedParameters: 0 0 0

#Transform 34
Transform: AffineTransform_float_3_3
Parameters: 1 -0.000244999 5.33855e-07 0.000245001 0.999997 -0.002179 -4.66143e-07 0.002179 0.999997 0.0290636 -0.0300113 0.0163167
FixedParameters: 0 0 0

#Transform 35
Transform: AffineTransform_float_3_3
Parameters: 1 0 0 0 0.999993 -0.003892 0 0.003892 0.999993 0.016412 -0.0150392 -0.14381
FixedParameters: 0 0 0

#Transform 36
Transform: AffineTransform_float_3_3
Parameters: 1 -0.000251414 -0.000322678 0.000250585 0.999999 -0.00128308 0.000323322 0.00128292 0.999999 -0.014117 0.0298455 0.00154759
FixedParameters: 0 0 0

#Transform 37
Transform: AffineTransform_float_3_3
Parameters: 1 -0.000185765 -0.000429102 0.000186235 1 0.00054892 0.000428898 -0.00054808 1 0.0277702 0.0671283 0.131165
FixedParameters: 0 0 0

#Transform 38
Transform: AffineTransform_float_3_3
Parameters: 1 -0.000575846 0.000280315 0.000576153 0.999999 -0.000547838 -0.000279684 0.000548161 1 -0.00340369 0.0837309 0.0691599
FixedParameters: 0 0 0

#Transform 39
Transform: AffineTransform_float_3_3
Parameters: 1 -0.000348676 -0.000372368 0.000348323 0.999999 -0.00181413 0.000373633 0.00181387 0.999999 0.0229413 0.00688705 -0.101076
FixedParameters: 0 0 0

#Transform 40
Transform: AffineTransform_float_3_3
Parameters: 1 0.000328165 -0.000602004 -0.000329836 0.999996 -0.0030518 0.000600996 0.0030512 0.999995 -0.0774053 -0.0289996 -0.208151
FixedParameters: 0 0 0

#Transform 41
Transform: AffineTransform_float_3_3
Parameters: 0.999999 -0.000253011 -0.000762335 0.00025099 0.999997 -0.00263719 0.000762664 0.00263681 0.999996 -0.0110648 0.0263069 -0.0133377
FixedParameters: 0 0 0

#Transform 42
Transform: AffineTransform_float_3_3
Parameters: 1 -6.62779e-05 -0.000600753 6.47211e-05 0.999993 -0.00379104 0.000601249 0.00379096 0.999992 -0.00582237 0.039937 -0.0991175
FixedParameters: 0 0 0

#Transform 43
Transform: AffineTransform_float_3_3
Parameters: 1 -0.000565321 0.000136838 0.00056568 0.999988 -0.00501693 -0.000134164 0.00501708 0.999988 0.014162 -0.0148723 -0.18149
FixedParameters: 0 0 0

#Transform 44
Transform: AffineTransform_float_3_3
Parameters: 1 -0.000229346 0.000341795 0.000231655 0.999969 -0.00778392 -0.000340207 0.00778407 0.999969 0.0100021 0.0213191 -0.341339
FixedParameters: 0 0 0

#Transform 45
Transform: AffineTransform_float_3_3
Parameters: 1 -0.000588178 -0.000250248 0.000586822 0.999989 -0.00468415 0.000252751 0.00468385 0.999989 -0.00116144 -0.0402162 -0.100542
FixedParameters: 0 0 0

#Transform 46
Transform: AffineTransform_float_3_3
Parameters: 1 -0.000400954 3.74948e-05 0.000401047 0.999999 -0.00123399 -3.75051e-05 0.00123402 0.999999 0.0260073 0.0324562 0.162207
FixedParameters: 0 0 0

#Transform 47
Transform: AffineTransform_float_3_3
Parameters: 1 -0.000218718 0.000272227 0.000219283 1 -0.00103794 -0.000272773 0.00103806 1 0.00889548 0.1046 0.146648
FixedParameters: 0 0 0

#Transform 48
Transform: AffineTransform_float_3_3
Parameters: 1 -0.000616974 3.74214e-05 0.000617025 0.999999 -0.000682977 -3.65786e-05 0.000683022 1 0.0453278 0.0201363 0.119104
FixedParameters: 0 0 0

#Transform 49
Transform: AffineTransform_float_3_3
Parameters: 1 -0.00030149 -0.000140957 0.00030051 0.999994 -0.00346204 0.000142041 0.00346196 0.999994 0.00998242 -0.040724 -0.162958
FixedParameters: 0 0 0

#Transform 50
Transform: AffineTransform_float_3_3
Parameters: 0.999999 -0.000962811 4.16133e-05 0.00096319 0.999988 -0.00479096 -3.73858e-05 0.00479104 0.999989 0.0448619 -0.0306167 -0.157913
FixedParameters: 0 0 0

#Transform 51
Transform: AffineTransform_float_3_3
Parameters: 0.999999 -0.000674044 0.00045442 0.000674954 0.999997 -0.00210569 -0.000452579 0.0021063 0.999997 0.0408855 -0.0173571 0.230825
FixedParameters: 0 0 0

#Transform 52
Transform: AffineTransform_float_3_3
Parameters: 1 -0.000189217 -0.000296226 0.000187784 0.999991 -0.00410405 0.000296773 0.00410394 0.999991 0.0396397 -0.037284 -0.0883951
FixedParameters: 0 0 0

#Transform 53
Transform: AffineTransform_float_3_3
Parameters: 0.999999 -0.000748639 0.000285593 0.000749363 0.999988 -0.00479579 -0.000282409 0.00479621 0.999988 0.0555385 0.0405411 -0.2236
FixedParameters: 0 0 0

#Transform 54
Transform: AffineTransform_float_3_3
Parameters: 1 5.25691e-05 0.000120754 -5.24344e-05 0.999989 -0.00470801 -0.000120248 0.00470799 0.999989 0.0437736 0.0418954 -0.120201
FixedParameters: 0 0 0

#Transform 55
Transform: AffineTransform_float_3_3
Parameters: 1 5.1359e-05 -0.000487176 -5.36404e-05 0.999995 -0.00336898 0.000486822 0.00336903 0.999994 0.0230055 -0.0129046 0.0375191
FixedParameters: 0 0 0

#Transform 56
Transform: AffineTransform_float_3_3
Parameters: 1 -6.58285e-05 0.000512284 6.71703e-05 0.999991 -0.00423997 -0.00051172 0.00424003 0.999991 0.0158963 -0.00233017 -0.0901443
FixedParameters: 0 0 0

#Transform 57
Transform: AffineTransform_float_3_3
Parameters: 1 -2.15327e-05 0.000512157 2.44663e-05 0.999977 -0.00677099 -0.000511846 0.00677101 0.999977 -0.0247701 0.0712248 -0.237737
FixedParameters: 0 0 0

#Transform 58
Transform: AffineTransform_float_3_3
Parameters: 1 -0.000195133 0.000296904 0.000197868 0.999953 -0.00968694 -0.000295097 0.00968706 0.999953 0.00199838 -0.0504428 -0.476264
FixedParameters: 0 0 0

#Transform 59
Transform: AffineTransform_float_3_3
Parameters: 0.999999 -0.000454507 -0.000579493 0.000449497 0.99997 -0.00775426 0.000582503 0.00775473 0.99997 -0.0109945 -0.0329421 -0.354405
FixedParameters: 0 0 0

#Transform 60
Transform: AffineTransform_float_3_3
Parameters: 1 -0.000897592 0.000517952 0.000901408 0.999977 -0.00661753 -0.000512046 0.00661846 0.999978 0.0247625 -0.0671903 -0.0682793
FixedParameters: 0 0 0

#Transform 61
Transform: AffineTransform_float_3_3
Parameters: 1 -0.000853078 0.000719874 0.000857917 0.999976 -0.00686539 -0.000713127 0.00686561 0.999976 0.0199709 0.0125749 -0.143624
FixedParameters: 0 0 0

#Transform 62
Transform: AffineTransform_float_3_3
Parameters: 1 -0.000633781 3.43054e-05 0.000634216 0.999976 -0.00679198 -2.96931e-05 0.00679202 0.999977 0.0119283 -0.0378965 -0.311833
FixedParameters: 0 0 0

#Transform 63
Transform: AffineTransform_float_3_3
Parameters: 0.999999 -0.000983275 -0.000960608 0.000975721 0.999971 -0.00754595 0.000968389 0.00754406 0.999971 0.0403421 -0.0817523 -0.34496
FixedParameters: 0 0 0

#Transform 64
Transform: AffineTransform_float_3_3
Parameters: 0.999999 -0.00143986 -0.000208556 0.00143815 0.999961 -0.0086483 0.000220445 0.00864768 0.999962 0.0614459 0.00777506 -0.0912981
FixedParameters: 0 0 0

#Transform 65
Transform: AffineTransform_float_3_3
Parameters: 0.999999 -0.00108744 -0.000852589 0.00107955 0.999961 -0.00868393 0.000862407 0.00868307 0.999962 0.0455418 -0.0342009 -0.133773
FixedParameters: 0 0 0

#Transform 66
Transform: AffineTransform_float_3_3
Parameters: 1 -0.000791152 -0.000786864 0.000784848 0.99997 -0.00778763 0.000793136 0.00778638 0.99997 0.0354611 -0.00183791 -0.285625
FixedParameters: 0 0 0

#Transform 67
Transform: AffineTransform_float_3_3
Parameters: 0.999999 -0.00128378 3.45523e-05 0.00128422 0.999971 -0.00743996 -2.54461e-05 0.00744004 0.999973 0.0832497 -0.0292501 -0.202566
FixedParameters: 0 0 0

#Transform 68
Transform: AffineTransform_float_3_3
Parameters: 0.999999 -0.00053384 -0.000583609 0.000529156 0.999965 -0.00826231 0.000588392 0.00826268 0.999965 0.0152216 -0.0476283 -0.309195
FixedParameters: 0 0 0

#Transform 69
Transform: AffineTransform_float_3_3
Parameters: 0.999999 -0.00179133 -0.000126399 0.00178967 0.99995 -0.00982924 0.000144599 0.00982975 0.999951 0.0363247 -0.00584831 -0.416462
FixedParameters: 0 0 0

#Transform 70
Transform: AffineTransform_float_3_3
Parameters: 0.999999 -0.00133148 -0.000441713 0.00132652 0.999949 -0.0099956 0.000455282 0.0099954 0.99995 0.0589961 -0.072439 -0.291376
FixedParameters: 0 0 0

#Transform 71
Transform: AffineTransform_float_3_3
Parameters: 1 -0.00112445 0.000178072 0.00112655 0.99996 -0.00895081 -0.000167923 0.0089512 0.99996 0.0326125 -0.0527092 -0.198528
FixedParameters: 0 0 0

#Transform 72
Transform: AffineTransform_float_3_3
Parameters: 0.999999 -0.000984642 4.71652e-05 0.000984356 0.999965 -0.00829096 -3.884e-05 0.00829104 0.999965 0.0302659 -0.0534063 -0.28827
FixedParameters: 0 0 0

#Transform 73
Transform: AffineTransform_float_3_3
Parameters: 0.999999 -0.00122718 0.000320997 0.00122982 0.999959 -0.00895061 -0.000310004 0.00895139 0.99996 0.0450055 -0.0751755 -0.337684
FixedParameters: 0 0 0

#Transform 74
Transform: AffineTransform_float_3_3
Parameters: 0.999999 -0.00123238 -0.00014903 0.00123062 0.999959 -0.00890619 0.000159966 0.00890581 0.999961 0.081243 -0.0265292 -0.223179
FixedParameters: 0 0 0

#Transform 75
Transform: AffineTransform_float_3_3
Parameters: 0.999998 -0.00180305 0.00054371 0.00180796 0.999955 -0.00925403 -0.000527291 0.00925496 0.999957 0.0748179 -0.122196 -0.134948
FixedParameters: 0 0 0

#Transform 76
Transform: AffineTransform_float_3_3
Parameters: 0.999999 -0.00147728 8.20954e-05 0.00147772 0.999954 -0.00953889 -6.7907e-05 0.00953911 0.999954 0.0717802 -0.169787 -0.200304
FixedParameters: 0 0 0

#Transform 77
Transform: AffineTransform_float_3_3
Parameters: 0.999999 -0.000574587 0.00139801 0.000589413 0.999947 -0.0103312 -0.00139198 0.0103318 0.999945 0.0577546 -0.0716618 -0.33961
FixedParameters: 0 0 0

#Transform 78
Transform: AffineTransform_float_3_3
Parameters: 0.999992 -0.00346199 0.00196669 0.00348702 0.999911 -0.0128593 -0.00192231 0.0128658 0.999916 0.298442 0.0228484 -0.634729
FixedParameters: 0 0 0

#Transform 79
Transform: AffineTransform_float_3_3
Parameters: 0.999995 -0.00226751 0.00194848 0.00229048 0.99993 -0.0116196 -0.00192151 0.0116234 0.99993 0.282374 -0.145604 -0.551242
FixedParameters: 0 0 0

#Transform 80
Transform: AffineTransform_float_3_3
Parameters: 0.999999 -0.000883311 0.00110743 0.000895696 0.999944 -0.0106 -0.00109857 0.010601 0.999943 0.00038557 -0.121424 -0.27289
FixedParameters: 0 0 0

#Transform 81
Transform: AffineTransform_float_3_3
Parameters: 0.999998 -0.000485949 0.00154083 0.000501053 0.999952 -0.00978324 -0.00153617 0.00978376 0.999951 -0.0295507 -0.115019 -0.196096
FixedParameters: 0 0 0

#Transform 82
Transform: AffineTransform_float_3_3
Parameters: 0.999999 0.000125328 0.00135291 -0.000112672 0.999959 -0.00910816 -0.00135408 0.00910784 0.999957 -0.0946848 -0.0615195 -0.210465
FixedParameters: 0 0 0

#Transform 83
Transform: AffineTransform_float_3_3
Parameters: 1 0.000336964 0.00117664 -0.000325034 0.999949 -0.0101524 -0.00118036 0.0101526 0.999948 0.0105024 -0.0866332 -0.3546
FixedParameters: 0 0 0

#Transform 84
Transform: AffineTransform_float_3_3
Parameters: 1 -0.000392203 0.00101285 0.0004018 0.999953 -0.0096916 -0.00100915 0.00969141 0.999953 0.0381471 -0.180049 -0.235123
FixedParameters: 0 0 0

#Transform 85
Transform: AffineTransform_float_3_3
Parameters: 0.99999 -0.00217212 0.00397151 0.00221189 0.99995 -0.00981232 -0.00395048 0.00982069 0.999944 0.186665 -0.120458 -0.272037
FixedParameters: 0 0 0

#Transform 86
Transform: AffineTransform_float_3_3
Parameters: 0.999992 -0.000374041 0.00381191 0.000411958 0.999951 -0.00996151 -0.00380808 0.0099635 0.999943 0.12916 -0.106938 -0.331507
FixedParameters: 0 0 0

#Transform 87
Transform: AffineTransform_float_3_3
Parameters: 0.999995 -0.000524368 0.00287157 0.000553638 0.999947 -0.0103285 -0.00286643 0.0103295 0.999942 0.025058 -0.132156 -0.35937
FixedParameters: 0 0 0

#Transform 88
Transform: AffineTransform_float_3_3
Parameters: 0.999995 -0.000151353 0.00310576 0.000183637 0.999944 -0.0105135 -0.00310324 0.0105145 0.99994 0.0169399 -0.155879 -0.452281
FixedParameters: 0 0 0

#Transform 89
Transform: AffineTransform_float_3_3
Parameters: 0.999996 -0.000128614 0.00304638 0.000158391 0.999954 -0.00964756 -0.00304561 0.00964844 0.999949 0.0298267 -0.143233 -0.285409
FixedParameters: 0 0 0

#Transform 90
Transform: AffineTransform_float_3_3
Parameters: 0.999997 4.48586e-05 0.00268871 -2.11386e-05 0.99996 -0.00887309 -0.00268929 0.00887291 0.999957 0.0279991 -0.0249602 -0.216249
FixedParameters: 0 0 0

#Transform 91
Transform: AffineTransform_float_3_3
Parameters: 0.999997 0.000541223 0.00262754 -0.000513775 0.999947 -0.0103494 -0.00263346 0.0103486 0.999943 0.0181431 -0.130231 -0.359339
FixedParameters: 0 0 0

#Transform 92
Transform: AffineTransform_float_3_3
Parameters: 0.999997 -8.42869e-05 0.00251322 0.00011571 0.999926 -0.0122228 -0.00251177 0.0122233 0.999922 0.0545918 -0.155034 -0.512192
FixedParameters: 0 0 0

#Transform 93
Transform: AffineTransform_float_3_3
Parameters: 0.999995 -0.000100588 0.00295337 0.000135407 0.999932 -0.0116536 -0.00295162 0.0116543 0.999927 0.0440717 -0.145032 -0.474178
FixedParameters: 0 0 0

#Transform 94
Transform: AffineTransform_float_3_3
Parameters: 0.999993 -0.000736397 0.0036666 0.000777605 0.999935 -0.0113572 -0.0036584 0.0113608 0.999929 -0.0276432 -0.131803 -0.330568
FixedParameters: 0 0 0

#Transform 95
Transform: AffineTransform_float_3_3
Parameters: 0.999992 -0.00113478 0.00397718 0.00118022 0.999934 -0.0113854 -0.00396382 0.0113896 0.999928 0.0409899 -0.105706 -0.309827
FixedParameters: 0 0 0

#Transform 96
Transform: AffineTransform_float_3_3
Parameters: 0.999992 0.000510221 0.00377603 -0.000471776 0.999948 -0.0101168 -0.00378096 0.0101141 0.999941 0.0769667 -0.113778 -0.26451
FixedParameters: 0 0 0

#Transform 97
Transform: AffineTransform_float_3_3
Parameters: 0.999989 0.00073733 0.00451444 -0.000695663 0.999958 -0.00915023 -0.00452155 0.00914676 0.999948 -0.00165579 -0.00109306 -0.214783
FixedParameters: 0 0 0

#Transform 98
Transform: AffineTransform_float_3_3
Parameters: 0.999994 0.000709506 0.00319037 -0.000679496 0.999954 -0.00955322 -0.00319664 0.00955079 0.99995 -0.0122722 -0.0766147 -0.308002
FixedParameters: 0 0 0

#Transform 99
Transform: AffineTransform_float_3_3
Parameters: 0.999994 0.000709727 0.00318947 -0.000675269 0.99994 -0.0108752 -0.00319753 0.0108738 0.999936 -0.00248718 -0.208813 -0.366124
FixedParameters: 0 0 0

#Transform 100
Transform: AffineTransform_float_3_3
Parameters: 0.999983 -0.00320157 0.00485533 0.00325543 0.999931 -0.0112434 -0.00481968 0.0112596 0.999925 0.272364 -0.133003 -0.436542
FixedParameters: 0 0 0

#Transform 101
Transform: AffineTransform_float_3_3
Parameters: 0.999981 -0.00298836 0.00551573 0.00304764 0.999936 -0.0108364 -0.00548327 0.0108536 0.999926 0.228089 -0.158772 -0.382839
FixedParameters: 0 0 0

#Transform 102
Transform: AffineTransform_float_3_3
Parameters: 0.999984 0.00201143 0.00524448 -0.00194858 0.999928 -0.0118814 -0.00526751 0.0118716 0.999915 -0.140757 -0.110719 -0.306978
FixedParameters: 0 0 0

#Transform 103
Transform: AffineTransform_float_3_3
Parameters: 0.999985 0.00191194 0.00526296 -0.00185306 0.999936 -0.0111809 -0.00528404 0.0111711 0.999923 -0.0591288 -0.084524 -0.288779
FixedParameters: 0 0 0

#Transform 104
Transform: AffineTransform_float_3_3
Parameters: 0.99998 0.000465328 0.00628644 -0.000398679 0.999945 -0.0105477 -0.00629055 0.0105453 0.999924 0.0287048 -0.0643269 -0.409288
FixedParameters: 0 0 0

#Transform 105
Transform: AffineTransform_float_3_3
Parameters: 0.999981 -0.00083214 0.00614542 0.000898854 0.999941 -0.0108847 -0.00613557 0.0108903 0.999922 0.0748958 -0.0972076 -0.481802
FixedParameters: 0 0 0

#Transform 106
Transform: AffineTransform_float_3_3
Parameters: 0.999979 -3.747e-05 0.00637684 0.000110535 0.999936 -0.0113745 -0.00637615 0.0113745 0.999915 0.0560751 -0.186029 -0.389514
FixedParameters: 0 0 0

#Transform 107
Transform: AffineTransform_float_3_3
Parameters: 0.999981 0.00150988 0.00593737 -0.00144712 0.999943 -0.0105808 -0.00595264 0.0105722 0.999927 0.0319533 -0.137971 -0.244369
FixedParameters: 0 0 0

#Transform 108
Transform: AffineTransform_float_3_3
Parameters: 0.999976 0.000853503 0.00677195 -0.000786493 0.999952 -0.00981756 -0.00678004 0.00981145 0.999929 0.0649755 -0.0154676 -0.220214
FixedParameters: 0 0 0

#Transform 109
Transform: AffineTransform_float_3_3
Parameters: 0.999979 0.00259748 0.00582581 -0.00253052 0.999932 -0.01139 -0.00585518 0.011375 0.999918 -0.0580317 -0.13713 -0.416764
FixedParameters: 0 0 0

#Transform 110
Transform: AffineTransform_float_3_3
Parameters: 0.999982 0.00111118 0.00576837 -0.00104882 0.999942 -0.0107712 -0.00577963 0.0107648 0.999926 0.0161058 -0.205095 -0.37224
FixedParameters: 0 0 0

#Transform 111
Transform: AffineTransform_float_3_3
Parameters: 0.999983 0.000249077 0.0057277 -0.000188924 0.999945 -0.0104863 -0.00573029 0.0104857 0.999928 0.0132982 -0.179833 -0.338585
FixedParameters: 0 0 0

#Transform 112
Transform: AffineTransform_float_3_3
Parameters: 0.99998 0.000446333 0.00619151 -0.000378675 0.999941 -0.0108715 -0.00619548 0.0108694 0.999921 0.04474 -0.107341 -0.311134
FixedParameters: 0 0 0

#Transform 113
Transform: AffineTransform_float_3_3
Parameters: 0.99998 0.00030493 0.00639905 -0.000235073 0.999941 -0.0109257 -0.00640195 0.0109243 0.99992 0.0133212 -0.182343 -0.318875
FixedParameters: 0 0 0

#Transform 114
Transform: AffineTransform_float_3_3
Parameters: 0.99998 0.000739303 0.00631817 -0.000668702 0.999938 -0.0111215 -0.00632583 0.0111175 0.999918 0.0582011 -0.0889669 -0.372811
FixedParameters: 0 0 0

#Transform 115
Transform: AffineTransform_float_3_3
Parameters: 0.99998 -4.37066e-05 0.00640282 0.000111292 0.999945 -0.0105095 -0.00640219 0.0105105 0.999925 0.0193644 -0.215017 -0.365285
FixedParameters: 0 0 0

#Transform 116
Transform: AffineTransform_float_3_3
Parameters: 0.99998 -0.000860893 0.00637301 0.000932103 0.999938 -0.0111623 -0.00636299 0.0111687 0.999918 0.107499 -0.0984235 -0.370728
FixedParameters: 0 0 0

#Transform 117
Transform: AffineTransform_float_3_3
Parameters: 0.999982 -0.000412264 0.00598897 0.000478738 0.999938 -0.0111463 -0.00598403 0.0111487 0.99992 0.0268232 -0.11567 -0.307048
FixedParameters: 0 0 0

#Transform 118
Transform: AffineTransform_float_3_3
Parameters: 0.999978 0.00203229 0.00631488 -0.00195971 0.999931 -0.0115896 -0.00633813 0.0115774 0.999913 0.0108363 -0.110259 -0.37998
FixedParameters: 0 0 0

#Transform 119
Transform: AffineTransform_float_3_3
Parameters: 0.999996 0.00136585 0.00274912 -0.00135816 0.999995 -0.00285375 -0.00275289 0.00285025 0.999992 -0.0857393 0.137925 0.388647
FixedParameters: 0 0 0
