# transform file /out/sourcedata/freesurfer/sub-v2s0x29018_ses-1/mri/transforms/cc_up.lta
# created by oesteban on Tue Mar 10 10:02:00 2026

type      = 0 # LINEAR_VOX_TO_VOX
nxforms   = 1
mean      = 128.0000 89.0000 117.0000
sigma     = 10000.0000
1 4 4
9.992538094520569e-01 -3.753093257546425e-02 -9.121821261942387e-03 5.661473751068115e+00 
3.752937167882919e-02 9.992954730987549e-01 -3.425918403081596e-04 5.331836700439453e+01 
9.128252975642681e-03 -2.910383045673370e-11 9.999583363533020e-01 2.384500503540039e+01 
0.000000000000000e+00 0.000000000000000e+00 0.000000000000000e+00 1.000000000000000e+00 
src volume info
valid = 1  # volume info valid
filename = /out/sourcedata/freesurfer/sub-v2s0x29018_ses-1/mri/norm.mgz
volume = 256 256 256
voxelsize = 1.000000000000000e+00 1.000000000000000e+00 1.000000000000000e+00
xras   = -1.000000000000000e+00 0.000000000000000e+00 0.000000000000000e+00
yras   = 0.000000000000000e+00 0.000000000000000e+00 -1.000000000000000e+00
zras   = 0.000000000000000e+00 1.000000000000000e+00 0.000000000000000e+00
cras   = 1.380844116210938e+00 3.723493957519531e+01 -1.360316467285156e+01
dst volume info
valid = 1  # volume info valid
filename = /out/sourcedata/freesurfer/sub-v2s0x29018_ses-1/mri/norm.mgz
volume = 256 256 256
voxelsize = 1.000000000000000e+00 1.000000000000000e+00 1.000000000000000e+00
xras   = -1.000000000000000e+00 0.000000000000000e+00 0.000000000000000e+00
yras   = 0.000000000000000e+00 0.000000000000000e+00 -1.000000000000000e+00
zras   = 0.000000000000000e+00 1.000000000000000e+00 0.000000000000000e+00
cras   = 1.380844116210938e+00 3.723493957519531e+01 -1.360316467285156e+01
