#Insight Transform File V1.0
#Transform 0
Transform: AffineTransform_float_3_3
Parameters: 0.999998 -0.00113763 -0.00110821 0.00112937 0.99997 -0.00775927 0.0011168 0.00775874 0.99997 -0.128404 -0.161364 -0.328915
FixedParameters: 0 0 0

#Transform 1
Transform: AffineTransform_float_3_3
Parameters: 0.999998 -0.00128765 -0.000923804 0.00128035 0.999973 -0.00716019 0.00093319 0.0071588 0.999974 -0.138577 -0.0682497 -0.201595
FixedParameters: 0 0 0

#Transform 2
Transform: AffineTransform_float_3_3
Parameters: 0.999998 -0.0011029 -0.00133168 0.0010941 0.999977 -0.00666347 0.00133932 0.00666253 0.999977 -0.161252 -0.0944837 -0.371657
FixedParameters: 0 0 0

#Transform 3
Transform: AffineTransform_float_3_3
Parameters: 0.999999 -0.000751425 -0.00111202 0.000743574 0.999977 -0.00666283 0.00111698 0.00666216 0.999977 -0.151688 -0.0793447 -0.39743
FixedParameters: 0 0 0

#Transform 4
Transform: AffineTransform_float_3_3
Parameters: 0.999998 -0.000268669 -0.00193255 0.000258329 0.999984 -0.00551851 0.00193446 0.00551849 0.999983 -0.183448 -0.107441 -0.256783
FixedParameters: 0 0 0

#Transform 5
Transform: AffineTransform_float_3_3
Parameters: 0.999999 -9.78927e-05 -0.00178043 8.71098e-05 0.999982 -0.00611716 0.00178057 0.00611684 0.999979 -0.130513 -0.0764124 -0.0929585
FixedParameters: 0 0 0

#Transform 6
Transform: AffineTransform_float_3_3
Parameters: 1 0.000253374 -0.000638851 -0.000253627 1 0.000585162 0.000638148 -0.000584838 0.999999 -0.172976 -0.00300178 0.399607
FixedParameters: 0 0 0

#Transform 7
Transform: AffineTransform_float_3_3
Parameters: 0.999999 0.000560475 -0.00141721 -0.000560525 1 -0.000370206 0.00141679 0.000370794 0.999999 -0.194486 -0.107291 -0.246871
FixedParameters: 0 0 0

#Transform 8
Transform: AffineTransform_float_3_3
Parameters: 0.999992 0.000246414 -0.00400241 -0.000253587 0.999998 -0.001645 0.00400259 0.001646 0.99999 -0.218532 0.0287731 0.0129431
FixedParameters: 0 0 0

#Transform 9
Transform: AffineTransform_float_3_3
Parameters: 0.999997 -0.000358233 -0.00211615 0.000365764 0.999995 0.00319723 0.00211484 -0.00319876 0.999992 -0.13153 -0.030707 0.369404
FixedParameters: 0 0 0

#Transform 10
Transform: AffineTransform_float_3_3
Parameters: 0.999998 -0.000754414 -0.00182277 0.000749588 0.999996 -0.00296937 0.00182423 0.00296763 0.999994 -0.160466 -0.218212 -0.623052
FixedParameters: 0 0 0

#Transform 11
Transform: AffineTransform_float_3_3
Parameters: 0.999994 -0.00341186 -0.000623269 0.00340215 0.999879 -0.0151842 0.000674733 0.0151818 0.999885 -0.0447353 -0.13656 -0.781872
FixedParameters: 0 0 0

#Transform 12
Transform: AffineTransform_float_3_3
Parameters: 0.999994 -0.00340877 -0.000841017 0.00340223 0.999963 -0.00792491 0.000867985 0.00792209 0.999968 -0.0525841 -0.107324 -0.0478801
FixedParameters: 0 0 0

#Transform 13
Transform: AffineTransform_float_3_3
Parameters: 0.999997 -0.000191204 -0.00241721 0.000180796 0.999991 -0.00422145 0.00241779 0.00422055 0.999988 -0.144663 -0.197422 -0.268802
FixedParameters: 0 0 0

#Transform 14
Transform: AffineTransform_float_3_3
Parameters: 0.999999 -0.00144838 -0.000554692 0.00144362 0.999969 -0.00781982 0.000565306 0.0078192 0.99997 -0.140528 -0.126966 -0.252288
FixedParameters: 0 0 0

#Transform 15
Transform: AffineTransform_float_3_3
Parameters: 0.999999 -0.00159007 -0.000911217 0.00158493 0.999984 -0.00553346 0.000920783 0.00553155 0.999985 -0.00194155 -0.11081 0.00365229
FixedParameters: 0 0 0

#Transform 16
Transform: AffineTransform_float_3_3
Parameters: 0.99999 -0.000754398 -0.00428761 0.000728605 0.999982 -0.00592218 0.00429139 0.00591882 0.999974 -0.0322488 -0.100932 -0.22512
FixedParameters: 0 0 0

#Transform 17
Transform: AffineTransform_float_3_3
Parameters: 0.999996 -0.00123146 -0.00262185 0.00122854 0.999999 -0.000939225 0.00262315 0.000935774 0.999996 -0.223705 -0.0344437 -0.293144
FixedParameters: 0 0 0

#Transform 18
Transform: AffineTransform_float_3_3
Parameters: 0.999998 -0.0019951 0.000617472 0.00199391 0.999997 0.00176924 -0.000620527 -0.00176777 0.999998 -0.209382 -0.0404334 0.0785029
FixedParameters: 0 0 0

#Transform 19
Transform: AffineTransform_float_3_3
Parameters: 0.999996 8.00397e-05 -0.00298923 -8.79592e-05 0.999997 -0.00266275 0.00298878 0.00266325 0.999992 -0.176339 -0.126827 -0.166137
FixedParameters: 0 0 0

#Transform 20
Transform: AffineTransform_float_3_3
Parameters: 0.999996 -0.000480356 -0.00260402 0.000474646 0.999998 -0.00205624 0.00260498 0.00205576 0.999995 0.0114567 0.0170233 -0.0413688
FixedParameters: 0 0 0

#Transform 21
Transform: AffineTransform_float_3_3
Parameters: 0.999996 -0.00210952 -0.00216658 0.00210548 0.999997 -0.00162657 0.00216943 0.00162243 0.999997 -0.140684 -0.0949992 -0.0967168
FixedParameters: 0 0 0

#Transform 22
Transform: AffineTransform_float_3_3
Parameters: 0.999997 -0.00134535 -0.00231732 0.00133865 0.999996 -0.00274011 0.00232168 0.00273789 0.999993 -0.344442 -0.193853 -0.36222
FixedParameters: 0 0 0

#Transform 23
Transform: AffineTransform_float_3_3
Parameters: 0.999999 -0.00130846 -0.000695263 0.00130654 0.999997 -0.00209391 0.000697737 0.00209309 0.999998 -0.0517867 -0.0105729 0.178087
FixedParameters: 0 0 0

#Transform 24
Transform: AffineTransform_float_3_3
Parameters: 0.999944 -0.00767397 0.00730356 0.00770202 0.999963 -0.00381696 -0.00727344 0.00387303 0.999966 0.845535 -0.184571 0.0242559
FixedParameters: 0 0 0

#Transform 25
Transform: AffineTransform_float_3_3
Parameters: 0.999986 -0.00416637 0.00323643 0.00417663 0.999987 -0.00297352 -0.00322357 0.00298647 0.999991 0.285694 -0.167042 -0.502911
FixedParameters: 0 0 0

#Transform 26
Transform: AffineTransform_float_3_3
Parameters: 0.999986 0.00523108 -0.00102358 -0.00523092 0.999987 8.23555e-05 0.00102442 -7.76423e-05 1 -0.783115 -0.11144 -0.284452
FixedParameters: 0 0 0

#Transform 27
Transform: AffineTransform_float_3_3
Parameters: 1 -0.000250215 0.0010082 0.000251785 0.999999 -0.000778746 -0.0010078 0.000779252 0.999999 -0.215589 -0.258927 -0.333019
FixedParameters: 0 0 0

#Transform 28
Transform: AffineTransform_float_3_3
Parameters: 0.999952 -0.00754547 0.00635656 0.00760654 0.999926 -0.00955312 -0.00628444 0.00960089 0.999934 0.569236 -0.249656 -0.455836
FixedParameters: 0 0 0

#Transform 29
Transform: AffineTransform_float_3_3
Parameters: 0.999927 -0.00926891 0.00766816 0.00936309 0.99988 -0.0123261 -0.00755383 0.0123969 0.999894 0.584193 -0.265251 -0.533116
FixedParameters: 0 0 0

#Transform 30
Transform: AffineTransform_float_3_3
Parameters: 0.999991 -0.0014228 0.00417091 0.00144021 0.999991 -0.00412503 -0.00416509 0.00413097 0.999983 -0.0226871 -0.138479 -0.248096
FixedParameters: 0 0 0

#Transform 31
Transform: AffineTransform_float_3_3
Parameters: 0.999991 0.000197928 0.00428568 -0.000191067 0.999998 -0.00161783 -0.00428631 0.00161617 0.999989 -0.200832 -0.11393 -0.0561963
FixedParameters: 0 0 0

#Transform 32
Transform: AffineTransform_float_3_3
Parameters: 0.999998 -0.000309687 0.00219791 0.000309311 1 0.000313681 -0.0021981 -0.00031232 0.999998 -0.218822 -0.121333 -0.238642
FixedParameters: 0 0 0

#Transform 33
Transform: AffineTransform_float_3_3
Parameters: 0.999974 -0.00108757 0.00709923 0.00110143 0.999998 -0.00202923 -0.00709778 0.00203677 0.999972 -0.00869822 -0.134594 -0.190072
FixedParameters: 0 0 0

#Transform 34
Transform: AffineTransform_float_3_3
Parameters: 0.999975 -0.00282573 0.00638156 0.00283627 0.999994 -0.00160094 -0.00637744 0.00161906 0.999979 0.182984 -0.171206 -0.157966
FixedParameters: 0 0 0

#Transform 35
Transform: AffineTransform_float_3_3
Parameters: 0.999985 -0.00139963 0.00542562 0.00140137 0.999999 -0.000433404 -0.00542439 0.000441599 0.999985 -0.0634683 -0.163699 -0.176718
FixedParameters: 0 0 0

#Transform 36
Transform: AffineTransform_float_3_3
Parameters: 0.999988 -0.000409903 0.00488138 0.000425095 0.999994 -0.00329696 -0.00487962 0.00329904 0.999982 -0.187595 -0.207364 -0.388224
FixedParameters: 0 0 0

#Transform 37
Transform: AffineTransform_float_3_3
Parameters: 0.999988 -0.00103526 0.0046454 0.00104573 0.999997 -0.00230917 -0.00464259 0.00231383 0.999986 -0.139039 -0.134501 -0.230199
FixedParameters: 0 0 0

#Transform 38
Transform: AffineTransform_float_3_3
Parameters: 0.999987 -0.000732273 0.00505427 0.00074073 0.999998 -0.00172528 -0.00505373 0.00172872 0.999985 -0.162474 -0.193622 -0.246363
FixedParameters: 0 0 0

#Transform 39
Transform: AffineTransform_float_3_3
Parameters: 0.999993 -0.000928713 0.00374833 0.000946289 0.999989 -0.00461349 -0.00374368 0.00461651 0.999983 -0.162182 -0.283252 -0.585833
FixedParameters: 0 0 0

#Transform 40
Transform: AffineTransform_float_3_3
Parameters: 0.999987 -0.00129875 0.00495649 0.00132725 0.999983 -0.00570049 -0.00494951 0.0057075 0.999971 -0.112343 -0.234254 -0.274103
FixedParameters: 0 0 0

#Transform 41
Transform: AffineTransform_float_3_3
Parameters: 0.999988 -0.00200569 0.00462482 0.00203531 0.999978 -0.00634167 -0.00461118 0.00635033 0.999969 -0.0718512 -0.215893 -0.171731
FixedParameters: 0 0 0

#Transform 42
Transform: AffineTransform_float_3_3
Parameters: 0.999991 -0.00156858 0.0039949 0.00158042 0.999994 -0.00310772 -0.0039901 0.00311429 0.999987 -0.122514 -0.222581 -0.387717
FixedParameters: 0 0 0

#Transform 43
Transform: AffineTransform_float_3_3
Parameters: 0.999984 -0.00037157 0.00552478 0.000383428 0.999998 -0.00206791 -0.00552321 0.00207008 0.999982 -0.0779967 -0.170337 -0.218752
FixedParameters: 0 0 0

#Transform 44
Transform: AffineTransform_float_3_3
Parameters: 0.999988 -0.000872753 0.00483978 0.000888242 0.999994 -0.00314874 -0.00483623 0.00315326 0.999984 -0.130698 -0.244902 -0.309778
FixedParameters: 0 0 0

#Transform 45
Transform: AffineTransform_float_3_3
Parameters: 0.999994 -1.1701e-08 0.00367002 1.29881e-05 0.999993 -0.00353898 -0.00366998 0.00353902 0.999987 -0.131145 -0.262426 -0.403624
FixedParameters: 0 0 0

#Transform 46
Transform: AffineTransform_float_3_3
Parameters: 0.999975 -0.00175112 0.00688731 0.00176788 0.999996 -0.00244589 -0.00688269 0.00245812 0.999974 -0.041644 -0.15046 -0.0985972
FixedParameters: 0 0 0

#Transform 47
Transform: AffineTransform_float_3_3
Parameters: 0.999979 -0.00153879 0.00628781 0.00153821 0.999999 0.000130675 -0.0062882 -0.000121326 0.99998 0.0186372 -0.142165 0.145326
FixedParameters: 0 0 0

#Transform 48
Transform: AffineTransform_float_3_3
Parameters: 0.999995 -0.00139725 0.00301817 0.00141875 0.999973 -0.00721676 -0.00300784 0.00722125 0.99997 0.048368 -0.227681 -0.32977
FixedParameters: 0 0 0

#Transform 49
Transform: AffineTransform_float_3_3
Parameters: 0.999998 -0.00106794 0.00173672 0.00108205 0.999966 -0.00811113 -0.00172728 0.00811385 0.999965 -0.117084 -0.163179 -0.236325
FixedParameters: 0 0 0

#Transform 50
Transform: AffineTransform_float_3_3
Parameters: 0.999999 0.00138929 0.000746601 -0.00138871 0.999997 -0.00172804 -0.0007484 0.00172696 0.999998 -0.406991 -0.243505 -0.401134
FixedParameters: 0 0 0

#Transform 51
Transform: AffineTransform_float_3_3
Parameters: 0.999999 0.00127014 -0.000306601 -0.00127086 0.999995 -0.00283361 0.000302399 0.00283439 0.999996 -0.405953 -0.268886 -0.579136
FixedParameters: 0 0 0

#Transform 52
Transform: AffineTransform_float_3_3
Parameters: 0.999999 0.000779871 0.00100433 -0.00077813 1 -0.000866783 -0.00100468 0.000866218 0.999999 -0.397266 -0.144048 -0.189815
FixedParameters: 0 0 0

#Transform 53
Transform: AffineTransform_float_3_3
Parameters: 0.999999 -0.000261819 -0.00145096 0.000255181 0.999992 -0.00400937 0.00145203 0.00400862 0.999991 -0.288396 -0.29728 -0.604419
FixedParameters: 0 0 0

#Transform 54
Transform: AffineTransform_float_3_3
Parameters: 0.999997 -0.0010458 -0.00226386 0.0010282 0.999968 -0.00785035 0.00227214 0.00784764 0.999966 -0.283949 -0.24567 -0.459995
FixedParameters: 0 0 0

#Transform 55
Transform: AffineTransform_float_3_3
Parameters: 0.999998 0.000335626 -0.00186246 -0.000348377 0.999974 -0.00718436 0.00186054 0.00718563 0.999972 -0.348179 -0.315682 -0.414172
FixedParameters: 0 0 0

#Transform 56
Transform: AffineTransform_float_3_3
Parameters: 0.999999 0.000491424 -0.00129713 -0.000496575 0.99999 -0.00430136 0.00129488 0.00430264 0.99999 -0.268549 -0.257553 -0.584543
FixedParameters: 0 0 0

#Transform 57
Transform: AffineTransform_float_3_3
Parameters: 0.999999 -0.000893141 -0.000327909 0.000891859 0.999994 -0.0034633 0.000331091 0.00346371 0.999994 -0.266261 -0.173996 -0.204042
FixedParameters: 0 0 0

#Transform 58
Transform: AffineTransform_float_3_3
Parameters: 0.999996 -0.000205369 -0.00286942 0.000146618 0.999794 -0.0203275 0.00287357 0.0203265 0.99979 -0.491757 -0.567419 -1.27885
FixedParameters: 0 0 0

#Transform 59
Transform: AffineTransform_float_3_3
Parameters: 0.999997 0.0020307 -0.00122699 -0.0020443 0.999928 -0.0117685 0.00120302 0.0117705 0.99993 -0.49163 -0.304039 -0.892908
FixedParameters: 0 0 0

#Transform 60
Transform: AffineTransform_float_3_3
Parameters: 0.999999 0.0015141 0.00103932 -0.00151491 0.999999 0.000870427 -0.00103768 -0.000872573 0.999999 -0.222411 -0.0965107 0.260688
FixedParameters: 0 0 0

#Transform 61
Transform: AffineTransform_float_3_3
Parameters: 0.999998 0.00103886 -0.00206664 -0.00105015 0.999985 -0.00539885 0.00206136 0.00540116 0.999984 -0.259291 -0.150501 -0.0100574
FixedParameters: 0 0 0

#Transform 62
Transform: AffineTransform_float_3_3
Parameters: 0.999997 -0.000892113 -0.00235783 0.000880886 0.999989 -0.00471009 0.00236217 0.00470791 0.999986 0.0349176 -0.00769428 0.347735
FixedParameters: 0 0 0

#Transform 63
Transform: AffineTransform_float_3_3
Parameters: 0.999985 -0.00129459 -0.00521918 0.0012464 0.999956 -0.00930364 0.00523082 0.00929636 0.999943 0.137825 -0.15594 -0.174423
FixedParameters: 0 0 0

#Transform 64
Transform: AffineTransform_float_3_3
Parameters: 0.999994 0.0013808 -0.00337478 -0.0013902 0.999996 -0.00272533 0.00337122 0.00272967 0.99999 -0.410818 -0.17416 -0.500132
FixedParameters: 0 0 0

#Transform 65
Transform: AffineTransform_float_3_3
Parameters: 0.999993 8.20577e-05 -0.00392325 -9.29403e-05 0.999996 -0.00278866 0.00392276 0.00278934 0.999989 -0.411869 -0.201651 -0.450728
FixedParameters: 0 0 0

#Transform 66
Transform: AffineTransform_float_3_3
Parameters: 0.999992 0.000888992 -0.00387585 -0.000897011 0.999998 -0.00206554 0.00387416 0.00206846 0.999991 -0.298024 0.0019472 -0.170318
FixedParameters: 0 0 0

#Transform 67
Transform: AffineTransform_float_3_3
Parameters: 0.999998 -0.00119017 -0.00190989 0.00119083 1 -9.12746e-05 0.00191011 8.87269e-05 0.999998 -0.22202 -0.0560044 -0.0885879
FixedParameters: 0 0 0

#Transform 68
Transform: AffineTransform_float_3_3
Parameters: 0.999998 -0.00119447 -0.00197931 0.00119053 0.999996 -0.00226036 0.0019817 0.00225764 0.999996 -0.142149 -0.251666 -0.417757
FixedParameters: 0 0 0

#Transform 69
Transform: AffineTransform_float_3_3
Parameters: 0.999998 -0.00111173 -0.00113736 0.00110827 0.999994 -0.00327626 0.00114064 0.00327474 0.999994 -0.187928 -0.205545 -0.460993
FixedParameters: 0 0 0

#Transform 70
Transform: AffineTransform_float_3_3
Parameters: 0.999998 -0.00119456 -0.00173888 0.00119044 0.999996 -0.00261908 0.00174212 0.00261692 0.999995 -0.188168 -0.185486 -0.0514708
FixedParameters: 0 0 0

#Transform 71
Transform: AffineTransform_float_3_3
Parameters: 0.999998 -0.00187113 -0.00138409 0.00186587 0.999992 -0.00370159 0.00139091 0.00369841 0.999992 -0.0637896 -0.255821 -0.342521
FixedParameters: 0 0 0

#Transform 72
Transform: AffineTransform_float_3_3
Parameters: 0.999997 -0.00164392 -0.00173687 0.00163108 0.999971 -0.00741186 0.00174914 0.00740915 0.999971 -0.0579278 -0.253146 -0.686099
FixedParameters: 0 0 0

#Transform 73
Transform: AffineTransform_float_3_3
Parameters: 0.999999 -0.0010562 -0.00112414 0.0010508 0.999989 -0.00461518 0.00112886 0.00461381 0.999988 -0.0865944 -0.218321 -0.504622
FixedParameters: 0 0 0

#Transform 74
Transform: AffineTransform_float_3_3
Parameters: 0.999999 -0.000689575 -0.00116831 0.000685426 0.999992 -0.0039118 0.00117069 0.0039112 0.999991 -0.110391 -0.136477 -0.114738
FixedParameters: 0 0 0

#Transform 75
Transform: AffineTransform_float_3_3
Parameters: 0.999993 0.000875202 -0.00367428 -0.000892795 0.999988 -0.00484475 0.00366971 0.00484824 0.999981 -0.244779 -0.208443 -0.0302355
FixedParameters: 0 0 0

#Transform 76
Transform: AffineTransform_float_3_3
Parameters: 0.999997 0.000218825 -0.00252081 -0.000227174 0.999994 -0.00363944 0.00252019 0.00364057 0.99999 -0.230849 -0.141818 -0.421787
FixedParameters: 0 0 0

#Transform 77
Transform: AffineTransform_float_3_3
Parameters: 0.999996 -0.00203264 -0.00161342 0.00202936 0.999996 -0.00225528 0.00161758 0.00225172 0.999996 -0.121714 -0.100405 -0.0756452
FixedParameters: 0 0 0

#Transform 78
Transform: AffineTransform_float_3_3
Parameters: 0.999997 -0.00246001 -0.000537411 0.00245899 0.999995 -0.00186633 0.000541588 0.00186467 0.999998 -0.0761617 -0.110754 -0.232665
FixedParameters: 0 0 0

#Transform 79
Transform: AffineTransform_float_3_3
Parameters: 0.999989 -0.00383118 0.00247718 0.00383083 0.999993 0.000478495 -0.00247882 -0.000469508 0.999997 0.248541 -0.194811 -0.552997
FixedParameters: 0 0 0

#Transform 80
Transform: AffineTransform_float_3_3
Parameters: 0.999994 -0.00292276 0.00189136 0.00292323 0.999995 -0.000121472 -0.00189164 0.00012653 0.999998 0.152672 -0.159065 -0.338539
FixedParameters: 0 0 0

#Transform 81
Transform: AffineTransform_float_3_3
Parameters: 0.999998 -0.000925194 0.00189188 0.000926807 0.999999 -0.000954249 -0.00189112 0.000955752 0.999998 -0.137878 -0.165134 0.190323
FixedParameters: 0 0 0

#Transform 82
Transform: AffineTransform_float_3_3
Parameters: 0.999999 -0.0010767 0.00140653 0.0010793 0.999996 -0.00234449 -0.00140447 0.00234652 0.999997 -0.109336 -0.230891 -0.127895
FixedParameters: 0 0 0

#Transform 83
Transform: AffineTransform_float_3_3
Parameters: 0.999997 -0.00218163 4.96818e-05 0.00218237 0.999952 -0.00947891 -2.93145e-05 0.00947908 0.999955 0.258452 -0.108035 0.0663221
FixedParameters: 0 0 0

#Transform 84
Transform: AffineTransform_float_3_3
Parameters: 0.999999 -0.000978319 -0.00106834 0.000971677 0.999976 -0.00683005 0.00107566 0.00682896 0.999976 0.00282468 -0.226752 -0.0811729
FixedParameters: 0 0 0

#Transform 85
Transform: AffineTransform_float_3_3
Parameters: 1 -0.000451761 -0.00106483 0.000449238 0.999996 -0.00259248 0.00106617 0.00259152 0.999996 -0.482976 -0.292512 -0.493684
FixedParameters: 0 0 0

#Transform 86
Transform: AffineTransform_float_3_3
Parameters: 0.999999 -0.00142329 -0.000196884 0.00142271 0.999998 -0.00148728 0.000199116 0.00148672 0.999999 -0.248057 -0.130163 0.104153
FixedParameters: 0 0 0

#Transform 87
Transform: AffineTransform_float_3_3
Parameters: 0.999998 -0.00159354 -0.000387732 0.00159146 0.999991 -0.00393562 0.000394265 0.00393438 0.999992 -0.0208205 -0.192417 -0.279969
FixedParameters: 0 0 0

#Transform 88
Transform: AffineTransform_float_3_3
Parameters: 0.999989 -0.00470843 0.00102735 0.00471558 0.999961 -0.00749824 -0.00099266 0.00750276 0.999972 0.318694 -0.122799 -0.0092543
FixedParameters: 0 0 0

#Transform 89
Transform: AffineTransform_float_3_3
Parameters: 0.999978 0.00122209 -0.00661334 -0.00123992 0.999995 -0.00270586 0.00660967 0.00271314 0.999975 -0.253251 -0.102845 0.0755813
FixedParameters: 0 0 0

#Transform 90
Transform: AffineTransform_float_3_3
Parameters: 0.999979 0.00563722 -0.00318985 -0.00563578 0.999984 0.000390985 0.00319215 -0.000373013 0.999995 -0.758596 -0.328866 -0.411018
FixedParameters: 0 0 0

#Transform 91
Transform: AffineTransform_float_3_3
Parameters: 0.999997 -0.00198785 -0.00133552 0.00197615 0.999959 -0.00881867 0.00135248 0.00881634 0.99996 -0.293194 -0.272138 -0.726509
FixedParameters: 0 0 0

#Transform 92
Transform: AffineTransform_float_3_3
Parameters: 0.999997 -0.0023582 -0.000813081 0.0023528 0.999977 -0.00633393 0.000827917 0.00633207 0.999979 -0.0758711 -0.169524 -0.229654
FixedParameters: 0 0 0

#Transform 93
Transform: AffineTransform_float_3_3
Parameters: 0.999995 -0.00286001 -0.00129077 0.00285399 0.999985 -0.0046337 0.00130423 0.00462929 0.999988 0.243138 -0.153721 0.206041
FixedParameters: 0 0 0

#Transform 94
Transform: AffineTransform_float_3_3
Parameters: 0.999993 -0.00312698 -0.00174214 0.00311302 0.999964 -0.00797148 0.00176686 0.00796653 0.999966 0.22604 -0.220382 -0.432365
FixedParameters: 0 0 0

#Transform 95
Transform: AffineTransform_float_3_3
Parameters: 0.999999 -0.000647342 -0.000331289 0.000647659 0.999998 0.00199079 0.000330712 -0.00199021 0.999998 -0.0690654 -0.108741 0.235703
FixedParameters: 0 0 0

#Transform 96
Transform: AffineTransform_float_3_3
Parameters: 1 0.000419193 0.00091023 -0.000423807 0.999986 0.00528861 -0.000907772 -0.00528838 0.999985 -0.244326 -0.177594 0.224162
FixedParameters: 0 0 0

#Transform 97
Transform: AffineTransform_float_3_3
Parameters: 0.999999 -0.000893233 0.00103227 0.000896767 0.999993 -0.00365508 -0.00102873 0.00365592 0.999993 -0.151731 -0.14195 -0.555195
FixedParameters: 0 0 0

#Transform 98
Transform: AffineTransform_float_3_3
Parameters: 0.999952 -0.00805973 0.00547877 0.00809226 0.99995 -0.00589294 -0.00543122 0.00593705 0.999967 0.44268 -0.111548 -0.03731
FixedParameters: 0 0 0

#Transform 99
Transform: AffineTransform_float_3_3
Parameters: 0.999979 -0.00459391 0.00452812 0.0045961 0.99999 -0.000452198 -0.00452587 0.000472801 0.999989 0.196952 -0.273799 -0.242596
FixedParameters: 0 0 0

#Transform 100
Transform: AffineTransform_float_3_3
Parameters: 0.999999 0.000395097 0.00176477 -0.000384902 0.999983 -0.00571769 -0.00176723 0.00571731 0.999982 -0.301458 -0.362147 -0.710585
FixedParameters: 0 0 0

#Transform 101
Transform: AffineTransform_float_3_3
Parameters: 0.999986 -0.00431063 0.00299697 0.00431137 0.99999 -0.000451085 -0.00299503 0.000463917 0.999996 0.241623 -0.107066 0.246375
FixedParameters: 0 0 0

#Transform 102
Transform: AffineTransform_float_3_3
Parameters: 0.999991 -0.00386671 0.00163668 0.00386728 0.999992 -0.000171672 -0.00163633 0.000177329 0.999998 0.21527 -0.0932181 0.180172
FixedParameters: 0 0 0

#Transform 103
Transform: AffineTransform_float_3_3
Parameters: 0.999983 -0.0034504 0.00483776 0.0034716 0.999985 -0.00425528 -0.00482324 0.00427272 0.999979 0.134212 -0.196338 -0.284355
FixedParameters: 0 0 0

#Transform 104
Transform: AffineTransform_float_3_3
Parameters: 0.999982 -0.00333378 0.00499824 0.00335822 0.999982 -0.0048453 -0.00498276 0.0048617 0.999976 0.157658 -0.230696 -0.205061
FixedParameters: 0 0 0

#Transform 105
Transform: AffineTransform_float_3_3
Parameters: 0.999985 -0.00193433 0.00498937 0.00194267 0.999996 -0.00173333 -0.00498563 0.00174367 0.999986 0.135179 -0.360331 -0.524541
FixedParameters: 0 0 0

#Transform 106
Transform: AffineTransform_float_3_3
Parameters: 0.999888 -0.00942204 0.011682 0.00944796 0.999953 -0.00216887 -0.011661 0.00227913 0.99993 1.04045 -0.356122 -0.6249
FixedParameters: 0 0 0

#Transform 107
Transform: AffineTransform_float_3_3
Parameters: 0.99993 -0.00570011 0.0103213 0.00571689 0.999983 -0.00160811 -0.0103117 0.00166689 0.999946 0.395949 -0.192583 0.0590989
FixedParameters: 0 0 0

#Transform 108
Transform: AffineTransform_float_3_3
Parameters: 0.999955 3.76087e-05 0.009501 -3.73879e-05 1 4.06466e-05 -0.009501 -4.13592e-05 0.999955 -0.229347 -0.210199 -0.0968486
FixedParameters: 0 0 0

#Transform 109
Transform: AffineTransform_float_3_3
Parameters: 0.999918 -0.00609886 0.0112114 0.00613714 0.999975 -0.00346048 -0.0111896 0.00352853 0.999931 0.525867 -0.158319 -0.395889
FixedParameters: 0 0 0

#Transform 110
Transform: AffineTransform_float_3_3
Parameters: 0.999949 -0.00291023 0.00959969 0.00289577 0.999994 0.00149587 -0.0096043 -0.00146812 0.999953 -0.0529034 -0.115777 0.339356
FixedParameters: 0 0 0

#Transform 111
Transform: AffineTransform_float_3_3
Parameters: 0.999922 0.00725623 0.0101777 -0.00726678 0.999973 0.00102212 -0.0101703 -0.00109588 0.999947 -0.976001 -0.372529 -0.205331
FixedParameters: 0 0 0

#Transform 112
Transform: AffineTransform_float_3_3
Parameters: 0.999992 -0.00163129 0.00358924 0.00163371 0.999999 -0.000753143 -0.00358777 0.000758859 0.999994 -0.125418 -0.386766 -0.703247
FixedParameters: 0 0 0

#Transform 113
Transform: AffineTransform_float_3_3
Parameters: 0.999992 -0.00262079 0.00321629 0.00261521 0.999995 0.00180343 -0.00322071 -0.00179457 0.999993 0.138051 -0.350815 -0.283747
FixedParameters: 0 0 0

#Transform 114
Transform: AffineTransform_float_3_3
Parameters: 0.999965 -0.00777151 0.00328847 0.00792152 0.998806 -0.0481946 -0.00291051 0.0482183 0.998832 0.399349 -0.720849 -1.79149
FixedParameters: 0 0 0

#Transform 115
Transform: AffineTransform_float_3_3
Parameters: 0.99999 -0.00388683 0.00231888 0.00399317 0.998832 -0.0481542 -0.00212916 0.0481628 0.998837 -0.14093 -0.51779 -1.54448
FixedParameters: 0 0 0

#Transform 116
Transform: AffineTransform_float_3_3
Parameters: 0.99992 0.00567664 0.0113217 -0.00556136 0.999933 -0.0102198 -0.0113782 0.0101552 0.999883 -0.429611 -0.251305 -0.51055
FixedParameters: 0 0 0

#Transform 117
Transform: AffineTransform_float_3_3
Parameters: 0.999939 -0.00107717 0.0110461 0.00114783 0.999979 -0.00640772 -0.0110389 0.00642029 0.999919 0.104535 -0.259976 -0.335989
FixedParameters: 0 0 0

#Transform 118
Transform: AffineTransform_float_3_3
Parameters: 0.99992 0.00623538 0.0110475 -0.00618162 0.999968 -0.00494969 -0.0110785 0.00488131 0.999926 -0.658008 -0.059293 -0.20924
FixedParameters: 0 0 0

#Transform 119
Transform: AffineTransform_float_3_3
Parameters: 0.999956 0.00347383 0.00871591 -0.00342317 0.999977 -0.00584009 -0.00873609 0.00580991 0.999945 -0.152626 -0.0918412 0.0997594
FixedParameters: 0 0 0
