# transform file /out/sourcedata/freesurfer/sub-v2s0x29010_ses-1/mri/transforms/cc_up.lta
# created by oesteban on Tue Mar 10 09:10:20 2026

type      = 0 # LINEAR_VOX_TO_VOX
nxforms   = 1
mean      = 127.0000 102.0000 120.0000
sigma     = 10000.0000
1 4 4
9.961221218109131e-01 -7.980558276176453e-02 3.703679144382477e-02 6.889210700988770e+00 
7.975047826766968e-02 9.968103766441345e-01 2.965200459584594e-03 3.395491027832031e+01 
-3.715529665350914e-02 0.000000000000000e+00 9.993094801902771e-01 1.572393226623535e+01 
0.000000000000000e+00 0.000000000000000e+00 0.000000000000000e+00 1.000000000000000e+00 
src volume info
valid = 1  # volume info valid
filename = /out/sourcedata/freesurfer/sub-v2s0x29010_ses-1/mri/norm.mgz
volume = 256 256 256
voxelsize = 1.000000000000000e+00 1.000000000000000e+00 1.000000000000000e+00
xras   = -1.000000000000000e+00 0.000000000000000e+00 0.000000000000000e+00
yras   = 0.000000000000000e+00 0.000000000000000e+00 -1.000000000000000e+00
zras   = 0.000000000000000e+00 1.000000000000000e+00 0.000000000000000e+00
cras   = 7.740631103515625e-01 2.604222106933594e+01 1.529569244384766e+01
dst volume info
valid = 1  # volume info valid
filename = /out/sourcedata/freesurfer/sub-v2s0x29010_ses-1/mri/norm.mgz
volume = 256 256 256
voxelsize = 1.000000000000000e+00 1.000000000000000e+00 1.000000000000000e+00
xras   = -1.000000000000000e+00 0.000000000000000e+00 0.000000000000000e+00
yras   = 0.000000000000000e+00 0.000000000000000e+00 -1.000000000000000e+00
zras   = 0.000000000000000e+00 1.000000000000000e+00 0.000000000000000e+00
cras   = 7.740631103515625e-01 2.604222106933594e+01 1.529569244384766e+01
