# transform file transforms/talairach.lta
# created by oesteban on Tue Mar 10 08:18:01 2026

type      = 0 # LINEAR_VOX_TO_VOX
nxforms   = 1
mean      = 127.0000 102.0000 120.0000
sigma     = 10000.0000
1 4 4
1.062420487403870e+00 -1.545652896165848e-01 5.157099664211273e-02 1.733322143554688e+00 
1.247477829456329e-01 1.101816654205322e+00 -1.248959526419640e-01 5.918491363525391e+00 
-3.514147549867630e-02 1.526849567890167e-01 9.638655185699463e-01 -1.656068611145020e+01 
0.000000000000000e+00 0.000000000000000e+00 0.000000000000000e+00 1.000000000000000e+00 
src volume info
valid = 1  # volume info valid
filename = nu.mgz
volume = 256 256 256
voxelsize = 1.000000000000000e+00 1.000000000000000e+00 1.000000000000000e+00
xras   = -1.000000000000000e+00 0.000000000000000e+00 0.000000000000000e+00
yras   = 0.000000000000000e+00 0.000000000000000e+00 -1.000000000000000e+00
zras   = 0.000000000000000e+00 1.000000000000000e+00 0.000000000000000e+00
cras   = 7.740631103515625e-01 2.604222106933594e+01 1.529569244384766e+01
dst volume info
valid = 1  # volume info valid
filename = /opt/freesurfer/average/RB_all_2020-01-02.gca
volume = 256 256 256
voxelsize = 1.000000000000000e+00 1.000000000000000e+00 1.000000000000000e+00
xras   = -1.000000000000000e+00 0.000000000000000e+00 0.000000000000000e+00
yras   = 0.000000000000000e+00 0.000000000000000e+00 -1.000000000000000e+00
zras   = 0.000000000000000e+00 1.000000000000000e+00 0.000000000000000e+00
cras   = 0.000000000000000e+00 0.000000000000000e+00 0.000000000000000e+00
