# transform file /out/sourcedata/freesurfer/sub-v2s0x29040_ses-1/mri/transforms/cc_up.lta
# created by oesteban on Tue Mar 10 11:21:53 2026

type      = 0 # LINEAR_VOX_TO_VOX
nxforms   = 1
mean      = 127.0000 92.0000 124.0000
sigma     = 10000.0000
1 4 4
9.999222755432129e-01 1.263446523807943e-03 -1.239708065986633e-02 2.368098974227905e+00 
-1.263349433429539e-03 9.999991059303284e-01 1.566306309541687e-05 5.515866851806641e+01 
1.239709090441465e-02 -1.818989186705422e-12 9.999231100082397e-01 9.434560775756836e+00 
0.000000000000000e+00 0.000000000000000e+00 0.000000000000000e+00 1.000000000000000e+00 
src volume info
valid = 1  # volume info valid
filename = /out/sourcedata/freesurfer/sub-v2s0x29040_ses-1/mri/norm.mgz
volume = 256 256 256
voxelsize = 1.000000000000000e+00 1.000000000000000e+00 1.000000000000000e+00
xras   = -1.000000000000000e+00 0.000000000000000e+00 0.000000000000000e+00
yras   = 0.000000000000000e+00 0.000000000000000e+00 -1.000000000000000e+00
zras   = 0.000000000000000e+00 1.000000000000000e+00 0.000000000000000e+00
cras   = 7.740631103515625e-01 3.051402282714844e+01 -8.103851318359375e+00
dst volume info
valid = 1  # volume info valid
filename = /out/sourcedata/freesurfer/sub-v2s0x29040_ses-1/mri/norm.mgz
volume = 256 256 256
voxelsize = 1.000000000000000e+00 1.000000000000000e+00 1.000000000000000e+00
xras   = -1.000000000000000e+00 0.000000000000000e+00 0.000000000000000e+00
yras   = 0.000000000000000e+00 0.000000000000000e+00 -1.000000000000000e+00
zras   = 0.000000000000000e+00 1.000000000000000e+00 0.000000000000000e+00
cras   = 7.740631103515625e-01 3.051402282714844e+01 -8.103851318359375e+00
