# transform file /out/sourcedata/freesurfer/sub-v2s0x29032_ses-1/mri/transforms/cc_up.lta
# created by oesteban on Tue Mar 10 10:38:59 2026

type      = 0 # LINEAR_VOX_TO_VOX
nxforms   = 1
mean      = 131.0000 135.0000 115.0000
sigma     = 10000.0000
1 4 4
9.980064630508423e-01 -6.233630701899529e-02 -9.868295863270760e-03 8.231009483337402e+00 
6.233325973153114e-02 9.980552792549133e-01 -6.163517828099430e-04 4.293459415435791e+00 
9.887524880468845e-03 0.000000000000000e+00 9.999511837959290e-01 1.073610877990723e+01 
0.000000000000000e+00 0.000000000000000e+00 0.000000000000000e+00 1.000000000000000e+00 
src volume info
valid = 1  # volume info valid
filename = /out/sourcedata/freesurfer/sub-v2s0x29032_ses-1/mri/norm.mgz
volume = 256 256 256
voxelsize = 1.000000000000000e+00 1.000000000000000e+00 1.000000000000000e+00
xras   = -1.000000000000000e+00 0.000000000000000e+00 0.000000000000000e+00
yras   = 0.000000000000000e+00 0.000000000000000e+00 -1.000000000000000e+00
zras   = 0.000000000000000e+00 1.000000000000000e+00 0.000000000000000e+00
cras   = 9.960708618164062e+00 4.132078552246094e+01 7.544783782958984e+01
dst volume info
valid = 1  # volume info valid
filename = /out/sourcedata/freesurfer/sub-v2s0x29032_ses-1/mri/norm.mgz
volume = 256 256 256
voxelsize = 1.000000000000000e+00 1.000000000000000e+00 1.000000000000000e+00
xras   = -1.000000000000000e+00 0.000000000000000e+00 0.000000000000000e+00
yras   = 0.000000000000000e+00 0.000000000000000e+00 -1.000000000000000e+00
zras   = 0.000000000000000e+00 1.000000000000000e+00 0.000000000000000e+00
cras   = 9.960708618164062e+00 4.132078552246094e+01 7.544783782958984e+01
