#Insight Transform File V1.0
#Transform 0
Transform: AffineTransform_float_3_3
Parameters: 0.999999 -0.000321122 -0.000662941 0.000320878 1 -0.000183213 0.000663059 0.000183787 1 -0.0344034 0.157736 0.100098
FixedParameters: 0 0 0

#Transform 1
Transform: AffineTransform_float_3_3
Parameters: 1 -0.000441006 -0.00107059 0.000439995 1 -0.000938472 0.00107141 0.000938529 0.999999 -0.0168159 0.04859 -0.0580367
FixedParameters: 0 0 0

#Transform 2
Transform: AffineTransform_float_3_3
Parameters: 1 -0.000106228 -0.00107098 0.000105772 1 -0.000213113 0.00107102 0.000212886 1 -0.0552529 0.0800581 0.0220283
FixedParameters: 0 0 0

#Transform 3
Transform: AffineTransform_float_3_3
Parameters: 0.999999 -0.00044033 -0.000751806 0.000439669 1 -0.00043933 0.000752192 0.000438669 0.999999 -0.0270455 0.212378 0.0515564
FixedParameters: 0 0 0

#Transform 4
Transform: AffineTransform_float_3_3
Parameters: 0.999999 -0.00044029 -0.000561773 0.00043971 1 -0.000516247 0.000562227 0.000516752 0.999999 0.0158027 0.14038 -0.239677
FixedParameters: 0 0 0

#Transform 5
Transform: AffineTransform_float_3_3
Parameters: 0.999999 -0.00043965 -0.00059326 0.00043935 0.999999 0.000590739 0.00059274 -0.00059026 0.999999 0.0152047 -0.0286641 0.00109948
FixedParameters: 0 0 0

#Transform 6
Transform: AffineTransform_float_3_3
Parameters: 1 -0.000439995 4.80458e-05 0.000440005 1 -0.000103979 -4.79542e-05 0.000104021 1 -0.0390675 0.22131 0.117044
FixedParameters: 0 0 0

#Transform 7
Transform: AffineTransform_float_3_3
Parameters: 0.999999 -4.13374e-05 -0.000731981 4.06625e-05 1 -0.00046103 0.000732018 0.00046097 0.999999 -0.0058135 0.208065 0.00878899
FixedParameters: 0 0 0

#Transform 8
Transform: AffineTransform_float_3_3
Parameters: 1 -0.000439926 -0.000221146 0.000440073 1 0.000332903 0.000220854 -0.000332097 1 -0.0252511 0.137219 0.0920332
FixedParameters: 0 0 0

#Transform 9
Transform: AffineTransform_float_3_3
Parameters: 0.999999 -0.000856017 -0.000239938 0.000855982 0.999999 -7.22054e-05 0.000240061 7.17945e-05 1 0.0715489 0.0316095 -0.104847
FixedParameters: 0 0 0

#Transform 10
Transform: AffineTransform_float_3_3
Parameters: 1 -0.000523406 -0.000429724 0.000524594 0.999999 0.00138177 0.000429275 -0.00138222 0.999999 -0.00629018 -0.0163891 0.0299029
FixedParameters: 0 0 0

#Transform 11
Transform: AffineTransform_float_3_3
Parameters: 1 -0.00112901 -0.000320524 0.00113 0.999995 0.00311964 0.000317476 -0.00312036 0.999995 0.0439067 0.338738 0.46912
FixedParameters: 0 0 0

#Transform 12
Transform: AffineTransform_float_3_3
Parameters: 1 -0.000633019 -0.000125903 0.000632981 1 -0.00015308 0.000125097 0.000152921 1 0.00298665 0.130005 0.0401832
FixedParameters: 0 0 0

#Transform 13
Transform: AffineTransform_float_3_3
Parameters: 1 0.000361974 0.000109088 -0.000362026 1 0.00024196 -0.000108912 -0.000242039 1 -0.05245 -0.016365 -0.0816373
FixedParameters: 0 0 0

#Transform 14
Transform: AffineTransform_float_3_3
Parameters: 1 4.30017e-05 -0.000153 -4.29983e-05 1 1.10066e-05 0.000153 -1.09934e-05 1 -0.0502651 0.247855 0.0328128
FixedParameters: 0 0 0

#Transform 15
Transform: AffineTransform_float_3_3
Parameters: 1 -0.000600593 0.000263927 0.000601406 0.999998 -0.00154284 -0.000263072 0.00154316 0.999999 0.00629043 0.238051 -0.125883
FixedParameters: 0 0 0

#Transform 16
Transform: AffineTransform_float_3_3
Parameters: 1 -0.000104576 -0.000497089 0.000104424 0.999999 0.000852947 0.000496911 -0.000853051 0.999999 -0.0188414 -0.0834625 0.0801353
FixedParameters: 0 0 0

#Transform 17
Transform: AffineTransform_float_3_3
Parameters: 1 -0.000429958 0.000192093 0.000430042 1 -0.000215917 -0.000192907 0.000216083 1 -0.0141643 0.174515 0.101921
FixedParameters: 0 0 0

#Transform 18
Transform: AffineTransform_float_3_3
Parameters: 1 0.00013166 -0.000344131 -0.000132341 0.999999 -0.000988954 0.000344869 0.000989045 1 -0.0386342 0.314161 0.021843
FixedParameters: 0 0 0

#Transform 19
Transform: AffineTransform_float_3_3
Parameters: 1 -0.000429965 0.000151099 0.000430035 1 -0.000229935 -0.000150901 0.000230065 1 -0.0166439 0.102984 0.0489004
FixedParameters: 0 0 0

#Transform 20
Transform: AffineTransform_float_3_3
Parameters: 1 -0.000121125 -0.000406963 0.000120875 1 -0.000307049 0.000407037 0.000307951 1 0.00085614 0.00431265 -0.0211204
FixedParameters: 0 0 0

#Transform 21
Transform: AffineTransform_float_3_3
Parameters: 1 -0.000429953 -0.000217092 0.000430046 1 0.000213907 0.000216908 -0.000214093 1 0.00183092 0.0460521 0.0808088
FixedParameters: 0 0 0

#Transform 22
Transform: AffineTransform_float_3_3
Parameters: 1 -0.000430056 0.000191875 0.000429944 1 0.000290082 -0.000192125 -0.000289917 1 -0.0223868 0.316967 0.0955559
FixedParameters: 0 0 0

#Transform 23
Transform: AffineTransform_float_3_3
Parameters: 0.999999 -0.00133306 -7.49961e-05 0.00133294 0.999999 -0.0007531 7.60036e-05 0.000752899 0.999999 0.0669075 0.139064 -0.0997062
FixedParameters: 0 0 0

#Transform 24
Transform: AffineTransform_float_3_3
Parameters: 1 -3.22645e-05 0.000411979 3.17355e-05 1 0.000642013 -0.00041202 -0.000641986 0.999999 -0.0177341 0.00782629 0.135079
FixedParameters: 0 0 0

#Transform 25
Transform: AffineTransform_float_3_3
Parameters: 1 -2.59839e-05 -7.60055e-05 2.60161e-05 1 0.000211998 7.59945e-05 -0.000212002 1 -0.0327205 0.349137 0.126078
FixedParameters: 0 0 0

#Transform 26
Transform: AffineTransform_float_3_3
Parameters: 1 -0.000936946 -0.000479106 0.000936054 0.999999 0.000112552 0.000478894 -0.000113449 1 0.0509801 -0.0101885 -0.199155
FixedParameters: 0 0 0

#Transform 27
Transform: AffineTransform_float_3_3
Parameters: 1 0.000238432 -0.000642102 -0.000235569 0.999993 0.00378415 0.000642896 -0.00378485 0.999992 -0.0210937 -0.167093 0.258883
FixedParameters: 0 0 0

#Transform 28
Transform: AffineTransform_float_3_3
Parameters: 0.999999 0.00123777 0.000410693 -0.00123823 0.999999 0.000559492 -0.000409308 -0.000559507 1 -0.142888 0.515226 0.30308
FixedParameters: 0 0 0

#Transform 29
Transform: AffineTransform_float_3_3
Parameters: 1 0.000264527 0.00115042 -0.000262472 0.999998 -0.0021963 -0.00115158 0.0021957 0.999997 -0.0527679 0.428819 -0.0115303
FixedParameters: 0 0 0

#Transform 30
Transform: AffineTransform_float_3_3
Parameters: 0.999999 2.13285e-05 0.000859991 -2.06715e-05 1 -0.000382018 -0.000860007 0.000381982 0.999999 -0.0382545 0.0988662 0.0234262
FixedParameters: 0 0 0

#Transform 31
Transform: AffineTransform_float_3_3
Parameters: 1 -5.73812e-05 0.000549065 5.86187e-05 1 -0.00112697 -0.000548934 0.00112703 0.999999 -0.0198531 -0.0423525 -0.0966853
FixedParameters: 0 0 0

#Transform 32
Transform: AffineTransform_float_3_3
Parameters: 1 -5.81493e-05 0.000548984 5.88506e-05 1 0.000272032 -0.000549016 -0.000271968 1 -0.0197436 -0.0596299 0.111967
FixedParameters: 0 0 0

#Transform 33
Transform: AffineTransform_float_3_3
Parameters: 1 -0.000167804 0.0003291 0.000168196 1 -0.000596944 -0.0003289 0.000597055 1 -0.0169084 0.26572 0.118724
FixedParameters: 0 0 0

#Transform 34
Transform: AffineTransform_float_3_3
Parameters: 1 -0.000439402 0.000549479 0.000439598 1 -0.00108876 -0.000548522 0.00108824 1 0.00724267 0.256703 -0.0510341
FixedParameters: 0 0 0

#Transform 35
Transform: AffineTransform_float_3_3
Parameters: 1 -0.000344938 -0.000197108 0.000345062 1 0.000313932 0.000196892 -0.000314068 1 0.00396287 -0.0820104 0.151285
FixedParameters: 0 0 0

#Transform 36
Transform: AffineTransform_float_3_3
Parameters: 1 -0.000205067 0.000308955 0.000204933 1 0.000218063 -0.000309045 -0.000217937 1 -0.00829994 0.153146 0.108127
FixedParameters: 0 0 0

#Transform 37
Transform: AffineTransform_float_3_3
Parameters: 1 -0.000385024 -0.000196952 0.000384975 1 -0.000124076 0.000197048 0.000123924 1 -0.0497643 0.280317 -0.0240413
FixedParameters: 0 0 0

#Transform 38
Transform: AffineTransform_float_3_3
Parameters: 1 -0.00038895 -0.000197098 0.00038905 1 0.000251923 0.000196902 -0.000252077 1 0.0163952 -0.0128381 0.0680418
FixedParameters: 0 0 0

#Transform 39
Transform: AffineTransform_float_3_3
Parameters: 1 -0.000166026 0.000345987 0.000165974 1 7.60574e-05 -0.000346013 -7.59426e-05 1 -0.0311883 0.0805101 0.0923679
FixedParameters: 0 0 0

#Transform 40
Transform: AffineTransform_float_3_3
Parameters: 1 -0.000468951 9.72345e-05 0.000469048 1 -0.000499954 -9.67655e-05 0.000500045 1 -0.0027265 0.199717 -0.103928
FixedParameters: 0 0 0

#Transform 41
Transform: AffineTransform_float_3_3
Parameters: 0.999999 -0.00120649 -0.000476831 0.00120751 0.999994 0.00317343 0.000473171 -0.00317357 0.999995 0.0514021 -0.121734 0.0587697
FixedParameters: 0 0 0

#Transform 42
Transform: AffineTransform_float_3_3
Parameters: 0.999999 0.000460126 -0.000587119 -0.000459874 0.999998 0.00191727 0.000587882 -0.00191673 0.999998 -0.0749361 0.257518 0.228225
FixedParameters: 0 0 0

#Transform 43
Transform: AffineTransform_float_3_3
Parameters: 1 9.10275e-05 3.09192e-05 -9.09724e-05 0.999999 -0.000888002 -3.10808e-05 0.000887996 0.999999 -0.120053 0.577445 0.069835
FixedParameters: 0 0 0

#Transform 44
Transform: AffineTransform_float_3_3
Parameters: 1 -0.000162976 2.51535e-05 0.000163023 0.999999 -0.000941995 -2.48464e-05 0.000942003 0.999999 -0.0537809 0.0967226 -0.0948819
FixedParameters: 0 0 0

#Transform 45
Transform: AffineTransform_float_3_3
Parameters: 1 -0.000258138 -0.000143753 0.000258863 1 -0.000958037 0.000143248 0.000957963 0.999999 -0.000484425 0.0442728 -0.00250068
FixedParameters: 0 0 0

#Transform 46
Transform: AffineTransform_float_3_3
Parameters: 1 -0.000360584 -0.000590644 0.000359416 1 -0.000988213 0.000591355 0.000987788 1 -0.00179121 -0.0504297 -0.0285546
FixedParameters: 0 0 0

#Transform 47
Transform: AffineTransform_float_3_3
Parameters: 1 -0.000196958 -0.000348024 0.000197042 1 0.000120931 0.000347976 -0.000121069 1 0.0175968 -0.0370169 0.10117
FixedParameters: 0 0 0

#Transform 48
Transform: AffineTransform_float_3_3
Parameters: 1 -0.000499052 -9.57305e-05 0.000498948 0.999999 -0.000540048 9.62694e-05 0.000539952 1 0.0100568 0.28188 0.108267
FixedParameters: 0 0 0

#Transform 49
Transform: AffineTransform_float_3_3
Parameters: 1 -0.000155768 -0.000591061 0.000155232 1 0.000392908 0.000590939 -0.000393092 0.999999 -0.0208174 0.170741 0.110386
FixedParameters: 0 0 0

#Transform 50
Transform: AffineTransform_float_3_3
Parameters: 0.999999 -0.000498759 -0.000562214 0.000499241 1 0.000428719 0.000562786 -0.000429281 0.999999 -0.0131659 0.177102 0.130073
FixedParameters: 0 0 0

#Transform 51
Transform: AffineTransform_float_3_3
Parameters: 1 -0.000498839 -0.000447179 0.00049916 1 0.000358777 0.000446821 -0.000359223 1 0.0107951 0.176201 0.0645285
FixedParameters: 0 0 0

#Transform 52
Transform: AffineTransform_float_3_3
Parameters: 1 -0.000498955 -0.000168134 0.000499045 1 0.000268916 0.000167866 -0.000269084 1 0.0265381 0.110205 0.18205
FixedParameters: 0 0 0

#Transform 53
Transform: AffineTransform_float_3_3
Parameters: 1 -0.000499022 -2.96302e-05 0.000498978 0.999999 -0.000741014 2.93697e-05 0.000740985 0.999999 -0.00082793 0.159245 0.0115594
FixedParameters: 0 0 0

#Transform 54
Transform: AffineTransform_float_3_3
Parameters: 0.999999 -0.000498411 -0.000528556 0.000498589 1 0.00111474 0.000528444 -0.00111526 0.999999 -0.0186489 0.0137461 0.0722385
FixedParameters: 0 0 0

#Transform 55
Transform: AffineTransform_float_3_3
Parameters: 0.999999 -0.000498718 -0.000528266 0.000499282 0.999999 0.000533736 0.000528733 -0.000534264 0.999999 -0.00899449 0.170681 0.084073
FixedParameters: 0 0 0

#Transform 56
Transform: AffineTransform_float_3_3
Parameters: 1 -0.000499005 5.29551e-05 0.000498995 1 9.00264e-05 -5.30449e-05 -8.99735e-05 1 -0.00605082 0.174807 0.0326702
FixedParameters: 0 0 0

#Transform 57
Transform: AffineTransform_float_3_3
Parameters: 0.999999 -0.000740006 -1.15789e-05 0.000739993 0.999999 -0.000569008 1.14211e-05 0.000568991 1 -0.00147242 0.214252 0.0408593
FixedParameters: 0 0 0

#Transform 58
Transform: AffineTransform_float_3_3
Parameters: 0.999999 -0.000969921 -9.9771e-05 0.000970078 0.999999 0.000794904 9.82297e-05 -0.000794096 0.999999 0.0364642 0.16472 0.146148
FixedParameters: 0 0 0

#Transform 59
Transform: AffineTransform_float_3_3
Parameters: 1 -0.000404947 -0.000106203 0.000405053 1 0.000500957 0.000105797 -0.000501043 1 0.00758183 0.167826 0.101478
FixedParameters: 0 0 0

#Transform 60
Transform: AffineTransform_float_3_3
Parameters: 1 -0.00055297 -0.000150111 0.00055303 1 0.000200917 0.000150889 -0.000201083 1 0.0283675 0.108644 0.0534316
FixedParameters: 0 0 0

#Transform 61
Transform: AffineTransform_float_3_3
Parameters: 1 -0.000667964 0.000151158 0.000668035 0.999999 -0.000235899 -0.000150842 0.000236101 1 0.0412761 0.0131132 0.0110424
FixedParameters: 0 0 0

#Transform 62
Transform: AffineTransform_float_3_3
Parameters: 1 -0.00113795 -2.35843e-05 0.00113805 0.999997 0.00227098 2.14155e-05 -0.00227103 0.999998 0.0943214 -0.092851 0.0768337
FixedParameters: 0 0 0

#Transform 63
Transform: AffineTransform_float_3_3
Parameters: 0.999999 -0.000971589 0.000852192 0.00097041 0.999998 0.00186283 -0.000854809 -0.00186217 0.999998 0.0261475 0.339414 0.259623
FixedParameters: 0 0 0

#Transform 64
Transform: AffineTransform_float_3_3
Parameters: 1 -0.00025597 0.00102251 0.000258029 0.999998 -0.00198574 -0.00102149 0.00198626 0.999998 -0.109627 0.588233 0.104828
FixedParameters: 0 0 0

#Transform 65
Transform: AffineTransform_float_3_3
Parameters: 1 -0.000320663 0.0010731 0.000320337 1 -0.000313657 -0.0010729 0.000314344 1 -0.00233561 0.122536 -0.119469
FixedParameters: 0 0 0

#Transform 66
Transform: AffineTransform_float_3_3
Parameters: 1 -8.61198e-05 0.00117507 8.688e-05 0.999999 -0.000748898 -0.00117494 0.000749102 0.999999 0.000787532 -0.0266149 -0.142045
FixedParameters: 0 0 0

#Transform 67
Transform: AffineTransform_float_3_3
Parameters: 0.999999 -5.99052e-05 0.000854006 5.90947e-05 1 -0.00011095 -0.000853993 0.000111051 0.999999 0.00616087 -0.0927888 0.112011
FixedParameters: 0 0 0

#Transform 68
Transform: AffineTransform_float_3_3
Parameters: 0.999999 -0.000215058 0.000977986 0.000214941 1 6.02102e-05 -0.000978012 -5.97897e-05 0.999999 0.0193087 0.185626 0.15769
FixedParameters: 0 0 0

#Transform 69
Transform: AffineTransform_float_3_3
Parameters: 1 -0.000135079 0.00119922 0.000137921 0.999998 -0.00160184 -0.00119878 0.00160216 0.999998 -0.00870304 0.210919 -0.0171021
FixedParameters: 0 0 0

#Transform 70
Transform: AffineTransform_float_3_3
Parameters: 1 -0.000552012 0.000996994 0.000551989 1 1.15503e-05 -0.000997006 -1.14496e-05 0.999999 0.0192733 0.0544567 0.0245716
FixedParameters: 0 0 0

#Transform 71
Transform: AffineTransform_float_3_3
Parameters: 0.999999 -0.000364341 0.00131518 0.000364658 1 -0.000500521 -0.00131482 0.000501479 0.999999 0.0268125 0.0300546 0.030026
FixedParameters: 0 0 0

#Transform 72
Transform: AffineTransform_float_3_3
Parameters: 0.999999 -0.000389152 0.000898933 0.000388848 1 0.00016935 -0.000899065 -0.00016965 0.999999 0.00958206 0.149445 0.142802
FixedParameters: 0 0 0

#Transform 73
Transform: AffineTransform_float_3_3
Parameters: 0.999998 -0.000805851 0.00148708 0.000806147 0.999999 -9.88013e-05 -0.00148692 0.000100198 0.999999 0.0120439 0.257086 0.0756378
FixedParameters: 0 0 0

#Transform 74
Transform: AffineTransform_float_3_3
Parameters: 0.999999 -0.000805632 0.0009903 0.000806368 0.999999 -0.000371202 -0.000990701 0.000371798 1 0.0555317 0.141805 -0.0650643
FixedParameters: 0 0 0

#Transform 75
Transform: AffineTransform_float_3_3
Parameters: 1 -0.000286137 0.000438911 0.000285863 1 0.000312125 -0.000439089 -0.000311874 1 -0.00154386 0.0459086 0.117867
FixedParameters: 0 0 0

#Transform 76
Transform: AffineTransform_float_3_3
Parameters: 1 -6.14137e-05 0.00106203 6.25862e-05 1 -0.000551934 -0.00106197 0.000552066 1 -0.00906778 0.165066 0.0381868
FixedParameters: 0 0 0

#Transform 77
Transform: AffineTransform_float_3_3
Parameters: 1 -0.000266028 0.00117399 0.000265973 1 2.33123e-05 -0.00117401 -2.36877e-05 1 0.0240654 0.0247043 0.011972
FixedParameters: 0 0 0

#Transform 78
Transform: AffineTransform_float_3_3
Parameters: 0.999999 -0.000239261 0.00151612 0.000239738 1 -0.000486637 -0.00151588 0.000487363 0.999998 0.00623032 0.156516 0.0461515
FixedParameters: 0 0 0

#Transform 79
Transform: AffineTransform_float_3_3
Parameters: 1 -0.000458665 0.000936164 0.000459335 1 -0.00035757 -0.000935835 0.000358429 0.999999 0.0370056 0.195178 0.0667396
FixedParameters: 0 0 0

#Transform 80
Transform: AffineTransform_float_3_3
Parameters: 0.999998 -0.000297179 0.00194013 0.00029782 1 -0.000422423 -0.00193987 0.000423577 0.999998 0.0355605 0.0464673 -0.0617611
FixedParameters: 0 0 0

#Transform 81
Transform: AffineTransform_float_3_3
Parameters: 1 -5.33859e-05 0.00102898 5.26151e-05 1 0.000374054 -0.00102902 -0.000374945 1 -0.0180206 0.0878383 0.116699
FixedParameters: 0 0 0

#Transform 82
Transform: AffineTransform_float_3_3
Parameters: 1 -0.000550192 0.0010909 0.000549809 1 0.0001756 -0.0010911 -0.0001754 0.999999 -0.0236278 0.349332 0.120983
FixedParameters: 0 0 0

#Transform 83
Transform: AffineTransform_float_3_3
Parameters: 0.999998 -0.000530521 0.00195467 0.000533479 0.999999 -0.00126796 -0.00195433 0.00126904 0.999998 0.00438799 0.205163 -0.0930335
FixedParameters: 0 0 0

#Transform 84
Transform: AffineTransform_float_3_3
Parameters: 0.999999 -0.000477682 0.00120173 0.000477317 0.999999 0.000568574 -0.00120127 -0.000567427 0.999999 0.00819908 -0.0794726 0.11936
FixedParameters: 0 0 0

#Transform 85
Transform: AffineTransform_float_3_3
Parameters: 0.999998 -0.000226611 0.00163105 0.000226389 1 -0.000238631 -0.00163094 0.00023837 0.999998 0.0227485 0.0541334 0.0345039
FixedParameters: 0 0 0

#Transform 86
Transform: AffineTransform_float_3_3
Parameters: 0.999998 -7.24745e-05 0.00197502 7.25272e-05 1 -0.000266857 -0.00197498 0.000266144 0.999998 0.0189895 0.147961 -0.0199696
FixedParameters: 0 0 0

#Transform 87
Transform: AffineTransform_float_3_3
Parameters: 0.999999 -0.000249544 0.000744818 0.000249456 0.999999 0.000730186 -0.000745182 -0.000729814 1 0.0112222 0.0822904 0.149795
FixedParameters: 0 0 0

#Transform 88
Transform: AffineTransform_float_3_3
Parameters: 0.999998 -0.000611685 0.0019371 0.000611316 1 -0.000162816 -0.0019369 0.000163185 0.999998 0.0543044 0.268258 0.00906421
FixedParameters: 0 0 0

#Transform 89
Transform: AffineTransform_float_3_3
Parameters: 0.999998 -0.000429204 0.00186441 0.000430797 1 -0.000963199 -0.00186459 0.000963802 0.999998 0.057257 0.0840687 -0.0665134
FixedParameters: 0 0 0

#Transform 90
Transform: AffineTransform_float_3_3
Parameters: 1 0.000552726 0.000960158 -0.000552273 1 0.00028447 -0.000959843 -0.000285531 1 -0.0685933 0.0318331 0.159345
FixedParameters: 0 0 0

#Transform 91
Transform: AffineTransform_float_3_3
Parameters: 1 -0.000118669 0.000623873 0.000117332 1 0.00107107 -0.000624126 -0.00107193 0.999999 -0.0151617 0.182701 0.199383
FixedParameters: 0 0 0

#Transform 92
Transform: AffineTransform_float_3_3
Parameters: 0.999998 -0.000360051 0.00191518 0.000360947 1 -0.00049431 -0.00191482 0.00049569 0.999998 0.0231983 0.164076 -0.0184362
FixedParameters: 0 0 0

#Transform 93
Transform: AffineTransform_float_3_3
Parameters: 0.999998 -0.000204476 0.00232605 0.000205525 1 -0.000225523 -0.00232596 0.000225476 0.999998 0.0104998 0.146253 -0.0110791
FixedParameters: 0 0 0

#Transform 94
Transform: AffineTransform_float_3_3
Parameters: 0.999999 -1.0273e-05 0.000743996 9.72695e-06 1 0.000367007 -0.000744003 -0.000366992 0.999999 -0.0201924 0.0987701 0.198255
FixedParameters: 0 0 0

#Transform 95
Transform: AffineTransform_float_3_3
Parameters: 0.999999 -0.000360505 0.00138213 0.000361496 1 -0.000358501 -0.00138187 0.000358498 0.999999 0.0107718 0.173894 0.10764
FixedParameters: 0 0 0

#Transform 96
Transform: AffineTransform_float_3_3
Parameters: 1 0.000278443 0.000962162 -0.000278557 1 0.000578732 -0.00096184 -0.000579268 1 -0.0241659 0.0960246 0.173862
FixedParameters: 0 0 0

#Transform 97
Transform: AffineTransform_float_3_3
Parameters: 1 -0.000307206 0.000961935 0.000306794 1 0.000214295 -0.000962067 -0.000213705 1 -0.00160334 0.221426 0.224634
FixedParameters: 0 0 0

#Transform 98
Transform: AffineTransform_float_3_3
Parameters: 0.999997 -0.000360742 0.00216104 0.000361256 1 -0.00011822 -0.00216096 0.00011978 0.999997 0.0402653 0.107887 -0.025655
FixedParameters: 0 0 0

#Transform 99
Transform: AffineTransform_float_3_3
Parameters: 0.999997 -0.000361866 0.00268489 0.000361134 1 0.000322971 -0.00268512 -0.00032203 0.999997 0.0456551 0.0249086 0.0185645
FixedParameters: 0 0 0

#Transform 100
Transform: AffineTransform_float_3_3
Parameters: 0.999998 -0.000361238 0.00231596 0.000361763 1 0.000102838 -0.00231604 -0.000102164 0.999998 0.0183011 0.154442 0.01647
FixedParameters: 0 0 0

#Transform 101
Transform: AffineTransform_float_3_3
Parameters: 0.999999 -0.000916194 0.00162133 0.000915808 1 0.000736487 -0.00162168 -0.000735516 0.999999 0.0948088 0.0822474 0.344537
FixedParameters: 0 0 0

#Transform 102
Transform: AffineTransform_float_3_3
Parameters: 0.999999 -0.000106338 0.00143076 0.000102661 0.999998 0.00233315 -0.00143124 -0.00233285 0.999997 -0.0183944 0.251645 0.534879
FixedParameters: 0 0 0

#Transform 103
Transform: AffineTransform_float_3_3
Parameters: 0.999998 0.000744969 0.00215774 -0.000750031 0.999997 0.00233139 -0.00215626 -0.00233361 0.999995 -0.0880265 0.0136316 0.200139
FixedParameters: 0 0 0

#Transform 104
Transform: AffineTransform_float_3_3
Parameters: 0.999994 -0.000264132 0.00327107 0.000264869 1 -0.000265135 -0.00327093 0.000265865 0.999994 0.060398 0.150456 -0.0739372
FixedParameters: 0 0 0

#Transform 105
Transform: AffineTransform_float_3_3
Parameters: 0.999995 0.000651041 0.00286331 -0.000647959 0.999999 -0.00106286 -0.00286369 0.00106114 0.999996 -0.0357577 0.232718 0.0110793
FixedParameters: 0 0 0

#Transform 106
Transform: AffineTransform_float_3_3
Parameters: 0.999996 -0.00018512 0.00303206 0.000185882 1 -0.000290438 -0.00303195 0.000290563 0.999996 0.0192257 0.0846734 0.0365487
FixedParameters: 0 0 0

#Transform 107
Transform: AffineTransform_float_3_3
Parameters: 0.999996 0.000361111 0.00275712 -0.000361889 1 0.000322003 -0.00275688 -0.000322997 0.999996 -0.00663938 0.198966 0.053241
FixedParameters: 0 0 0

#Transform 108
Transform: AffineTransform_float_3_3
Parameters: 0.999997 -0.000394536 0.00247475 0.000392465 0.999999 0.000620973 -0.00247424 -0.000620025 0.999996 0.032363 0.101409 0.0101348
FixedParameters: 0 0 0

#Transform 109
Transform: AffineTransform_float_3_3
Parameters: 0.999998 0.00015099 0.00206478 -0.000148011 0.999999 -0.00144731 -0.00206522 0.00144769 0.999997 -0.00651017 0.112966 -0.186077
FixedParameters: 0 0 0

#Transform 110
Transform: AffineTransform_float_3_3
Parameters: 0.999998 0.000340349 0.00206527 -0.000341652 0.999999 0.000799295 -0.00206573 -0.000799704 0.999997 -0.0222573 0.0848853 0.179309
FixedParameters: 0 0 0

#Transform 111
Transform: AffineTransform_float_3_3
Parameters: 1 2.85622e-05 0.00103001 -2.84377e-05 1 0.000424971 -0.00102999 -0.00042503 1 -0.00114658 0.114237 0.150994
FixedParameters: 0 0 0

#Transform 112
Transform: AffineTransform_float_3_3
Parameters: 0.999996 0.000241684 0.00274885 -0.000240317 1 -0.000612663 -0.00274915 0.000612338 0.999996 0.0023108 0.173531 -0.113111
FixedParameters: 0 0 0

#Transform 113
Transform: AffineTransform_float_3_3
Parameters: 1 0.000589065 0.000905957 -0.000588935 1 -7.25335e-05 -0.000906042 7.14663e-05 0.999999 -0.0606287 0.125804 0.169609
FixedParameters: 0 0 0

#Transform 114
Transform: AffineTransform_float_3_3
Parameters: 0.999998 0.000237885 0.00227533 -0.000241116 0.999999 0.00136946 -0.00227467 -0.00136955 0.999997 0.00153685 0.0799262 0.124613
FixedParameters: 0 0 0

#Transform 115
Transform: AffineTransform_float_3_3
Parameters: 0.999998 0.000733923 0.00219903 -0.000737078 0.999998 0.00139938 -0.00219797 -0.00140062 0.999996 -0.052013 0.117404 0.191685
FixedParameters: 0 0 0

#Transform 116
Transform: AffineTransform_float_3_3
Parameters: 0.999998 0.000534823 0.00149571 -0.000534177 0.999999 -0.000550799 -0.00149529 0.000550201 0.999998 -0.0901785 0.31142 0.192063
FixedParameters: 0 0 0

#Transform 117
Transform: AffineTransform_float_3_3
Parameters: 0.999996 0.000175524 0.00290003 -0.000176478 1 0.000164489 -0.00289997 -0.00016451 0.999996 0.0127374 0.107396 0.00121365
FixedParameters: 0 0 0

#Transform 118
Transform: AffineTransform_float_3_3
Parameters: 0.999996 0.000696404 0.00298108 -0.000701596 0.999998 0.00154092 -0.00297992 -0.00154308 0.999995 -0.0186414 0.00333012 0.115012
FixedParameters: 0 0 0

#Transform 119
Transform: AffineTransform_float_3_3
Parameters: 0.999996 4.6398e-07 0.002812 4.6398e-07 1 -0.000164999 -0.002812 0.000164999 0.999996 0.035297 0.0806344 -0.0152086
FixedParameters: 0 0 0
