#Insight Transform File V1.0
#Transform 0
Transform: AffineTransform_float_3_3
Parameters: 0.999989 -0.000730897 0.0047541 0.000725101 0.999999 0.00124246 -0.0047549 -0.00123854 0.999988 0.0708912 0.0541483 0.0175675
FixedParameters: 0 0 0

#Transform 1
Transform: AffineTransform_float_3_3
Parameters: 0.999988 -0.000893316 0.00469737 0.000889683 1 0.000708187 -0.00469763 -0.000703812 0.999988 0.0782798 0.0541818 -0.00698312
FixedParameters: 0 0 0

#Transform 2
Transform: AffineTransform_float_3_3
Parameters: 0.999989 -0.00132361 0.00454424 0.00132139 0.999999 0.000577011 -0.00454476 -0.000570991 0.999989 0.114295 0.0210212 -0.0128182
FixedParameters: 0 0 0

#Transform 3
Transform: AffineTransform_float_3_3
Parameters: 0.99999 -0.00176948 0.00411636 0.00176752 0.999999 0.00036428 -0.00411764 -0.000356718 0.999992 0.129746 0.0351423 0.0552676
FixedParameters: 0 0 0

#Transform 4
Transform: AffineTransform_float_3_3
Parameters: 0.99999 -0.00176976 0.00411625 0.00176824 0.999999 0.000430283 -0.00411776 -0.000422717 0.999992 0.104935 0.0215747 0.0492797
FixedParameters: 0 0 0

#Transform 5
Transform: AffineTransform_float_3_3
Parameters: 0.999994 -0.000724678 0.00355205 0.000720324 0.999999 0.00131757 -0.00355295 -0.00131543 0.999993 0.059848 0.0154178 0.0476187
FixedParameters: 0 0 0

#Transform 6
Transform: AffineTransform_float_3_3
Parameters: 0.999994 -0.00121298 0.00318425 0.00121103 0.999999 0.00062186 -0.00318475 -0.00061814 0.999994 0.0713398 0.0567786 0.033477
FixedParameters: 0 0 0

#Transform 7
Transform: AffineTransform_float_3_3
Parameters: 0.999996 -0.0006541 0.00278898 0.0006539 1 3.68239e-05 -0.00278902 -3.51758e-05 0.999996 0.042752 0.0973754 -0.00121138
FixedParameters: 0 0 0

#Transform 8
Transform: AffineTransform_float_3_3
Parameters: 0.999996 -0.00109175 0.00253911 0.00109225 1 -9.8227e-05 -0.00253889 0.000100772 0.999997 0.0628749 0.0296153 -0.00704151
FixedParameters: 0 0 0

#Transform 9
Transform: AffineTransform_float_3_3
Parameters: 0.999996 -0.00109262 0.00266875 0.00109238 1 0.000233916 -0.00266925 -0.000231085 0.999997 0.0507227 0.096387 0.0342708
FixedParameters: 0 0 0

#Transform 10
Transform: AffineTransform_float_3_3
Parameters: 0.999994 -0.00148545 0.00290675 0.00148255 0.999998 0.000845314 -0.00290725 -0.000840686 0.999996 0.0811089 0.0739986 0.0375058
FixedParameters: 0 0 0

#Transform 11
Transform: AffineTransform_float_3_3
Parameters: 0.999996 -0.001032 0.002539 0.001032 1 6.20256e-07 -0.002539 2.62025e-06 0.999997 0.0600142 0.101077 -0.0402855
FixedParameters: 0 0 0

#Transform 12
Transform: AffineTransform_float_3_3
Parameters: 0.999996 -0.000625975 0.00253851 0.000624023 0.999999 0.000779587 -0.00253849 -0.000777414 0.999997 0.0411735 0.100675 -0.00414945
FixedParameters: 0 0 0

#Transform 13
Transform: AffineTransform_float_3_3
Parameters: 0.999996 -0.000232974 0.00253882 0.000231024 0.999999 0.000778589 -0.00253918 -0.000777411 0.999997 0.0231532 0.0999132 0.0180069
FixedParameters: 0 0 0

#Transform 14
Transform: AffineTransform_float_3_3
Parameters: 0.999997 -0.00109125 0.00212138 0.00109275 1 -0.000351683 -0.00212161 0.000354316 0.999997 0.0392496 0.100931 -0.0739189
FixedParameters: 0 0 0

#Transform 15
Transform: AffineTransform_float_3_3
Parameters: 0.999998 -0.000954267 0.00207834 0.000954734 1 -0.000352017 -0.00207766 0.000353984 0.999998 0.0487222 -0.0102096 -0.0272452
FixedParameters: 0 0 0

#Transform 16
Transform: AffineTransform_float_3_3
Parameters: 0.999997 -0.00127626 0.00235832 0.00127574 0.999999 0.000537011 -0.00235868 -0.000533992 0.999997 0.0863016 -0.199193 0.0390507
FixedParameters: 0 0 0

#Transform 17
Transform: AffineTransform_float_3_3
Parameters: 0.999999 -0.000914807 0.00124088 0.000915193 0.999999 -0.000960865 -0.00124012 0.000962136 0.999999 0.013878 0.182111 -0.134876
FixedParameters: 0 0 0

#Transform 18
Transform: AffineTransform_float_3_3
Parameters: 1 3.01767e-05 0.000123957 -2.98233e-05 0.999999 -0.001425 -0.000124043 0.001425 0.999999 0.0112425 0.327688 -0.160048
FixedParameters: 0 0 0

#Transform 19
Transform: AffineTransform_float_3_3
Parameters: 1 -0.000686939 0.000682055 0.000686061 0.999999 0.00137647 -0.000682945 -0.00137553 0.999999 0.0256355 0.0634752 0.104001
FixedParameters: 0 0 0

#Transform 20
Transform: AffineTransform_float_3_3
Parameters: 1 -0.000159478 0.000494846 0.000158522 0.999999 0.000965079 -0.000495153 -0.000965921 1 0.00348883 0.0215181 0.00151212
FixedParameters: 0 0 0

#Transform 21
Transform: AffineTransform_float_3_3
Parameters: 0.999999 -0.000808971 0.000365063 0.000808028 0.999999 -7.7705e-05 -0.000364937 7.82952e-05 1 -0.00714168 0.0210069 -0.0735989
FixedParameters: 0 0 0

#Transform 22
Transform: AffineTransform_float_3_3
Parameters: 1 -0.000100055 0.000302982 9.99456e-05 1 0.00018003 -0.000302018 -0.00017997 1 -0.0136213 0.0371859 -0.0909846
FixedParameters: 0 0 0

#Transform 23
Transform: AffineTransform_float_3_3
Parameters: 1 -0.000991789 0.000620339 0.000992213 1 -0.000341385 -0.000620661 0.000341616 0.999999 0.0571499 0.0172078 0.030901
FixedParameters: 0 0 0

#Transform 24
Transform: AffineTransform_float_3_3
Parameters: 1 -0.000139147 0.000382947 0.000138854 1 0.000383053 -0.000382053 -0.000382947 1 0.0347972 0.103875 0.0395414
FixedParameters: 0 0 0

#Transform 25
Transform: AffineTransform_float_3_3
Parameters: 0.999999 -0.000996064 0.000997935 0.000995935 0.999999 6.49939e-05 -0.000998064 -6.40059e-05 0.999999 0.0515892 0.0579332 0.0433244
FixedParameters: 0 0 0

#Transform 26
Transform: AffineTransform_float_3_3
Parameters: 0.999999 -0.000304324 0.000700859 0.000304676 1 0.000463213 -0.000700141 -0.000462787 0.999999 0.0400608 -0.00607916 0.0822332
FixedParameters: 0 0 0

#Transform 27
Transform: AffineTransform_float_3_3
Parameters: 1 -0.000381878 0.00115904 0.000382123 1 -0.000105557 -0.00115896 0.000105443 1 0.0469711 0.0727683 -0.0141272
FixedParameters: 0 0 0

#Transform 28
Transform: AffineTransform_float_3_3
Parameters: 0.999999 -0.000523403 0.00113682 0.000523597 1 0.000354596 -0.00113719 -0.000354405 1 0.0630949 0.043637 0.094407
FixedParameters: 0 0 0

#Transform 29
Transform: AffineTransform_float_3_3
Parameters: 0.999999 -0.000553058 0.000700954 0.000552941 1 8.33876e-05 -0.000701045 -8.26123e-05 1 0.0416578 0.04441 0.0690628
FixedParameters: 0 0 0

#Transform 30
Transform: AffineTransform_float_3_3
Parameters: 0.999999 -0.000592471 0.00120326 0.000592529 0.999999 -0.000439287 -0.00120374 0.000439714 0.999999 0.056639 0.0150601 -0.0175297
FixedParameters: 0 0 0

#Transform 31
Transform: AffineTransform_float_3_3
Parameters: 0.999998 -0.00109577 0.0012192 0.00109623 1 -0.000184664 -0.0012188 0.000186336 0.999999 0.0797701 0.030583 -0.0298749
FixedParameters: 0 0 0

#Transform 32
Transform: AffineTransform_float_3_3
Parameters: 0.999999 -0.000955707 0.00116324 0.000955292 0.999999 -0.000250889 -0.00116376 0.000252112 1 0.0670553 0.127374 -0.0244808
FixedParameters: 0 0 0

#Transform 33
Transform: AffineTransform_float_3_3
Parameters: 1 -0.000259435 0.0010799 0.000258566 1 0.00040228 -0.00108011 -0.00040272 1 0.0629764 0.14016 0.0341579
FixedParameters: 0 0 0

#Transform 34
Transform: AffineTransform_float_3_3
Parameters: 1 -0.000442598 0.00102874 0.000441402 0.999999 0.000581454 -0.00102926 -0.000580545 1 0.0496392 0.0618877 0.00620781
FixedParameters: 0 0 0

#Transform 35
Transform: AffineTransform_float_3_3
Parameters: 0.999999 -0.000397382 0.000700783 0.000396618 1 0.000545278 -0.000700216 -0.000544722 0.999999 0.0475253 0.0117696 0.047117
FixedParameters: 0 0 0

#Transform 36
Transform: AffineTransform_float_3_3
Parameters: 0.999999 -0.000247139 0.000700951 0.000246861 1 0.000198173 -0.000701049 -0.000198827 0.999999 0.0404714 0.00466937 -0.0578801
FixedParameters: 0 0 0

#Transform 37
Transform: AffineTransform_float_3_3
Parameters: 1 -0.000485712 0.00109569 0.000485288 0.999999 0.000649532 -0.00109632 -0.000649468 0.999999 0.0693445 -0.055446 0.0414659
FixedParameters: 0 0 0

#Transform 38
Transform: AffineTransform_float_3_3
Parameters: 0.999999 -0.000587598 0.00109368 0.000586402 0.999999 0.000546642 -0.00109432 -0.000546357 1 0.0739493 0.0803732 0.0475403
FixedParameters: 0 0 0

#Transform 39
Transform: AffineTransform_float_3_3
Parameters: 1 -0.00062976 0.000878173 0.00063024 1 -0.000272447 -0.000877829 0.000273553 1 0.0757024 0.171485 -0.0701813
FixedParameters: 0 0 0

#Transform 40
Transform: AffineTransform_float_3_3
Parameters: 0.999999 -0.000827845 0.00104112 0.000828154 0.999999 -0.000148138 -0.00104088 0.000148862 0.999999 0.0597511 0.121219 -0.0461284
FixedParameters: 0 0 0

#Transform 41
Transform: AffineTransform_float_3_3
Parameters: 0.999999 -0.00086841 0.000906609 0.000868592 1 0.000451788 -0.000906393 -0.000451214 1 0.0673996 0.079717 0.0454487
FixedParameters: 0 0 0

#Transform 42
Transform: AffineTransform_float_3_3
Parameters: 0.999999 -0.000991497 0.00105954 0.000991504 1 0.000469051 -0.00105946 -0.00046795 1 0.0808056 0.0542609 6.76195e-05
FixedParameters: 0 0 0

#Transform 43
Transform: AffineTransform_float_3_3
Parameters: 0.999999 -5.07752e-05 0.000845013 5.12247e-05 1 -0.000265957 -0.000844986 0.000266043 0.999999 0.0443712 0.0985161 0.0120503
FixedParameters: 0 0 0

#Transform 44
Transform: AffineTransform_float_3_3
Parameters: 0.999999 -5.16649e-05 0.000820958 5.13349e-05 0.999999 0.000810042 -0.000821042 -0.000809958 1 0.04126 0.0560718 0.0654573
FixedParameters: 0 0 0

#Transform 45
Transform: AffineTransform_float_3_3
Parameters: 1 -5.14409e-05 0.000700967 5.1559e-05 1 0.000629036 -0.000701032 -0.000628964 0.999999 0.0412209 0.055968 0.0402017
FixedParameters: 0 0 0

#Transform 46
Transform: AffineTransform_float_3_3
Parameters: 1 -0.000504179 0.000944905 0.000504821 1 0.000189477 -0.000944096 -0.000189524 0.999999 0.0622971 -0.00988503 0.0420505
FixedParameters: 0 0 0

#Transform 47
Transform: AffineTransform_float_3_3
Parameters: 1 -0.000504341 0.000959822 0.00050466 1 0.000354485 -0.00095918 -0.000354517 1 0.0622941 -0.00983695 0.052465
FixedParameters: 0 0 0

#Transform 48
Transform: AffineTransform_float_3_3
Parameters: 0.999999 -0.000504184 0.000700867 0.000504815 1 0.000263354 -0.000701132 -0.000262646 0.999999 0.071491 0.0596506 0.0442178
FixedParameters: 0 0 0

#Transform 49
Transform: AffineTransform_float_3_3
Parameters: 0.999999 -0.00102308 0.000825901 0.00102292 0.999999 9.68448e-05 -0.000826098 -9.51548e-05 0.999999 0.0861581 0.0706111 0.0339581
FixedParameters: 0 0 0

#Transform 50
Transform: AffineTransform_float_3_3
Parameters: 0.999999 -0.000953419 0.00118666 0.00095258 0.999999 0.000354131 -0.00118734 -0.000352868 0.999999 0.111899 -0.0794681 0.016091
FixedParameters: 0 0 0

#Transform 51
Transform: AffineTransform_float_3_3
Parameters: 0.999998 -0.00153339 0.00169028 0.00153761 0.999996 -0.00213441 -0.00168672 0.00213659 0.999997 0.157781 0.201809 -0.0136524
FixedParameters: 0 0 0

#Transform 52
Transform: AffineTransform_float_3_3
Parameters: 0.999997 -0.00194148 0.00158432 0.00194552 0.999995 -0.00222292 -0.00157968 0.00222607 0.999997 0.13126 0.440298 -0.0318684
FixedParameters: 0 0 0

#Transform 53
Transform: AffineTransform_float_3_3
Parameters: 1 -0.00110881 0.000460457 0.00110819 1 -0.00041149 -0.000460544 0.000411511 1 0.102938 0.202037 -0.0974638
FixedParameters: 0 0 0

#Transform 54
Transform: AffineTransform_float_3_3
Parameters: 0.999999 -0.000450647 0.00114853 0.000451353 0.999999 -0.00117848 -0.00114747 0.00117852 0.999998 0.0460171 0.0494032 -0.197179
FixedParameters: 0 0 0

#Transform 55
Transform: AffineTransform_float_3_3
Parameters: 0.999999 -0.000128357 0.00144924 0.000130643 0.999999 -0.00182381 -0.00144876 0.00182419 0.999998 0.0584104 -0.0368626 -0.11138
FixedParameters: 0 0 0

#Transform 56
Transform: AffineTransform_float_3_3
Parameters: 0.999998 -0.0011163 0.0011487 0.0011157 1 0.000266282 -0.0011483 -0.000264719 1 0.0844487 0.0543583 0.134629
FixedParameters: 0 0 0

#Transform 57
Transform: AffineTransform_float_3_3
Parameters: 0.99961 0.000617259 0.0279413 -0.00145873 0.999546 0.030115 -0.0279097 -0.030144 0.999156 0.593232 -0.353555 0.845988
FixedParameters: 0 0 0

#Transform 58
Transform: AffineTransform_float_3_3
Parameters: 0.99977 0.000395994 0.0214766 -0.000883999 0.999741 0.0227183 -0.0214615 -0.0227317 0.999511 0.536722 -0.341031 0.672047
FixedParameters: 0 0 0

#Transform 59
Transform: AffineTransform_float_3_3
Parameters: 0.999909 -0.00318034 0.0131466 0.00314165 0.99999 0.00301258 -0.0131555 -0.00297043 0.999909 0.291292 0.030872 0.258267
FixedParameters: 0 0 0

#Transform 60
Transform: AffineTransform_float_3_3
Parameters: 0.999921 -0.0029144 0.0122113 0.0028656 0.999987 0.00406131 -0.0122227 -0.00402569 0.999917 0.214848 0.07761 0.225772
FixedParameters: 0 0 0

#Transform 61
Transform: AffineTransform_float_3_3
Parameters: 0.999926 -0.000801929 0.0121239 0.000800074 0.999999 0.000163712 -0.0121241 -0.000154289 0.999926 0.140421 0.130623 -0.0488086
FixedParameters: 0 0 0

#Transform 62
Transform: AffineTransform_float_3_3
Parameters: 0.999931 -0.00146194 0.0116484 0.00146506 0.999999 -0.000253952 -0.0116476 0.000271047 0.999932 0.171318 0.189104 -0.00265789
FixedParameters: 0 0 0

#Transform 63
Transform: AffineTransform_float_3_3
Parameters: 0.99993 -0.00110773 0.0117215 0.00109128 0.999999 0.00134789 -0.0117225 -0.00133511 0.999931 0.142416 0.256054 0.0330816
FixedParameters: 0 0 0

#Transform 64
Transform: AffineTransform_float_3_3
Parameters: 0.999943 -0.000805605 0.0107032 0.000794401 0.999999 0.00099456 -0.0107038 -0.000986434 0.999942 0.07694 0.144705 -0.0362565
FixedParameters: 0 0 0

#Transform 65
Transform: AffineTransform_float_3_3
Parameters: 0.999944 -0.0016524 0.0104484 0.00164161 0.999998 0.00100321 -0.0104496 -0.000986788 0.999945 0.139658 0.0249563 -0.0407949
FixedParameters: 0 0 0

#Transform 66
Transform: AffineTransform_float_3_3
Parameters: 0.999944 -0.000542274 0.010505 0.000541718 1 2.96924e-05 -0.010505 -2.33047e-05 0.999945 0.067287 0.0681154 -0.16536
FixedParameters: 0 0 0

#Transform 67
Transform: AffineTransform_float_3_3
Parameters: 0.99995 -0.000737463 0.00999054 0.000757541 0.999998 -0.00205254 -0.00998846 0.00205947 0.999948 0.0719911 0.148963 -0.299944
FixedParameters: 0 0 0

#Transform 68
Transform: AffineTransform_float_3_3
Parameters: 0.999949 -0.000276874 0.0101557 0.000264128 0.999999 0.00126875 -0.0101563 -0.00126625 0.999947 0.0425783 0.0285258 0.0104165
FixedParameters: 0 0 0

#Transform 69
Transform: AffineTransform_float_3_3
Parameters: 0.999946 -0.0015076 0.0103363 0.00149639 0.999998 0.00113053 -0.0103377 -0.00111448 0.999946 0.144212 0.0668586 0.0544304
FixedParameters: 0 0 0

#Transform 70
Transform: AffineTransform_float_3_3
Parameters: 0.99995 -0.00149862 0.00982229 0.00149438 0.999999 0.000477702 -0.0098227 -0.000463302 0.999951 0.11616 0.127824 -0.0103685
FixedParameters: 0 0 0

#Transform 71
Transform: AffineTransform_float_3_3
Parameters: 0.999955 -0.00154123 0.00936881 0.00153377 0.999999 0.000779405 -0.00937018 -0.000764593 0.999956 0.105751 -0.0119283 -0.0302538
FixedParameters: 0 0 0

#Transform 72
Transform: AffineTransform_float_3_3
Parameters: 0.999961 -0.000843357 0.0087842 0.000834649 0.999999 0.000954369 -0.0087848 -0.000947628 0.999961 0.0804778 0.00872052 -0.0205942
FixedParameters: 0 0 0

#Transform 73
Transform: AffineTransform_float_3_3
Parameters: 0.999961 -0.00146935 0.00876611 0.00146365 0.999998 0.000616855 -0.0087669 -0.000604142 0.999962 0.120355 0.0566188 -0.0171645
FixedParameters: 0 0 0

#Transform 74
Transform: AffineTransform_float_3_3
Parameters: 0.999969 -0.00157204 0.00764626 0.00158296 0.999997 -0.00142794 -0.00764373 0.00144006 0.999969 0.0986055 0.173799 -0.1228
FixedParameters: 0 0 0

#Transform 75
Transform: AffineTransform_float_3_3
Parameters: 0.999973 -0.00153411 0.00726161 0.00153689 0.999998 -0.00039285 -0.00726139 0.000403151 0.999973 0.0771353 0.25441 -0.119542
FixedParameters: 0 0 0

#Transform 76
Transform: AffineTransform_float_3_3
Parameters: 0.999974 -0.00028683 0.00721597 0.00028517 1 0.000116061 -0.00721603 -0.000113933 0.999974 -0.00629768 0.152986 -0.0818342
FixedParameters: 0 0 0

#Transform 77
Transform: AffineTransform_float_3_3
Parameters: 0.999975 -0.000741272 0.00713028 0.000743726 0.999999 -0.000379706 -0.00712971 0.000385295 0.999974 0.0826278 0.173599 -0.169551
FixedParameters: 0 0 0

#Transform 78
Transform: AffineTransform_float_3_3
Parameters: 0.999976 -0.000691739 0.00680692 0.000691262 1 0.000110708 -0.00680707 -0.000106294 0.999977 0.0791609 0.0899839 -0.176751
FixedParameters: 0 0 0

#Transform 79
Transform: AffineTransform_float_3_3
Parameters: 0.999971 -0.00135996 0.00740437 0.00136204 0.999999 -0.000270922 -0.00740362 0.000281076 0.999972 0.123275 -0.0280146 -0.117539
FixedParameters: 0 0 0

#Transform 80
Transform: AffineTransform_float_3_3
Parameters: 0.999996 -0.000944288 0.00261998 0.000946711 0.999999 -0.00103352 -0.00261902 0.00103648 0.999996 0.0309526 0.0236548 -0.409871
FixedParameters: 0 0 0

#Transform 81
Transform: AffineTransform_float_3_3
Parameters: 0.999996 -0.000602166 0.0027424 0.000603832 0.999999 -0.000667346 -0.0027426 0.000669654 0.999996 0.0110528 0.0539138 -0.3436
FixedParameters: 0 0 0

#Transform 82
Transform: AffineTransform_float_3_3
Parameters: 0.999976 -0.000584277 0.00680623 0.000586722 0.999999 -0.000398016 -0.00680576 0.000401986 0.999977 0.0667682 -0.0221133 0.00758242
FixedParameters: 0 0 0

#Transform 83
Transform: AffineTransform_float_3_3
Parameters: 0.999972 -0.000427209 0.00747382 0.00042379 1 0.000431179 -0.00747318 -0.000427819 0.999972 0.0899508 0.016179 -0.00138745
FixedParameters: 0 0 0

#Transform 84
Transform: AffineTransform_float_3_3
Parameters: 0.999965 -0.00136657 0.00826224 0.00136243 0.999999 0.000559276 -0.00826275 -0.000547727 0.999965 0.11991 0.0639855 0.00267218
FixedParameters: 0 0 0

#Transform 85
Transform: AffineTransform_float_3_3
Parameters: 0.99997 -0.00108725 0.00768011 0.00108776 1 -9.46488e-05 -0.0076799 0.000102353 0.999971 0.0775875 0.0740289 0.00209651
FixedParameters: 0 0 0

#Transform 86
Transform: AffineTransform_float_3_3
Parameters: 0.999969 -0.000517021 0.00785061 0.000510978 0.999999 0.000769035 -0.00785039 -0.000764964 0.999969 0.0852573 0.0806662 0.0331367
FixedParameters: 0 0 0

#Transform 87
Transform: AffineTransform_float_3_3
Parameters: 0.999967 -0.000472163 0.00809599 0.000471839 1 2.18207e-05 -0.00809601 -1.8178e-05 0.999967 0.073275 0.0829928 0.0586479
FixedParameters: 0 0 0

#Transform 88
Transform: AffineTransform_float_3_3
Parameters: 0.999969 -0.000707597 0.00785041 0.0007014 1 0.000843533 -0.00785059 -0.000837471 0.999969 0.0877784 0.0890342 0.123561
FixedParameters: 0 0 0

#Transform 89
Transform: AffineTransform_float_3_3
Parameters: 0.999969 -0.000732457 0.00785049 0.000726545 0.999999 0.000697725 -0.00785051 -0.000692271 0.999969 0.095647 -0.023803 0.0137215
FixedParameters: 0 0 0

#Transform 90
Transform: AffineTransform_float_3_3
Parameters: 0.999969 -0.000822965 0.00785069 0.000820038 0.999999 0.00038045 -0.00785031 -0.000374551 0.999969 0.09648 0.0428211 0.00770658
FixedParameters: 0 0 0

#Transform 91
Transform: AffineTransform_float_3_3
Parameters: 0.999971 -0.000695152 0.00765336 0.000687847 1 0.000937293 -0.00765365 -0.000931708 0.999971 0.0914502 0.103207 0.0251808
FixedParameters: 0 0 0

#Transform 92
Transform: AffineTransform_float_3_3
Parameters: 0.999967 -0.000212728 0.00820695 0.000107269 0.999917 0.0128813 -0.00820907 -0.0128797 0.999884 0.0797165 0.0937246 0.53239
FixedParameters: 0 0 0

#Transform 93
Transform: AffineTransform_float_3_3
Parameters: 0.999964 0.00051718 0.00846887 -0.000633823 0.999906 0.0136791 -0.00846112 -0.0136839 0.99987 0.0206702 -0.0392473 0.608157
FixedParameters: 0 0 0

#Transform 94
Transform: AffineTransform_float_3_3
Parameters: 0.999954 -0.000821749 0.00961777 0.000782253 0.999991 0.00403171 -0.00962123 -0.00402428 0.999945 0.105612 -0.0438695 0.159581
FixedParameters: 0 0 0

#Transform 95
Transform: AffineTransform_float_3_3
Parameters: 0.999956 -0.00200371 0.00915463 0.00197929 0.999995 0.00270724 -0.00916038 -0.00268877 0.999955 0.138757 0.0630415 0.151434
FixedParameters: 0 0 0

#Transform 96
Transform: AffineTransform_float_3_3
Parameters: 0.999957 -0.00131957 0.00925294 0.00130544 0.999998 0.00158015 -0.00925407 -0.00156786 0.999956 0.131795 0.129964 0.0678393
FixedParameters: 0 0 0

#Transform 97
Transform: AffineTransform_float_3_3
Parameters: 0.999961 -0.00131812 0.00873207 0.00131187 0.999999 0.000707483 -0.00873292 -0.000695516 0.999961 0.113676 0.0265902 -0.0760806
FixedParameters: 0 0 0

#Transform 98
Transform: AffineTransform_float_3_3
Parameters: 0.999956 -0.0018584 0.00919954 0.0018666 0.999998 -0.000817864 -0.00919746 0.00083513 0.999958 0.166705 0.158719 -0.203981
FixedParameters: 0 0 0

#Transform 99
Transform: AffineTransform_float_3_3
Parameters: 0.999956 -0.00198294 0.00922316 0.00197906 0.999998 0.000436273 -0.00922385 -0.000417728 0.999958 0.157545 0.202244 -0.0774012
FixedParameters: 0 0 0

#Transform 100
Transform: AffineTransform_float_3_3
Parameters: 0.999958 -0.000973049 0.00904792 0.000962943 0.999999 0.00111576 -0.00904908 -0.00110624 0.999959 0.146784 0.195509 -0.000786311
FixedParameters: 0 0 0

#Transform 101
Transform: AffineTransform_float_3_3
Parameters: 0.999957 -0.000694422 0.00917529 0.000684584 0.999999 0.00102933 -0.00917571 -0.00102367 0.999958 0.131257 0.111659 -0.0151095
FixedParameters: 0 0 0

#Transform 102
Transform: AffineTransform_float_3_3
Parameters: 0.999957 -0.0009831 0.00923593 0.000972899 0.999999 0.00109803 -0.00923707 -0.00108897 0.999956 0.142705 0.00930044 -0.00177814
FixedParameters: 0 0 0

#Transform 103
Transform: AffineTransform_float_3_3
Parameters: 0.99996 -0.00106873 0.00881779 0.00106627 1 0.00020141 -0.00881721 -0.000191584 0.999961 0.140201 0.142163 -0.0586085
FixedParameters: 0 0 0

#Transform 104
Transform: AffineTransform_float_3_3
Parameters: 0.999958 -0.00107206 0.00910541 0.00106694 1 0.000560739 -0.0091056 -0.000550262 0.999959 0.140333 0.0112877 -0.0264991
FixedParameters: 0 0 0

#Transform 105
Transform: AffineTransform_float_3_3
Parameters: 0.999961 -0.00107027 0.00882261 0.00106674 1 0.000374426 -0.0088224 -0.000365572 0.999961 0.143571 0.0382486 -0.000366351
FixedParameters: 0 0 0

#Transform 106
Transform: AffineTransform_float_3_3
Parameters: 0.999958 -0.0010704 0.00917561 0.00106661 1 0.000374803 -0.0091764 -0.000365193 0.999958 0.149741 0.0849289 -0.00126918
FixedParameters: 0 0 0

#Transform 107
Transform: AffineTransform_float_3_3
Parameters: 0.999963 -0.00107019 0.00862161 0.00106681 1 0.000374212 -0.0086224 -0.000365786 0.999963 0.142497 0.0380456 -2.03769e-06
FixedParameters: 0 0 0

#Transform 108
Transform: AffineTransform_float_3_3
Parameters: 0.999956 -0.00190546 0.00919228 0.00190155 0.999998 0.000384496 -0.00919271 -0.0003675 0.999957 0.221277 0.116967 -0.02487
FixedParameters: 0 0 0

#Transform 109
Transform: AffineTransform_float_3_3
Parameters: 0.999958 -0.00149324 0.00911988 0.00147476 0.999996 0.00211554 -0.00912314 -0.00210247 0.999956 0.162037 -0.143445 0.129493
FixedParameters: 0 0 0

#Transform 110
Transform: AffineTransform_float_3_3
Parameters: 0.999977 -0.00132963 0.00661815 0.00135537 0.999991 -0.00383012 -0.00661285 0.00383888 0.999971 0.0885476 0.208057 -0.0194586
FixedParameters: 0 0 0

#Transform 111
Transform: AffineTransform_float_3_3
Parameters: 0.99998 -0.00137339 0.00627813 0.00140961 0.999982 -0.00583127 -0.00626989 0.00583973 0.999964 0.160431 0.447423 -0.163514
FixedParameters: 0 0 0

#Transform 112
Transform: AffineTransform_float_3_3
Parameters: 0.999969 -0.000618615 0.00794404 0.000619386 1 -4.60811e-05 -0.00794398 5.09159e-05 0.999969 0.0508665 0.152267 -0.0317954
FixedParameters: 0 0 0

#Transform 113
Transform: AffineTransform_float_3_3
Parameters: 0.999968 -0.00061441 0.00806036 0.000618591 0.999999 -0.000567032 -0.00806065 0.000571971 0.999968 0.0158372 0.111077 -0.153077
FixedParameters: 0 0 0

#Transform 114
Transform: AffineTransform_float_3_3
Parameters: 0.999965 2.89354e-05 0.00844699 -2.50627e-05 1 -0.000466228 -0.00844702 0.000465772 0.999964 0.0714892 -0.101742 -0.0809645
FixedParameters: 0 0 0

#Transform 115
Transform: AffineTransform_float_3_3
Parameters: 0.999968 -0.000185996 0.00801507 0.000189 1 -0.000373497 -0.00801493 0.000375503 0.999968 0.0741045 0.0320814 -0.0171436
FixedParameters: 0 0 0

#Transform 116
Transform: AffineTransform_float_3_3
Parameters: 0.999934 -2.60456e-05 0.0114945 -0.000106058 0.999934 0.0114875 -0.0114945 -0.0114875 0.999868 0.14375 0.0495082 0.515004
FixedParameters: 0 0 0

#Transform 117
Transform: AffineTransform_float_3_3
Parameters: 0.999939 0.00070723 0.0110214 -0.000786771 0.999973 0.00723477 -0.0110166 -0.00724323 0.999913 0.092935 0.118339 0.341272
FixedParameters: 0 0 0

#Transform 118
Transform: AffineTransform_float_3_3
Parameters: 0.999935 -0.00150247 0.0112395 0.00148451 0.999997 0.00165279 -0.0112414 -0.00163521 0.999935 0.133465 0.0727834 0.0991171
FixedParameters: 0 0 0

#Transform 119
Transform: AffineTransform_float_3_3
Parameters: 0.99994 -0.00114306 0.010835 0.00112395 0.999998 0.00176428 -0.010837 -0.00175272 0.999939 0.166118 -0.0704143 0.0460075
FixedParameters: 0 0 0
