# transform file /out/sourcedata/freesurfer/sub-v2s0x29009_ses-1/mri/transforms/cc_up.lta
# created by oesteban on Tue Mar 10 09:32:39 2026

type      = 0 # LINEAR_VOX_TO_VOX
nxforms   = 1
mean      = 129.0000 115.0000 115.0000
sigma     = 10000.0000
1 4 4
9.924895763397217e-01 -1.203195378184319e-01 -2.208762243390083e-02 1.711069869995117e+01 
1.202897578477859e-01 9.927353262901306e-01 -2.677020151168108e-03 1.773648834228516e+01 
2.224925905466080e-02 -2.328306714094452e-10 9.997525215148926e-01 2.120701599121094e+01 
0.000000000000000e+00 0.000000000000000e+00 0.000000000000000e+00 1.000000000000000e+00 
src volume info
valid = 1  # volume info valid
filename = /out/sourcedata/freesurfer/sub-v2s0x29009_ses-1/mri/norm.mgz
volume = 256 256 256
voxelsize = 1.000000000000000e+00 1.000000000000000e+00 1.000000000000000e+00
xras   = -1.000000000000000e+00 0.000000000000000e+00 0.000000000000000e+00
yras   = 0.000000000000000e+00 0.000000000000000e+00 -1.000000000000000e+00
zras   = 0.000000000000000e+00 1.000000000000000e+00 0.000000000000000e+00
cras   = 7.816314697265625e-01 3.666209411621094e+01 -1.451213073730469e+01
dst volume info
valid = 1  # volume info valid
filename = /out/sourcedata/freesurfer/sub-v2s0x29009_ses-1/mri/norm.mgz
volume = 256 256 256
voxelsize = 1.000000000000000e+00 1.000000000000000e+00 1.000000000000000e+00
xras   = -1.000000000000000e+00 0.000000000000000e+00 0.000000000000000e+00
yras   = 0.000000000000000e+00 0.000000000000000e+00 -1.000000000000000e+00
zras   = 0.000000000000000e+00 1.000000000000000e+00 0.000000000000000e+00
cras   = 7.816314697265625e-01 3.666209411621094e+01 -1.451213073730469e+01
