# transform file /out/sourcedata/freesurfer/sub-v2s0x29042_ses-1/mri/transforms/cc_up.lta
# created by oesteban on Tue Mar 10 11:28:39 2026

type      = 0 # LINEAR_VOX_TO_VOX
nxforms   = 1
mean      = 129.0000 126.0000 108.0000
sigma     = 10000.0000
1 4 4
9.986521005630493e-01 4.515514522790909e-02 -2.559462375938892e-02 -3.051614046096802e+00 
-4.514031857252121e-02 9.989800453186035e-01 1.156908925622702e-03 3.081852722167969e+01 
2.562075667083263e-02 -1.164153218269348e-10 9.996717572212219e-01 2.672496986389160e+01 
0.000000000000000e+00 0.000000000000000e+00 0.000000000000000e+00 1.000000000000000e+00 
src volume info
valid = 1  # volume info valid
filename = /out/sourcedata/freesurfer/sub-v2s0x29042_ses-1/mri/norm.mgz
volume = 256 256 256
voxelsize = 1.000000000000000e+00 1.000000000000000e+00 1.000000000000000e+00
xras   = -1.000000000000000e+00 0.000000000000000e+00 0.000000000000000e+00
yras   = 0.000000000000000e+00 0.000000000000000e+00 -1.000000000000000e+00
zras   = 0.000000000000000e+00 1.000000000000000e+00 0.000000000000000e+00
cras   = 2.778060913085938e+00 3.280374145507812e+01 3.286476898193359e+01
dst volume info
valid = 1  # volume info valid
filename = /out/sourcedata/freesurfer/sub-v2s0x29042_ses-1/mri/norm.mgz
volume = 256 256 256
voxelsize = 1.000000000000000e+00 1.000000000000000e+00 1.000000000000000e+00
xras   = -1.000000000000000e+00 0.000000000000000e+00 0.000000000000000e+00
yras   = 0.000000000000000e+00 0.000000000000000e+00 -1.000000000000000e+00
zras   = 0.000000000000000e+00 1.000000000000000e+00 0.000000000000000e+00
cras   = 2.778060913085938e+00 3.280374145507812e+01 3.286476898193359e+01
