# transform file /out/sourcedata/freesurfer/sub-v2s0x29011_ses-1/mri/transforms/cc_up.lta
# created by oesteban on Tue Mar 10 09:28:47 2026

type      = 0 # LINEAR_VOX_TO_VOX
nxforms   = 1
mean      = 130.0000 145.0000 107.0000
sigma     = 10000.0000
1 4 4
9.997171163558960e-01 -1.338071841746569e-02 -1.966756768524647e-02 2.474494218826294e+00 
1.337812934070826e-02 9.999105334281921e-01 -2.631896932143718e-04 -5.691589355468750e+00 
1.966932974755764e-02 -2.910383392618066e-11 9.998065829277039e-01 4.047909545898438e+01 
0.000000000000000e+00 0.000000000000000e+00 0.000000000000000e+00 1.000000000000000e+00 
src volume info
valid = 1  # volume info valid
filename = /out/sourcedata/freesurfer/sub-v2s0x29011_ses-1/mri/norm.mgz
volume = 256 256 256
voxelsize = 1.000000000000000e+00 1.000000000000000e+00 1.000000000000000e+00
xras   = -1.000000000000000e+00 0.000000000000000e+00 0.000000000000000e+00
yras   = 0.000000000000000e+00 0.000000000000000e+00 -1.000000000000000e+00
zras   = 0.000000000000000e+00 1.000000000000000e+00 0.000000000000000e+00
cras   = 7.740631103515625e-01 4.776762390136719e+01 6.311090850830078e+01
dst volume info
valid = 1  # volume info valid
filename = /out/sourcedata/freesurfer/sub-v2s0x29011_ses-1/mri/norm.mgz
volume = 256 256 256
voxelsize = 1.000000000000000e+00 1.000000000000000e+00 1.000000000000000e+00
xras   = -1.000000000000000e+00 0.000000000000000e+00 0.000000000000000e+00
yras   = 0.000000000000000e+00 0.000000000000000e+00 -1.000000000000000e+00
zras   = 0.000000000000000e+00 1.000000000000000e+00 0.000000000000000e+00
cras   = 7.740631103515625e-01 4.776762390136719e+01 6.311090850830078e+01
