#Insight Transform File V1.0
#Transform 0
Transform: AffineTransform_float_3_3
Parameters: 1 -2.80483e-07 -0.000119 -2.80483e-07 0.999997 -0.002357 0.000119 0.002357 0.999997 -0.0196658 -0.000352086 -0.134463
FixedParameters: 0 0 0

#Transform 1
Transform: AffineTransform_float_3_3
Parameters: 1 -1.68902e-07 -0.000158 -1.68902e-07 1 -0.001069 0.000158 0.001069 1 -0.00279261 -0.00135523 -0.220711
FixedParameters: 0 0 0

#Transform 2
Transform: AffineTransform_float_3_3
Parameters: 1 6.74801e-05 -0.000262134 -6.75217e-05 0.999998 -0.00198398 0.000262867 0.00198402 0.999998 -0.00695942 0.00459187 -0.299966
FixedParameters: 0 0 0

#Transform 3
Transform: AffineTransform_float_3_3
Parameters: 1 -3.85163e-07 -0.000283 -3.85163e-07 0.999999 -0.001361 0.000283 0.001361 0.999999 -0.00505862 0.0633894 -0.161685
FixedParameters: 0 0 0

#Transform 4
Transform: AffineTransform_float_3_3
Parameters: 1 2.14798e-07 -0.000509 2.14798e-07 1 0.000422 0.000509 -0.000422 1 -0.00126834 0.0946212 0.213375
FixedParameters: 0 0 0

#Transform 5
Transform: AffineTransform_float_3_3
Parameters: 1 0.000270967 6.71317e-05 -0.000271032 1 0.000485982 -6.68683e-05 -0.000486018 1 -0.000546083 0.0227344 0.0855766
FixedParameters: 0 0 0

#Transform 6
Transform: AffineTransform_float_3_3
Parameters: 1 -9.80851e-07 -0.000378999 1.9145e-08 0.999996 -0.002588 0.000379001 0.002588 0.999996 -0.00698812 -0.0141067 -0.250565
FixedParameters: 0 0 0

#Transform 7
Transform: AffineTransform_float_3_3
Parameters: 1 9.67905e-05 -0.000283072 -9.62094e-05 0.999999 -0.000739972 0.000282929 0.000740027 0.999999 0.0103692 0.0958222 0.111922
FixedParameters: 0 0 0

#Transform 8
Transform: AffineTransform_float_3_3
Parameters: 1 0.000243995 -0.000212005 -0.000244005 1 -2.19483e-05 0.000211995 2.20517e-05 1 0.00715235 -0.0120474 -0.11354
FixedParameters: 0 0 0

#Transform 9
Transform: AffineTransform_float_3_3
Parameters: 1 -0.000340214 -0.000515859 0.000339786 1 -0.000415175 0.000516141 0.000414824 1 0.00431329 0.113088 -0.101396
FixedParameters: 0 0 0

#Transform 10
Transform: AffineTransform_float_3_3
Parameters: 1 0.000191331 -0.000112439 -0.000190667 0.999995 0.00293602 0.00011356 -0.00293598 0.999995 0.0107467 0.122277 0.0284295
FixedParameters: 0 0 0

#Transform 11
Transform: AffineTransform_float_3_3
Parameters: 1 0.000195227 -0.000451902 -0.000195773 1 0.000503088 0.000452098 -0.000502912 1 -0.00502296 -0.0250011 -0.271105
FixedParameters: 0 0 0

#Transform 12
Transform: AffineTransform_float_3_3
Parameters: 1 1.73416e-07 -0.000409 1.73416e-07 1 0.000424 0.000409 -0.000424 1 0.0142453 0.133672 0.193386
FixedParameters: 0 0 0

#Transform 13
Transform: AffineTransform_float_3_3
Parameters: 1 -3.78224e-07 8.79992e-05 -3.78224e-07 0.999991 0.004298 -8.79992e-05 -0.004298 0.999991 0.0069777 0.112501 0.0544938
FixedParameters: 0 0 0

#Transform 14
Transform: AffineTransform_float_3_3
Parameters: 1 2.70556e-07 -0.000172 2.70556e-07 0.999999 0.001573 0.000172 -0.001573 0.999998 0.00429378 0.0708667 -0.134746
FixedParameters: 0 0 0

#Transform 15
Transform: AffineTransform_float_3_3
Parameters: 1 0.000330125 -0.000109625 -0.000329876 1 0.00113704 0.000109375 -0.00113696 1 0.00154805 0.075683 0.213946
FixedParameters: 0 0 0

#Transform 16
Transform: AffineTransform_float_3_3
Parameters: 1 0.000657057 -9.35992e-05 -0.000656943 0.999999 0.000610061 9.34014e-05 -0.000610938 1 -0.00886774 -0.156822 -0.111499
FixedParameters: 0 0 0

#Transform 17
Transform: AffineTransform_float_3_3
Parameters: 1 0.000571376 -0.000249433 -0.000572624 0.999996 -0.00250586 0.000248566 0.00250614 0.999997 -0.0022999 -0.0272628 -0.223034
FixedParameters: 0 0 0

#Transform 18
Transform: AffineTransform_float_3_3
Parameters: 1 0.00010334 -0.000248276 -0.000103662 0.999997 -0.00266098 0.000248725 0.00266103 0.999997 -0.00507447 0.0735655 -0.0625845
FixedParameters: 0 0 0

#Transform 19
Transform: AffineTransform_float_3_3
Parameters: 1 -3.41081e-05 -0.000247985 3.38919e-05 1 -0.000436008 0.000248015 0.000435991 1 0.00374799 0.0588701 0.0588232
FixedParameters: 0 0 0

#Transform 20
Transform: AffineTransform_float_3_3
Parameters: 1 -0.00012001 -1.89372e-05 0.00011999 1 -0.000523002 1.90628e-05 0.000522998 1 -0.0145622 -0.0147043 -0.0295947
FixedParameters: 0 0 0

#Transform 21
Transform: AffineTransform_float_3_3
Parameters: 1 -3.39441e-05 -0.000339006 3.40559e-05 1 0.000164988 0.000338994 -0.000165012 1 -0.00591222 -0.00945642 -0.223711
FixedParameters: 0 0 0

#Transform 22
Transform: AffineTransform_float_3_3
Parameters: 1 -3.40186e-05 -6.79907e-05 3.39814e-05 1 -0.000273002 6.80093e-05 0.000272998 1 -0.00354208 0.133842 0.0928127
FixedParameters: 0 0 0

#Transform 23
Transform: AffineTransform_float_3_3
Parameters: 1 -3.39388e-05 -8.40247e-05 3.40619e-05 0.999999 0.000727997 8.49752e-05 -0.000728002 0.999999 0.0109241 0.0648494 0.0695635
FixedParameters: 0 0 0

#Transform 24
Transform: AffineTransform_float_3_3
Parameters: 1 -0.000371062 -8.37239e-05 0.000370937 0.999999 -0.000744031 8.4276e-05 0.000743968 0.999999 0.00988052 -0.0115449 -0.235854
FixedParameters: 0 0 0

#Transform 25
Transform: AffineTransform_float_3_3
Parameters: 1 -3.40775e-05 -8.39685e-05 3.39224e-05 0.999999 -0.000923002 8.40313e-05 0.000922996 0.999999 0.0150455 0.0423759 -0.0571565
FixedParameters: 0 0 0

#Transform 26
Transform: AffineTransform_float_3_3
Parameters: 1 -0.000617855 -8.50634e-05 0.000618147 0.999999 0.00172095 8.49362e-05 -0.00172105 0.999998 0.00979549 0.0347801 0.0729368
FixedParameters: 0 0 0

#Transform 27
Transform: AffineTransform_float_3_3
Parameters: 1 -3.40483e-05 -8.39804e-05 3.39517e-05 1 -0.000575003 8.40195e-05 0.000574997 1 0.00222063 -0.0184864 -0.164702
FixedParameters: 0 0 0

#Transform 28
Transform: AffineTransform_float_3_3
Parameters: 1 -0.000217087 -8.37745e-05 0.000216913 1 -0.00103902 8.42255e-05 0.00103898 1 0.00823338 0.0964123 -0.0195087
FixedParameters: 0 0 0

#Transform 29
Transform: AffineTransform_float_3_3
Parameters: 1 5.70865e-05 -0.000208976 -5.69135e-05 1 0.000414012 0.000209024 -0.000413988 1 0.00984959 0.0347256 0.135395
FixedParameters: 0 0 0

#Transform 30
Transform: AffineTransform_float_3_3
Parameters: 1 -3.3931e-05 7.60308e-05 3.40689e-05 0.999999 -0.000906997 -7.59691e-05 0.000907002 0.999999 0.00748142 -0.135703 -0.164967
FixedParameters: 0 0 0

#Transform 31
Transform: AffineTransform_float_3_3
Parameters: 1 -3.41758e-05 -8.39286e-05 3.3824e-05 0.999998 -0.002094 8.4071e-05 0.002094 0.999998 0.00414491 0.0133929 -0.169007
FixedParameters: 0 0 0

#Transform 32
Transform: AffineTransform_float_3_3
Parameters: 1 -3.40682e-05 -8.39723e-05 3.39318e-05 0.999999 -0.000812002 8.40276e-05 0.000811997 0.999999 0.0151006 0.0706453 0.109355
FixedParameters: 0 0 0

#Transform 33
Transform: AffineTransform_float_3_3
Parameters: 1 -3.40626e-05 -8.39746e-05 3.39373e-05 0.999999 -0.000746002 8.40253e-05 0.000745997 0.999999 0.000867807 -0.0751127 -0.13201
FixedParameters: 0 0 0

#Transform 34
Transform: AffineTransform_float_3_3
Parameters: 1 -3.41354e-05 -8.39451e-05 3.38645e-05 0.999998 -0.001612 8.40547e-05 0.001612 0.999998 0.00868051 0.0361848 -0.102101
FixedParameters: 0 0 0

#Transform 35
Transform: AffineTransform_float_3_3
Parameters: 1 -3.40016e-05 1.97171e-06 3.39983e-05 0.999999 0.000831999 -2.02829e-06 -0.000831999 0.999999 0.0151944 0.158689 0.214415
FixedParameters: 0 0 0

#Transform 36
Transform: AffineTransform_float_3_3
Parameters: 1 -0.00041904 0.000193913 0.00041896 1 0.000208081 -0.000194087 -0.000207919 1 0.00396089 -0.0295633 -0.217414
FixedParameters: 0 0 0

#Transform 37
Transform: AffineTransform_float_3_3
Parameters: 1 -0.000536013 -8.39169e-05 0.000535987 1 -0.000155045 8.40831e-05 0.000154955 1 0.00916782 0.0410931 -0.0243065
FixedParameters: 0 0 0

#Transform 38
Transform: AffineTransform_float_3_3
Parameters: 1 -0.000165244 0.000483917 0.000164756 1 0.00050408 -0.000484083 -0.00050392 1 0.0261168 -0.0258689 -0.00371809
FixedParameters: 0 0 0

#Transform 39
Transform: AffineTransform_float_3_3
Parameters: 1 0.000636896 -8.47809e-05 -0.000637104 0.999999 -0.00122595 8.4219e-05 0.00122605 0.999999 -0.00834561 -0.0885342 -0.318893
FixedParameters: 0 0 0

#Transform 40
Transform: AffineTransform_float_3_3
Parameters: 1 -3.40965e-05 -8.39609e-05 3.39035e-05 1 -0.001149 8.4039e-05 0.001149 1 0.0253384 0.125754 0.112552
FixedParameters: 0 0 0

#Transform 41
Transform: AffineTransform_float_3_3
Parameters: 1 -3.38974e-05 -8.40415e-05 3.41038e-05 1 0.001221 8.49584e-05 -0.001221 1 0.00918024 0.0190333 0.0509613
FixedParameters: 0 0 0

#Transform 42
Transform: AffineTransform_float_3_3
Parameters: 1 -0.000162616 -0.000255609 0.000161385 0.999997 -0.00240804 0.000255389 0.00240796 0.999997 0.009399 -0.06811 -0.284479
FixedParameters: 0 0 0

#Transform 43
Transform: AffineTransform_float_3_3
Parameters: 1 -0.000447026 -8.38596e-05 0.000446973 1 -0.000314037 8.41403e-05 0.000313962 1 0.0218413 0.120877 0.151226
FixedParameters: 0 0 0

#Transform 44
Transform: AffineTransform_float_3_3
Parameters: 1 -3.39761e-05 0.000111007 3.40239e-05 1 -0.000214996 -0.000110993 0.000215004 1 0.00666756 -0.0967173 -0.0754026
FixedParameters: 0 0 0

#Transform 45
Transform: AffineTransform_float_3_3
Parameters: 1 -3.44015e-05 -0.000127893 3.35982e-05 0.999995 -0.003138 0.000128106 0.003138 0.999995 0.00982062 -0.133078 -0.338956
FixedParameters: 0 0 0

#Transform 46
Transform: AffineTransform_float_3_3
Parameters: 1 -3.41859e-05 -0.000235973 3.3814e-05 0.999999 -0.000788007 0.000236027 0.000787991 0.999999 0.0186755 0.134259 0.164157
FixedParameters: 0 0 0

#Transform 47
Transform: AffineTransform_float_3_3
Parameters: 1 -3.37066e-05 -0.000236042 3.42933e-05 0.999999 0.00124299 0.000235958 -0.00124301 0.999999 0.00727428 0.0900765 0.103585
FixedParameters: 0 0 0

#Transform 48
Transform: AffineTransform_float_3_3
Parameters: 1 0.000128808 -0.000236105 -0.000128192 0.999999 -0.000811969 0.000235896 0.00081203 0.999999 0.00631363 -0.056471 -0.211601
FixedParameters: 0 0 0

#Transform 49
Transform: AffineTransform_float_3_3
Parameters: 1 -3.41123e-05 -0.000235984 3.38877e-05 1 -0.000476008 0.000236016 0.000475992 1 0.0105734 0.175015 0.0274658
FixedParameters: 0 0 0

#Transform 50
Transform: AffineTransform_float_3_3
Parameters: 1 -0.000351729 -0.000236403 0.00035227 1 0.00114592 0.000235596 -0.00114608 1 0.0193587 0.121215 0.0415779
FixedParameters: 0 0 0

#Transform 51
Transform: AffineTransform_float_3_3
Parameters: 1 -0.000310417 -0.000316592 0.000310584 0.999999 -0.0013151 0.000316409 0.0013149 0.999999 0.0115115 -0.0672931 -0.264654
FixedParameters: 0 0 0

#Transform 52
Transform: AffineTransform_float_3_3
Parameters: 1 0.000193975 7.40659e-05 -0.000194025 1 0.000339986 -7.3934e-05 -0.000340014 1 0.0120975 0.0349489 0.106402
FixedParameters: 0 0 0

#Transform 53
Transform: AffineTransform_float_3_3
Parameters: 1 -3.40304e-05 1.59352e-05 3.39694e-05 0.999998 0.001906 -1.60648e-05 -0.001906 0.999998 0.0224424 0.000452277 0.00683973
FixedParameters: 0 0 0

#Transform 54
Transform: AffineTransform_float_3_3
Parameters: 1 4.1062e-05 2.28892e-05 -4.09377e-05 0.999997 -0.002701 -2.31107e-05 0.002701 0.999997 0.0200101 -0.056568 -0.239373
FixedParameters: 0 0 0

#Transform 55
Transform: AffineTransform_float_3_3
Parameters: 1 -3.42368e-05 -0.00016295 3.37631e-05 0.999999 -0.00145301 0.000163049 0.00145299 0.999999 0.0385456 0.104457 0.161281
FixedParameters: 0 0 0

#Transform 56
Transform: AffineTransform_float_3_3
Parameters: 1 -3.38977e-05 -0.00011703 3.41022e-05 0.999999 0.000873995 0.00011697 -0.000874003 0.999999 0.0108152 -0.0126519 0.0756353
FixedParameters: 0 0 0

#Transform 57
Transform: AffineTransform_float_3_3
Parameters: 1 -3.47003e-05 -0.000223893 3.42994e-05 0.999995 -0.00312701 0.000224108 0.00312699 0.999995 -0.0199971 -0.153981 -0.27991
FixedParameters: 0 0 0

#Transform 58
Transform: AffineTransform_float_3_3
Parameters: 1 -3.45662e-05 -0.000223913 3.44336e-05 0.999997 -0.00252801 0.000224088 0.00252799 0.999997 0.0297404 0.0839862 -0.0234154
FixedParameters: 0 0 0

#Transform 59
Transform: AffineTransform_float_3_3
Parameters: 1 -3.41253e-05 -0.000335987 3.38747e-05 1 -0.000373011 0.000336013 0.000372988 1 -0.0322836 0.0750559 0.0823861
FixedParameters: 0 0 0

#Transform 60
Transform: AffineTransform_float_3_3
Parameters: 1 -3.43046e-05 -0.000223954 3.36953e-05 0.999999 -0.00136001 0.000224046 0.00135999 0.999999 -0.0299951 -0.136121 -0.278046
FixedParameters: 0 0 0

#Transform 61
Transform: AffineTransform_float_3_3
Parameters: 1 -0.000478252 -0.000223461 0.000477747 0.999999 -0.00112811 0.000224539 0.00112789 1 -0.0155185 0.0582277 -0.166124
FixedParameters: 0 0 0

#Transform 62
Transform: AffineTransform_float_3_3
Parameters: 1 -0.000438848 -0.000173386 0.000439153 1 0.000878924 0.000173614 -0.000879076 0.999999 -0.0159066 0.0821535 0.179498
FixedParameters: 0 0 0

#Transform 63
Transform: AffineTransform_float_3_3
Parameters: 1 -0.000443025 -3.97227e-05 0.000442975 0.999999 -0.000626017 4.02773e-05 0.000625982 1 -0.0215937 -0.117317 -0.199214
FixedParameters: 0 0 0

#Transform 64
Transform: AffineTransform_float_3_3
Parameters: 0.999999 -0.000916187 -0.000298425 0.000915813 1 -0.000627274 0.000298575 0.000627727 1 -0.00505492 0.138343 -0.0485415
FixedParameters: 0 0 0

#Transform 65
Transform: AffineTransform_float_3_3
Parameters: 1 -0.000673254 0.000124634 0.000672747 0.999997 0.00202908 -0.000125366 -0.00202992 0.999998 -0.00492671 0.0859844 0.136378
FixedParameters: 0 0 0

#Transform 66
Transform: AffineTransform_float_3_3
Parameters: 0.999999 0.000893878 -0.000109991 -0.000894121 0.999999 -0.0011089 0.000109008 0.0011091 1 -0.0391213 -0.0924376 -0.216879
FixedParameters: 0 0 0

#Transform 67
Transform: AffineTransform_float_3_3
Parameters: 1 0.000153012 -0.000110984 -0.000152989 1 0.000104017 0.000110016 -0.000103983 1 -0.031171 0.0905193 0.0715521
FixedParameters: 0 0 0

#Transform 68
Transform: AffineTransform_float_3_3
Parameters: 1 -0.000124801 -9.1272e-05 0.000125198 0.999997 0.00217799 9.07275e-05 -0.00217801 0.999997 -0.0236892 0.0588151 0.0872305
FixedParameters: 0 0 0

#Transform 69
Transform: AffineTransform_float_3_3
Parameters: 0.999999 -0.000862959 -0.000420034 0.00086204 0.999997 -0.00227936 0.000421965 0.00227864 0.999998 -0.0140545 -0.0411436 -0.258993
FixedParameters: 0 0 0

#Transform 70
Transform: AffineTransform_float_3_3
Parameters: 0.999999 -0.000538324 -0.000706752 0.000538675 0.999999 -0.000459381 0.000707247 0.000458619 0.999999 -0.0319439 0.0192967 0.078
FixedParameters: 0 0 0

#Transform 71
Transform: AffineTransform_float_3_3
Parameters: 1 0.000424437 -0.000335712 -0.000425563 0.999999 -0.00167786 0.000335286 0.00167814 0.999998 -0.0268982 -0.131018 -0.117636
FixedParameters: 0 0 0

#Transform 72
Transform: AffineTransform_float_3_3
Parameters: 1 -1.77691e-05 -0.000365918 1.62305e-05 0.999989 -0.00483401 0.000366083 0.004834 0.999988 -0.0301812 -0.145605 -0.367222
FixedParameters: 0 0 0

#Transform 73
Transform: AffineTransform_float_3_3
Parameters: 0.999999 0.000611142 -0.000708606 -0.000612856 0.999997 -0.00262457 0.000706393 0.00262543 0.999997 -0.039277 -0.0108835 -0.0278038
FixedParameters: 0 0 0

#Transform 74
Transform: AffineTransform_float_3_3
Parameters: 1 -8.31632e-05 -0.000536975 8.3837e-05 1 -0.000304045 0.000536025 0.000303955 1 -0.0134299 0.065531 0.141457
FixedParameters: 0 0 0

#Transform 75
Transform: AffineTransform_float_3_3
Parameters: 1 0.000246086 -0.000275924 -0.000245914 1 0.000310068 0.000276076 -0.000309932 1 -0.0251028 -0.0518285 -0.126098
FixedParameters: 0 0 0

#Transform 76
Transform: AffineTransform_float_3_3
Parameters: 0.999999 0.000424004 -0.000682619 -0.000424996 0.999999 -0.00145971 0.00068238 0.00146029 0.999998 -0.0406643 -0.0638821 -0.305858
FixedParameters: 0 0 0

#Transform 77
Transform: AffineTransform_float_3_3
Parameters: 1 3.37032e-05 -0.000280036 -3.32968e-05 0.999999 -0.00105999 0.000279965 0.00106001 1 -0.00463304 0.0940574 0.154485
FixedParameters: 0 0 0

#Transform 78
Transform: AffineTransform_float_3_3
Parameters: 1 1.21122e-05 -0.000227994 -1.18878e-05 1 0.000492003 0.000228006 -0.000491997 1 -0.0241923 0.0672399 0.160829
FixedParameters: 0 0 0

#Transform 79
Transform: AffineTransform_float_3_3
Parameters: 1 9.44425e-05 -0.000228231 -9.45569e-05 0.999997 -0.00244398 0.00022777 0.00244402 0.999997 -0.0239616 -0.0958085 -0.315943
FixedParameters: 0 0 0

#Transform 80
Transform: AffineTransform_float_3_3
Parameters: 1 1.46721e-05 -0.000383013 -1.43278e-05 0.999999 -0.000855994 0.000382988 0.000856005 0.999999 -0.020403 0.118967 -0.0221467
FixedParameters: 0 0 0

#Transform 81
Transform: AffineTransform_float_3_3
Parameters: 1 1.9267e-05 -0.000119957 -1.9733e-05 0.999998 0.002225 0.000120044 -0.002225 0.999998 -0.0232142 0.130791 0.172167
FixedParameters: 0 0 0

#Transform 82
Transform: AffineTransform_float_3_3
Parameters: 0.999999 -0.00067711 -0.000227673 0.000676889 0.999999 -0.000483154 0.000228327 0.000483845 1 0.00531732 -0.0162285 -0.164581
FixedParameters: 0 0 0

#Transform 83
Transform: AffineTransform_float_3_3
Parameters: 0.999999 -0.000912843 -0.000228628 0.000912157 1 0.000687792 0.000227373 -0.000687208 0.999999 0.00105182 0.113839 0.0706448
FixedParameters: 0 0 0

#Transform 84
Transform: AffineTransform_float_3_3
Parameters: 0.999999 -0.00091302 -0.000227915 0.000912978 0.999999 -9.32081e-05 0.000228085 9.27918e-05 1 -0.00325145 -0.0897955 -0.13902
FixedParameters: 0 0 0

#Transform 85
Transform: AffineTransform_float_3_3
Parameters: 1 5.7643e-05 -0.000512155 -5.93566e-05 0.999997 -0.00264997 0.000511845 0.00265003 0.999997 -0.0412336 -0.026513 -0.326291
FixedParameters: 0 0 0

#Transform 86
Transform: AffineTransform_float_3_3
Parameters: 1 -5.68809e-05 -0.000372018 5.7119e-05 1 0.000319979 0.000371982 -0.000320021 1 -0.0189608 0.0876683 0.117861
FixedParameters: 0 0 0

#Transform 87
Transform: AffineTransform_float_3_3
Parameters: 1 0.000653796 -0.000230578 -0.000654203 1 -0.000884849 0.000229421 0.00088515 0.999999 -0.039416 -0.0801348 -0.104539
FixedParameters: 0 0 0

#Transform 88
Transform: AffineTransform_float_3_3
Parameters: 1 0.000308083 -0.000348812 -0.000308917 0.999997 -0.00263089 0.000348188 0.00263111 0.999996 -0.0332541 -0.0744347 -0.242553
FixedParameters: 0 0 0

#Transform 89
Transform: AffineTransform_float_3_3
Parameters: 1 0.000411928 -0.000213139 -0.000412072 1 -0.000337912 0.000212861 0.000337088 1 -0.0291626 0.1002 0.11722
FixedParameters: 0 0 0

#Transform 90
Transform: AffineTransform_float_3_3
Parameters: 1 0.000624883 -0.000289254 -0.000625117 0.999999 -0.000405819 0.000288747 0.00040518 1 -0.0343899 -0.0577866 0.166849
FixedParameters: 0 0 0

#Transform 91
Transform: AffineTransform_float_3_3
Parameters: 0.999999 0.000679578 -0.000214342 -0.000679421 0.999998 -0.00197385 0.000212659 0.00197414 0.999998 -0.0374461 -0.108242 -0.18097
FixedParameters: 0 0 0

#Transform 92
Transform: AffineTransform_float_3_3
Parameters: 1 0.000200189 -0.000355458 -0.000200812 0.999998 -0.00228193 0.000355543 0.00228207 0.999998 -0.0430192 0.0014168 -0.202145
FixedParameters: 0 0 0

#Transform 93
Transform: AffineTransform_float_3_3
Parameters: 1 -2.0446e-05 -0.000432979 1.9554e-05 0.999999 -0.00103001 0.00043302 0.00102999 1 -0.0372834 0.0680649 0.133101
FixedParameters: 0 0 0

#Transform 94
Transform: AffineTransform_float_3_3
Parameters: 1 0.000117158 -0.000212913 -0.000116842 0.999999 0.000742024 0.000213087 -0.000741975 0.999999 -0.0413527 0.0420208 0.0283536
FixedParameters: 0 0 0

#Transform 95
Transform: AffineTransform_float_3_3
Parameters: 0.999999 -0.000868297 -0.000273058 0.000868703 0.999999 -0.00108524 0.000273943 0.00108576 1 -0.00642933 0.0362584 -0.210643
FixedParameters: 0 0 0

#Transform 96
Transform: AffineTransform_float_3_3
Parameters: 1 -0.00047081 -0.000213419 0.00047119 1 0.0008909 0.00021258 -0.0008911 0.999999 -0.0183259 0.08254 0.0258849
FixedParameters: 0 0 0

#Transform 97
Transform: AffineTransform_float_3_3
Parameters: 1 -6.90695e-05 0.000227979 6.89304e-05 1 0.000305016 -0.000228021 -0.000304984 1 -0.00951787 -0.0773374 -0.220954
FixedParameters: 0 0 0

#Transform 98
Transform: AffineTransform_float_3_3
Parameters: 1 -0.000356905 0.000112302 0.000357095 0.999999 -0.000846959 -0.000111698 0.000847039 0.999999 -0.022606 0.0322582 -0.167398
FixedParameters: 0 0 0

#Transform 99
Transform: AffineTransform_float_3_3
Parameters: 1 0.000302001 -1.83843e-06 -0.000301999 1 0.000535 2.16157e-06 -0.000534999 1 -0.0242138 0.126737 0.272894
FixedParameters: 0 0 0

#Transform 100
Transform: AffineTransform_float_3_3
Parameters: 1 -0.000503108 0.000191716 0.000502891 0.999999 0.000565096 -0.000192285 -0.000565903 1 -0.0163018 -0.0186276 -0.182246
FixedParameters: 0 0 0

#Transform 101
Transform: AffineTransform_float_3_3
Parameters: 1 0.000427034 0.000121879 -0.000426965 1 -0.000283052 -0.000122121 0.000282948 1 -0.0416636 0.00254532 -0.308643
FixedParameters: 0 0 0

#Transform 102
Transform: AffineTransform_float_3_3
Parameters: 1 -0.000395994 -2.1103e-05 0.000396005 1 0.000259992 2.0897e-05 -0.000260008 1 -0.0118246 0.0359422 0.214821
FixedParameters: 0 0 0

#Transform 103
Transform: AffineTransform_float_3_3
Parameters: 1 0.000651067 0.000191772 -0.000651932 0.999999 -0.000350125 -0.000192228 0.000349875 1 -0.0179358 -0.117735 -0.135817
FixedParameters: 0 0 0

#Transform 104
Transform: AffineTransform_float_3_3
Parameters: 1 0.0010723 -0.000202746 -0.0010727 0.999994 -0.00349179 0.000199255 0.00349222 0.999994 -0.0567294 -0.0954895 -0.318668
FixedParameters: 0 0 0

#Transform 105
Transform: AffineTransform_float_3_3
Parameters: 1 -2.42093e-05 -0.00025098 2.37906e-05 0.999999 -0.000834005 0.00025102 0.000833993 0.999999 -0.0254227 0.158037 0.193418
FixedParameters: 0 0 0

#Transform 106
Transform: AffineTransform_float_3_3
Parameters: 1 0.000427015 -2.47387e-05 -0.000426984 0.999999 0.00061201 2.52613e-05 -0.000611989 1 -0.0409786 0.0239261 0.0901748
FixedParameters: 0 0 0

#Transform 107
Transform: AffineTransform_float_3_3
Parameters: 1 0.000250907 -0.00012319 -0.000251093 0.999999 -0.000757969 0.00012281 0.00075803 0.999999 -0.052406 -0.0909128 -0.275393
FixedParameters: 0 0 0

#Transform 108
Transform: AffineTransform_float_3_3
Parameters: 1 2.05765e-05 -0.000251035 -2.14234e-05 0.999998 -0.00168699 0.000250964 0.001687 0.999998 -0.03097 0.00205851 -0.153822
FixedParameters: 0 0 0

#Transform 109
Transform: AffineTransform_float_3_3
Parameters: 1 -0.000465142 0.00015357 0.000464858 1 0.000925072 -0.00015343 -0.000924929 0.999999 -0.00740794 0.122158 0.254239
FixedParameters: 0 0 0

#Transform 110
Transform: AffineTransform_float_3_3
Parameters: 1 -0.00055411 0.000153602 0.00055389 0.999999 0.000719085 -0.000153398 -0.000718915 0.999999 -0.0160617 -0.0336695 -0.174279
FixedParameters: 0 0 0

#Transform 111
Transform: AffineTransform_float_3_3
Parameters: 0.999999 -0.000768284 -0.000277214 0.000767716 0.999999 -0.00102321 0.000277785 0.00102279 1 -0.0224457 0.032077 -0.27104
FixedParameters: 0 0 0

#Transform 112
Transform: AffineTransform_float_3_3
Parameters: 1 -0.000481998 1.70607e-05 0.000482002 1 -0.000125992 -1.69393e-05 0.000126008 1 -0.0319274 0.0426124 0.187149
FixedParameters: 0 0 0

#Transform 113
Transform: AffineTransform_float_3_3
Parameters: 1 0.000510063 0.00015379 -0.000509937 1 -0.000412078 -0.00015321 0.000411922 1 -0.0372489 -0.108183 -0.187387
FixedParameters: 0 0 0

#Transform 114
Transform: AffineTransform_float_3_3
Parameters: 1 0.00017208 -0.000501317 -0.000172921 0.999999 -0.00183491 0.000501684 0.00183509 0.999998 -0.0355753 0.0136568 -0.243279
FixedParameters: 0 0 0

#Transform 115
Transform: AffineTransform_float_3_3
Parameters: 1 0.000299825 -0.000301174 -0.000299175 1 -0.00058191 0.000300826 0.00058209 1 -0.0381282 0.137549 0.18124
FixedParameters: 0 0 0

#Transform 116
Transform: AffineTransform_float_3_3
Parameters: 1 0.000300011 -4.32619e-06 -0.000299988 0.999998 0.002246 5.67379e-06 -0.002246 0.999998 -0.0320562 0.0667533 0.0431054
FixedParameters: 0 0 0

#Transform 117
Transform: AffineTransform_float_3_3
Parameters: 1 0.000298966 -0.000362855 -0.000300035 0.999996 -0.00285389 0.000362145 0.00285411 0.999996 -0.065016 -0.134403 -0.471616
FixedParameters: 0 0 0

#Transform 118
Transform: AffineTransform_float_3_3
Parameters: 0.999999 -7.75132e-05 -0.000992883 7.54865e-05 0.999999 -0.00152408 0.000993116 0.00152392 0.999999 -0.0479546 0.0207322 0.0261576
FixedParameters: 0 0 0

#Transform 119
Transform: AffineTransform_float_3_3
Parameters: 1 -0.000169937 0.000479022 0.000170063 1 -0.000130919 -0.000478978 0.000131081 1 0.0450302 -0.0540039 -0.097027
FixedParameters: 0 0 0
