# transform file /out/sourcedata/freesurfer/sub-v2s0x29026_ses-1/mri/transforms/cc_up.lta
# created by oesteban on Tue Mar 10 10:18:00 2026

type      = 0 # LINEAR_VOX_TO_VOX
nxforms   = 1
mean      = 132.0000 97.0000 117.0000
sigma     = 10000.0000
1 4 4
9.950594305992126e-01 -3.080675005912781e-02 -9.437957406044006e-02 1.078297328948975e+01 
3.066910803318024e-02 9.995252490043640e-01 -2.908909227699041e-03 4.434921264648438e+01 
9.442439675331116e-02 0.000000000000000e+00 9.955319166183472e-01 4.140372753143311e+00 
0.000000000000000e+00 0.000000000000000e+00 0.000000000000000e+00 1.000000000000000e+00 
src volume info
valid = 1  # volume info valid
filename = /out/sourcedata/freesurfer/sub-v2s0x29026_ses-1/mri/norm.mgz
volume = 256 256 256
voxelsize = 1.000000000000000e+00 1.000000000000000e+00 1.000000000000000e+00
xras   = -1.000000000000000e+00 0.000000000000000e+00 0.000000000000000e+00
yras   = 0.000000000000000e+00 0.000000000000000e+00 -1.000000000000000e+00
zras   = 0.000000000000000e+00 1.000000000000000e+00 0.000000000000000e+00
cras   = 6.340576171875000e+00 4.222889709472656e+01 -3.669631958007812e+00
dst volume info
valid = 1  # volume info valid
filename = /out/sourcedata/freesurfer/sub-v2s0x29026_ses-1/mri/norm.mgz
volume = 256 256 256
voxelsize = 1.000000000000000e+00 1.000000000000000e+00 1.000000000000000e+00
xras   = -1.000000000000000e+00 0.000000000000000e+00 0.000000000000000e+00
yras   = 0.000000000000000e+00 0.000000000000000e+00 -1.000000000000000e+00
zras   = 0.000000000000000e+00 1.000000000000000e+00 0.000000000000000e+00
cras   = 6.340576171875000e+00 4.222889709472656e+01 -3.669631958007812e+00
