#Insight Transform File V1.0
#Transform 0
Transform: AffineTransform_float_3_3
Parameters: 0.99999 -0.000352535 -0.00450627 0.000355461 0.999999 0.000767405 0.00450573 -0.000769596 0.999989 -0.0627106 -0.0159132 0.00836647
FixedParameters: 0 0 0

#Transform 1
Transform: AffineTransform_float_3_3
Parameters: 0.999997 4.1e-06 -0.00218899 1.00013e-07 0.999998 0.001873 0.002189 -0.001873 0.999996 -0.0414422 -0.00156866 -0.121742
FixedParameters: 0 0 0

#Transform 2
Transform: AffineTransform_float_3_3
Parameters: 0.999997 -0.000307171 -0.00241275 0.000312828 0.999997 0.00241625 0.00241125 -0.00241675 0.999994 -0.0508587 -0.0142618 -0.23409
FixedParameters: 0 0 0

#Transform 3
Transform: AffineTransform_float_3_3
Parameters: 0.999998 -0.00019563 -0.00222548 0.00020137 0.999997 0.00241356 0.00222452 -0.00241344 0.999994 -0.0602086 -0.0317176 -0.0823187
FixedParameters: 0 0 0

#Transform 4
Transform: AffineTransform_float_3_3
Parameters: 0.999996 -0.000432025 -0.00299701 0.000438974 0.999997 0.0023267 0.00299599 -0.00232831 0.999993 -0.0742233 -0.0569072 0.0537448
FixedParameters: 0 0 0

#Transform 5
Transform: AffineTransform_float_3_3
Parameters: 0.999994 -0.000419924 -0.00349873 0.000426075 0.999999 0.00173552 0.00349827 -0.00173748 0.999993 -0.0717399 -0.0263399 -0.0160717
FixedParameters: 0 0 0

#Transform 6
Transform: AffineTransform_float_3_3
Parameters: 0.999994 -0.000320875 -0.00326621 0.000322124 0.999999 0.000649951 0.00326579 -0.000651052 0.999995 -0.0920324 -0.0146978 -0.0441056
FixedParameters: 0 0 0

#Transform 7
Transform: AffineTransform_float_3_3
Parameters: 0.999998 -0.000413749 -0.00222579 0.000417252 0.999998 0.00191008 0.00222521 -0.00191093 0.999995 -0.0249869 -0.0443632 0.0220198
FixedParameters: 0 0 0

#Transform 8
Transform: AffineTransform_float_3_3
Parameters: 0.999994 -0.000456311 -0.0034453 0.000465686 0.999996 0.00281141 0.0034437 -0.00281359 0.99999 0.0028936 -0.00996812 0.130133
FixedParameters: 0 0 0

#Transform 9
Transform: AffineTransform_float_3_3
Parameters: 0.999994 -0.000295298 -0.00340859 0.000301703 0.999998 0.00196598 0.00340841 -0.00196702 0.999993 -0.0347527 -0.0325362 0.0389126
FixedParameters: 0 0 0

#Transform 10
Transform: AffineTransform_float_3_3
Parameters: 0.999996 3.92062e-06 -0.002626 -7.9362e-08 0.999999 0.00149301 0.002626 -0.001493 0.999996 -0.0771375 -0.0303824 -0.0588536
FixedParameters: 0 0 0

#Transform 11
Transform: AffineTransform_float_3_3
Parameters: 0.999995 -0.000252979 -0.00315924 0.000256022 1 0.000956196 0.00315876 -0.000956804 0.999994 -0.0680923 -0.0357521 -0.0181737
FixedParameters: 0 0 0

#Transform 12
Transform: AffineTransform_float_3_3
Parameters: 0.999995 -0.000241532 -0.00309335 0.000246468 0.999999 0.00144424 0.00309265 -0.00144475 0.999994 -0.0385038 -0.0479686 0.129272
FixedParameters: 0 0 0

#Transform 13
Transform: AffineTransform_float_3_3
Parameters: 0.999998 0.000202462 -0.00204886 -0.000200539 0.999999 0.000713412 0.00204914 -0.000713586 0.999997 -0.0533992 0.0109448 0.0791692
FixedParameters: 0 0 0

#Transform 14
Transform: AffineTransform_float_3_3
Parameters: 0.999999 0.000512124 -0.000505874 -0.000511876 1 0.000245259 0.000505126 -0.000245741 1 -0.0636862 -0.0366346 -0.137583
FixedParameters: 0 0 0

#Transform 15
Transform: AffineTransform_float_3_3
Parameters: 0.999999 0.0005171 -0.000679923 -0.0005179 1 0.000147352 0.000680076 -0.000147648 1 -0.0585331 -0.0168332 -0.123611
FixedParameters: 0 0 0

#Transform 16
Transform: AffineTransform_float_3_3
Parameters: 0.999998 0.000493497 -0.00218289 -0.000492503 1 0.000228076 0.00218311 -0.000226923 0.999997 -0.0869645 0.0530215 -0.0185638
FixedParameters: 0 0 0

#Transform 17
Transform: AffineTransform_float_3_3
Parameters: 0.999999 -0.000175102 -0.00185909 0.000175898 1 0.000482674 0.00185892 -0.000483326 0.999998 -0.0482347 0.000952772 0.0286848
FixedParameters: 0 0 0

#Transform 18
Transform: AffineTransform_float_3_3
Parameters: 0.999998 6.76349e-07 -0.00167 -3.23649e-07 1 0.000405001 0.00167 -0.000404999 0.999998 -0.0472827 -0.069839 0.0456713
FixedParameters: 0 0 0

#Transform 19
Transform: AffineTransform_float_3_3
Parameters: 0.999999 3.63916e-07 -0.001268 3.63916e-07 1 0.000287 0.001268 -0.000287 0.999999 -0.0359082 0.0184721 -0.0554591
FixedParameters: 0 0 0

#Transform 20
Transform: AffineTransform_float_3_3
Parameters: 0.999998 -8.91741e-05 -0.00158399 8.88256e-05 1 -0.000110141 0.00158401 0.000109859 0.999998 -0.0224385 -0.00310768 0.00446398
FixedParameters: 0 0 0

#Transform 21
Transform: AffineTransform_float_3_3
Parameters: 1 -3.6363e-08 -0.001173 -3.6363e-08 1 -3.1e-05 0.001173 3.1e-05 1 -0.0250728 0.0604247 -0.0134129
FixedParameters: 0 0 0

#Transform 22
Transform: AffineTransform_float_3_3
Parameters: 1 2.1714e-07 -0.00066 2.1714e-07 1 0.000329 0.00066 -0.000329 0.999999 -0.0308807 0.0198534 -0.0400463
FixedParameters: 0 0 0

#Transform 23
Transform: AffineTransform_float_3_3
Parameters: 1 -0.00114669 -0.000198795 0.00114631 0.999998 0.00156477 0.000197207 -0.00156423 0.999999 0.0501354 -0.0435088 -0.044075
FixedParameters: 0 0 0

#Transform 24
Transform: AffineTransform_float_3_3
Parameters: 1 -0.0010153 -0.000662615 0.0010167 0.999996 0.00257233 0.000660387 -0.00257267 0.999997 0.0582588 0.00429854 0.0611341
FixedParameters: 0 0 0

#Transform 25
Transform: AffineTransform_float_3_3
Parameters: 0.999999 0.000277311 -0.00143556 -0.00027569 0.999998 0.0016094 0.00143545 -0.0016096 0.999997 0.0217515 -0.0605249 0.105332
FixedParameters: 0 0 0

#Transform 26
Transform: AffineTransform_float_3_3
Parameters: 0.999998 0.00129831 0.00194746 -0.00129969 0.999999 0.00035447 -0.00194654 -0.000357528 0.999998 0.0939282 0.0166193 -0.107851
FixedParameters: 0 0 0

#Transform 27
Transform: AffineTransform_float_3_3
Parameters: 0.999998 0.00101667 0.00124427 -0.00101633 1 0.000263736 -0.00124373 -0.000265265 0.999999 0.00275625 -0.0081841 -0.0688046
FixedParameters: 0 0 0

#Transform 28
Transform: AffineTransform_float_3_3
Parameters: 0.999999 -0.000396011 0.000751994 0.000395988 1 1.52978e-05 -0.000752005 -1.47022e-05 0.999999 -0.0356848 -0.0283244 0.0878746
FixedParameters: 0 0 0

#Transform 29
Transform: AffineTransform_float_3_3
Parameters: 1 -0.000104484 0.000645922 0.000104517 0.999999 0.000748068 -0.000646079 -0.000748933 1 0.0432488 -0.00741119 -0.0331409
FixedParameters: 0 0 0

#Transform 30
Transform: AffineTransform_float_3_3
Parameters: 1 -0.000222006 9.87323e-06 0.000221995 1 0.000571002 -9.12676e-06 -0.000570998 1 0.0228144 -0.0187918 -0.0445658
FixedParameters: 0 0 0

#Transform 31
Transform: AffineTransform_float_3_3
Parameters: 1 -0.00029033 0.000281661 0.00029067 1 0.00116908 -0.00028234 -0.00116892 1 -0.0091079 -0.00430896 0.0719671
FixedParameters: 0 0 0

#Transform 32
Transform: AffineTransform_float_3_3
Parameters: 1 -0.000221832 -0.000170218 0.000221167 0.999999 0.000983961 0.000169782 -0.000984037 0.999999 -0.0164755 0.023603 0.0636967
FixedParameters: 0 0 0

#Transform 33
Transform: AffineTransform_float_3_3
Parameters: 1 -0.00049394 -6.14861e-05 0.00049406 1 0.000983971 6.05139e-05 -0.000984031 1 -0.00109976 -0.00663096 0.0200381
FixedParameters: 0 0 0

#Transform 34
Transform: AffineTransform_float_3_3
Parameters: 1 -0.000221588 -0.000473193 0.000221411 0.999999 0.000869895 0.000472807 -0.000870104 0.999999 -0.0190415 -0.0269351 0.0447672
FixedParameters: 0 0 0

#Transform 35
Transform: AffineTransform_float_3_3
Parameters: 1 -0.000221854 -0.000148218 0.000222146 0.999999 0.000983966 0.000148781 -0.000984032 0.999999 -0.0162388 -0.0218212 0.033629
FixedParameters: 0 0 0

#Transform 36
Transform: AffineTransform_float_3_3
Parameters: 1 -0.000522347 -0.000415821 0.000523651 0.999998 0.00157178 0.000414178 -0.00157122 0.999998 -0.00263547 -0.0219611 0.211968
FixedParameters: 0 0 0

#Transform 37
Transform: AffineTransform_float_3_3
Parameters: 1 -0.000221397 -0.000470284 0.000221602 0.999999 0.0012819 0.000469716 -0.0012821 0.999999 -0.0134203 -0.00345998 0.0461323
FixedParameters: 0 0 0

#Transform 38
Transform: AffineTransform_float_3_3
Parameters: 1 0.00012438 -0.000414886 -0.000123621 0.999999 0.000915051 0.000414113 -0.000914948 0.999999 -0.0257694 -0.0893533 -0.159609
FixedParameters: 0 0 0

#Transform 39
Transform: AffineTransform_float_3_3
Parameters: 0.999999 -0.000663404 -0.000415951 0.000663595 0.999999 0.00143272 0.000415049 -0.00143328 0.999999 0.0104543 -0.016463 0.0198457
FixedParameters: 0 0 0

#Transform 40
Transform: AffineTransform_float_3_3
Parameters: 1 9.20282e-05 -0.000414994 -9.19718e-05 1 6.80382e-05 0.000415006 -6.79618e-05 1 -0.0223484 0.0534701 -0.00969554
FixedParameters: 0 0 0

#Transform 41
Transform: AffineTransform_float_3_3
Parameters: 1 -0.000445971 -3.63501e-05 0.000446028 0.999999 0.000784983 3.56503e-05 -0.000784015 0.999999 -0.00343478 0.0167166 0.0376684
FixedParameters: 0 0 0

#Transform 42
Transform: AffineTransform_float_3_3
Parameters: 1 0.000294363 -0.000414742 -0.000294637 0.999999 0.000875122 0.000414258 -0.000874877 0.999999 -0.0296593 0.00206495 -0.0202261
FixedParameters: 0 0 0

#Transform 43
Transform: AffineTransform_float_3_3
Parameters: 1 -0.000213103 8.57444e-05 0.000212897 1 0.00120002 -8.62556e-05 -0.00119998 1 -0.0161567 0.0206824 0.0255994
FixedParameters: 0 0 0

#Transform 44
Transform: AffineTransform_float_3_3
Parameters: 0.999998 0.000597983 -0.00180968 -0.000597016 0.999999 0.000544081 0.00181033 -0.000542918 0.999998 -0.0283055 0.000524636 0.0312461
FixedParameters: 0 0 0

#Transform 45
Transform: AffineTransform_float_3_3
Parameters: 0.999999 -7.12674e-05 -0.000939133 7.27323e-05 0.999999 0.00184493 0.000938867 -0.00184507 0.999998 -0.00665268 0.0678439 0.124987
FixedParameters: 0 0 0

#Transform 46
Transform: AffineTransform_float_3_3
Parameters: 1 0.00049107 -7.35369e-05 -0.000490931 1 0.000943036 7.34629e-05 -0.000942964 0.999999 -0.0359822 0.0467318 0.00646714
FixedParameters: 0 0 0

#Transform 47
Transform: AffineTransform_float_3_3
Parameters: 1 -7.29379e-05 -7.40612e-05 7.3062e-05 0.999999 0.000838994 7.39387e-05 -0.000839005 0.999999 -0.0249211 -0.0896898 -0.117799
FixedParameters: 0 0 0

#Transform 48
Transform: AffineTransform_float_3_3
Parameters: 1 0.000437077 -7.35455e-05 -0.000436924 1 0.00104003 7.34545e-05 -0.00103997 1 -0.0478486 -0.0698668 -0.0462112
FixedParameters: 0 0 0

#Transform 49
Transform: AffineTransform_float_3_3
Parameters: 1 -7.29636e-05 -7.40359e-05 7.30364e-05 1 0.000491994 7.39641e-05 -0.000492005 1 -0.0190699 -0.0244874 -0.00907605
FixedParameters: 0 0 0

#Transform 50
Transform: AffineTransform_float_3_3
Parameters: 0.999999 0.000741817 0.000267507 -0.000741182 0.999999 0.000683801 -0.000266494 -0.000683197 0.999999 -0.0590715 0.025557 0.0701243
FixedParameters: 0 0 0

#Transform 51
Transform: AffineTransform_float_3_3
Parameters: 1 -7.30246e-05 0.00018099 7.29754e-05 1 0.000136013 -0.00018101 -0.000135987 1 -0.0196167 -0.015854 -0.0713232
FixedParameters: 0 0 0

#Transform 52
Transform: AffineTransform_float_3_3
Parameters: 0.999999 0.000874594 0.000382927 -0.000875405 0.999999 0.00105967 -0.000382072 -0.00106034 1 0.00536055 -0.0254683 -0.0355185
FixedParameters: 0 0 0

#Transform 53
Transform: AffineTransform_float_3_3
Parameters: 1 -7.32109e-05 0.00030695 7.2789e-05 1 0.000687022 -0.00030705 -0.000686977 0.999999 -0.0165018 -0.0315084 -0.028555
FixedParameters: 0 0 0

#Transform 54
Transform: AffineTransform_float_3_3
Parameters: 1 -7.3016e-05 3.09623e-05 7.2984e-05 1 0.000517002 -3.10377e-05 -0.000516998 1 -0.022121 0.00587319 -0.0354859
FixedParameters: 0 0 0

#Transform 55
Transform: AffineTransform_float_3_3
Parameters: 1 -0.000489656 -7.62429e-05 0.000490343 0.99999 0.00457896 7.37554e-05 -0.00457904 0.999989 0.044526 0.0105579 0.47304
FixedParameters: 0 0 0

#Transform 56
Transform: AffineTransform_float_3_3
Parameters: 0.999998 -0.000611916 -0.00186235 0.000625081 0.999975 0.00703285 0.00185765 -0.00703415 0.999974 0.0391468 0.0500952 0.675266
FixedParameters: 0 0 0

#Transform 57
Transform: AffineTransform_float_3_3
Parameters: 0.999998 -0.00013088 -0.00232471 0.000143121 0.999987 0.00521368 0.00232429 -0.00521432 0.999983 0.0195887 -0.0578042 0.374093
FixedParameters: 0 0 0

#Transform 58
Transform: AffineTransform_float_3_3
Parameters: 0.999997 0.000310636 -0.00238476 -0.000301364 0.999992 0.00403973 0.00238624 -0.00403927 0.999989 -0.00372465 0.00951555 0.104908
FixedParameters: 0 0 0

#Transform 59
Transform: AffineTransform_float_3_3
Parameters: 0.999999 0.000651305 -0.000478945 -0.000652694 0.999998 -0.00145069 0.000478053 0.00145131 0.999999 -0.053037 -0.0353521 -0.441287
FixedParameters: 0 0 0

#Transform 60
Transform: AffineTransform_float_3_3
Parameters: 1 0.000439109 0.000103539 -0.000438891 1 -0.00105005 -0.000104461 0.00104996 1 -0.0554704 -0.0741105 -0.301665
FixedParameters: 0 0 0

#Transform 61
Transform: AffineTransform_float_3_3
Parameters: 1 -0.000152983 -5.80439e-05 0.000153017 1 0.000286991 5.79561e-05 -0.000287009 1 -0.0150373 0.00149384 -0.0563253
FixedParameters: 0 0 0

#Transform 62
Transform: AffineTransform_float_3_3
Parameters: 1 -0.000152957 0.000114058 0.000153043 1 -0.000379982 -0.000113942 0.000380017 1 -0.00518993 -0.00537149 -0.110733
FixedParameters: 0 0 0

#Transform 63
Transform: AffineTransform_float_3_3
Parameters: 1 1.60149e-05 -5.79959e-05 -1.59851e-05 1 0.000257001 5.80041e-05 -0.000256999 1 -0.0156316 0.0799426 -0.0888146
FixedParameters: 0 0 0

#Transform 64
Transform: AffineTransform_float_3_3
Parameters: 1 -4.9771e-05 0.000144079 5.02289e-05 0.999998 -0.00158999 -0.00014392 0.00159001 0.999998 -0.0105416 0.0640633 -0.130949
FixedParameters: 0 0 0

#Transform 65
Transform: AffineTransform_float_3_3
Parameters: 1 0.000146262 0.00025585 -0.000145738 1 -0.00102504 -0.00025615 0.00102496 1 -0.0141814 -0.0254931 -0.215844
FixedParameters: 0 0 0

#Transform 66
Transform: AffineTransform_float_3_3
Parameters: 1 0.000370151 0.000360844 -0.000370848 1 -0.000420134 -0.000361156 0.000419866 1 -0.0310368 -0.0196487 -0.183204
FixedParameters: 0 0 0

#Transform 67
Transform: AffineTransform_float_3_3
Parameters: 0.999999 0.000169038 0.000892992 -0.000168961 1 -4.31509e-05 -0.000893007 4.2849e-05 0.999999 -0.00575615 -0.0739769 0.0675386
FixedParameters: 0 0 0

#Transform 68
Transform: AffineTransform_float_3_3
Parameters: 1 0.000274071 -0.00106496 -0.000269928 0.999992 0.00382129 0.00106604 -0.00382071 0.999992 -0.000665725 -0.0354599 0.270962
FixedParameters: 0 0 0

#Transform 69
Transform: AffineTransform_float_3_3
Parameters: 1 0.000556912 0.000416118 -0.000557088 1 0.000211768 -0.000415882 -0.000212232 1 -0.0185203 0.0258473 -0.0536124
FixedParameters: 0 0 0

#Transform 70
Transform: AffineTransform_float_3_3
Parameters: 0.999999 0.000781641 0.000525046 -0.000781358 0.999999 -0.00122041 -0.000525953 0.00121959 0.999999 -0.0440942 -0.0194047 -0.273055
FixedParameters: 0 0 0

#Transform 71
Transform: AffineTransform_float_3_3
Parameters: 1 0.000199866 0.000123219 -0.000200134 1 0.00109298 -0.000122781 -0.00109303 1 -0.0119186 -0.0288136 -0.0705615
FixedParameters: 0 0 0

#Transform 72
Transform: AffineTransform_float_3_3
Parameters: 1 9.89379e-05 0.000178035 -9.90621e-05 1 0.000348982 -0.000177965 -0.000349018 1 -0.0096098 0.0284871 -0.0553598
FixedParameters: 0 0 0

#Transform 73
Transform: AffineTransform_float_3_3
Parameters: 0.999999 0.000502922 0.000526074 -0.000503078 1 0.000147735 -0.000525926 -0.000147264 1 -0.0154177 0.00379355 0.0699389
FixedParameters: 0 0 0

#Transform 74
Transform: AffineTransform_float_3_3
Parameters: 1 0.000434982 0.000200038 -0.000435017 1 8.6913e-05 -0.000199962 -8.7087e-05 1 -0.0104314 0.017405 0.0518016
FixedParameters: 0 0 0

#Transform 75
Transform: AffineTransform_float_3_3
Parameters: 1 0.000820855 0.000633189 -0.000821145 0.999999 0.00022948 -0.000632812 -0.000229519 1 -0.0352139 -0.0173202 -0.0709426
FixedParameters: 0 0 0

#Transform 76
Transform: AffineTransform_float_3_3
Parameters: 0.999999 0.000691841 0.000526209 -0.000692159 0.999999 0.000302636 -0.000525791 -0.000302364 1 -0.0441035 -0.00750695 -0.067413
FixedParameters: 0 0 0

#Transform 77
Transform: AffineTransform_float_3_3
Parameters: 0.999999 0.000587639 0.000776272 -0.000587359 0.999999 0.000463544 -0.000775727 -0.000464456 0.999999 -0.0275617 -0.0298216 -0.00624537
FixedParameters: 0 0 0

#Transform 78
Transform: AffineTransform_float_3_3
Parameters: 0.999999 0.00058789 0.000472137 -0.00058811 1 0.000232722 -0.000471863 -0.000233277 1 -0.0292563 0.0431263 -0.0602691
FixedParameters: 0 0 0

#Transform 79
Transform: AffineTransform_float_3_3
Parameters: 0.999999 0.000600321 0.000525633 -0.000599679 0.999999 -0.000611315 -0.000525366 0.000610684 0.999999 -0.0366548 -0.0358281 -0.0914419
FixedParameters: 0 0 0

#Transform 80
Transform: AffineTransform_float_3_3
Parameters: 0.999999 0.000655003 0.000525995 -0.000654996 1 -7.34452e-06 -0.000526004 6.65547e-06 1 -0.0341612 -0.0401638 -0.103653
FixedParameters: 0 0 0

#Transform 81
Transform: AffineTransform_float_3_3
Parameters: 1 0.000592422 0.00105433 -0.000593579 0.999999 0.000548375 -0.00105468 -0.000548625 1 -0.0274755 -0.0355937 -0.0277947
FixedParameters: 0 0 0

#Transform 82
Transform: AffineTransform_float_3_3
Parameters: 1 0.000570806 -0.000366749 -0.000570194 0.999998 0.00219321 0.000368251 -0.00219279 0.999998 -0.0226148 0.00321716 0.206125
FixedParameters: 0 0 0

#Transform 83
Transform: AffineTransform_float_3_3
Parameters: 1 0.00037237 -0.000975099 -0.000369632 0.999997 0.00242836 0.000975901 -0.00242864 0.999996 -0.0208956 -0.029594 0.089581
FixedParameters: 0 0 0

#Transform 84
Transform: AffineTransform_float_3_3
Parameters: 1 0.000910911 0.000482285 -0.00091009 0.999998 -0.00188444 -0.000483716 0.00188456 0.999998 -0.0532655 -0.0326861 -0.334612
FixedParameters: 0 0 0

#Transform 85
Transform: AffineTransform_float_3_3
Parameters: 0.999999 0.000457096 0.000719939 -0.000456904 1 -0.000133329 -0.000720061 0.000133671 0.999999 -0.0320871 -0.0499173 -0.156505
FixedParameters: 0 0 0

#Transform 86
Transform: AffineTransform_float_3_3
Parameters: 1 -0.000244651 0.00026941 0.00024435 0.999997 0.00241507 -0.000269591 -0.00241493 0.999997 -0.00105955 -0.0336212 0.134763
FixedParameters: 0 0 0

#Transform 87
Transform: AffineTransform_float_3_3
Parameters: 1 0.000692552 0.000864359 -0.000692448 0.999999 0.000518401 -0.000863641 -0.000518598 0.999999 -0.0247892 0.0430523 0.0452263
FixedParameters: 0 0 0

#Transform 88
Transform: AffineTransform_float_3_3
Parameters: 0.999999 -0.000205889 0.000700032 0.00020611 1 -0.000157856 -0.000699967 0.000158144 0.999999 0.0112856 0.00655075 -0.0913246
FixedParameters: 0 0 0

#Transform 89
Transform: AffineTransform_float_3_3
Parameters: 1 0.000691572 0.000864342 -0.000691427 0.999999 0.000494402 -0.000863658 -0.000495597 0.999999 -0.0405007 -0.00205319 0.0738283
FixedParameters: 0 0 0

#Transform 90
Transform: AffineTransform_float_3_3
Parameters: 0.999999 -3.51075e-05 -0.000897035 3.58925e-05 1 0.000994969 0.000896964 -0.000995032 0.999999 -0.0901548 0.0232866 -0.263469
FixedParameters: 0 0 0

#Transform 91
Transform: AffineTransform_float_3_3
Parameters: 0.999974 0.000613605 -0.0072021 -0.000565394 0.999978 0.00661025 0.00720589 -0.00660575 0.999952 -0.230637 0.0856789 -0.0562341
FixedParameters: 0 0 0

#Transform 92
Transform: AffineTransform_float_3_3
Parameters: 0.999981 0.00010298 -0.00615148 -6.5026e-05 0.999981 0.00617352 0.00615152 -0.00617348 0.999962 -0.0879218 -0.0439519 0.109006
FixedParameters: 0 0 0

#Transform 93
Transform: AffineTransform_float_3_3
Parameters: 0.999993 0.00162743 -0.00316584 -0.00163056 0.999998 -0.00112385 0.00316417 0.00112916 0.999995 -0.0804248 -0.105073 -0.250255
FixedParameters: 0 0 0

#Transform 94
Transform: AffineTransform_float_3_3
Parameters: 0.999995 0.000980567 -0.00304778 -0.000982434 0.999999 -0.00079701 0.00304722 0.000799992 0.999995 -0.0639492 -0.0417642 -0.252016
FixedParameters: 0 0 0

#Transform 95
Transform: AffineTransform_float_3_3
Parameters: 0.999996 -0.00012003 -0.00280104 0.000120969 1 0.000345663 0.00280096 -0.000346338 0.999996 -0.0351536 -0.00883325 -0.0176036
FixedParameters: 0 0 0

#Transform 96
Transform: AffineTransform_float_3_3
Parameters: 0.999997 0.000204869 -0.00240701 -0.000204132 1 -5.45088e-05 0.00240699 5.44933e-05 0.999997 -0.0555039 0.0242036 -0.0799454
FixedParameters: 0 0 0

#Transform 97
Transform: AffineTransform_float_3_3
Parameters: 0.999998 0.000206835 -0.00197381 -0.000204164 0.999999 0.000930404 0.00197419 -0.000929593 0.999997 -0.0525202 -0.034076 -0.0374014
FixedParameters: 0 0 0

#Transform 98
Transform: AffineTransform_float_3_3
Parameters: 0.999997 0.000207078 -0.00239482 -0.000204923 0.999999 0.000867493 0.00239518 -0.000867506 0.999997 -0.0491252 -0.0530556 -0.00589783
FixedParameters: 0 0 0

#Transform 99
Transform: AffineTransform_float_3_3
Parameters: 0.999998 0.000205979 -0.0019739 -0.00020502 1 0.000496406 0.0019741 -0.000495594 0.999998 -0.0454442 0.0358112 0.002787
FixedParameters: 0 0 0

#Transform 100
Transform: AffineTransform_float_3_3
Parameters: 0.999998 0.000206387 -0.00197386 -0.000204614 0.999999 0.000702405 0.00197414 -0.000702594 0.999998 -0.045405 0.0202019 -0.0268262
FixedParameters: 0 0 0

#Transform 101
Transform: AffineTransform_float_3_3
Parameters: 0.999998 0.000207171 -0.0022718 -0.00020483 0.999999 0.000955467 0.0022722 -0.000955531 0.999997 -0.0337786 -0.0503082 -0.0362641
FixedParameters: 0 0 0

#Transform 102
Transform: AffineTransform_float_3_3
Parameters: 0.999998 0.000206887 -0.0019738 -0.000204114 0.999999 0.000955404 0.0019742 -0.000955593 0.999997 -0.0455815 -0.106408 0.0544905
FixedParameters: 0 0 0

#Transform 103
Transform: AffineTransform_float_3_3
Parameters: 0.999996 -0.000166702 -0.00286019 0.0001703 1 0.00115352 0.00285981 -0.00115348 0.999995 -0.0330151 -0.0199195 -0.0335608
FixedParameters: 0 0 0

#Transform 104
Transform: AffineTransform_float_3_3
Parameters: 0.999992 -0.000192311 -0.00396895 0.000211686 0.999989 0.0047092 0.00396705 -0.0047098 0.999981 0.0011328 -0.00921614 0.27577
FixedParameters: 0 0 0

#Transform 105
Transform: AffineTransform_float_3_3
Parameters: 0.999999 0.000290998 -0.00183945 -0.000280999 0.999985 0.00543352 0.00184155 -0.00543247 0.999983 0.000181877 0.0472078 0.368828
FixedParameters: 0 0 0

#Transform 106
Transform: AffineTransform_float_3_3
Parameters: 0.999999 0.000663255 -0.00124686 -0.000663745 1 0.000204828 0.00124714 -0.000204173 0.999999 -0.0496244 -0.0250076 -0.174156
FixedParameters: 0 0 0

#Transform 107
Transform: AffineTransform_float_3_3
Parameters: 1 0.000210094 -0.00112098 -0.000209906 1 8.42354e-05 0.00112102 -8.37646e-05 1 -0.0231683 -0.0749935 -0.247802
FixedParameters: 0 0 0

#Transform 108
Transform: AffineTransform_float_3_3
Parameters: 1 0.000100771 -0.000564863 -9.92287e-05 0.999999 0.00136506 0.000565136 -0.00136494 0.999999 -0.0294144 -0.0377507 0.032823
FixedParameters: 0 0 0

#Transform 109
Transform: AffineTransform_float_3_3
Parameters: 1 0.00035132 -0.000317646 -0.000350681 1 0.00100711 0.000317354 -0.00100789 1 -0.001869 0.0644501 0.147889
FixedParameters: 0 0 0

#Transform 110
Transform: AffineTransform_float_3_3
Parameters: 1 0.000509962 -0.000318061 -0.000510038 1 -0.000118838 0.000317939 0.000119162 1 -0.00438248 0.0889432 0.0501629
FixedParameters: 0 0 0

#Transform 111
Transform: AffineTransform_float_3_3
Parameters: 1 -0.000123091 -0.000667983 0.000122909 1 -0.000136082 0.000667016 0.000135918 1 -0.000723191 -0.0576787 0.00461914
FixedParameters: 0 0 0

#Transform 112
Transform: AffineTransform_float_3_3
Parameters: 0.999999 -0.000210694 -0.000787081 0.000211306 1 0.000388834 0.000786917 -0.000389166 0.999999 -0.0270822 -0.0372667 -0.0666169
FixedParameters: 0 0 0

#Transform 113
Transform: AffineTransform_float_3_3
Parameters: 0.999998 -0.000210398 -0.00156708 0.000211601 1 0.000383669 0.00156692 -0.00038433 0.999998 0.00702437 0.022512 -0.0690348
FixedParameters: 0 0 0

#Transform 114
Transform: AffineTransform_float_3_3
Parameters: 0.999999 0.000185053 -0.000983989 -0.000184947 1 5.4182e-05 0.000984009 -5.38179e-05 0.999999 -0.036936 0.0255565 -0.0593276
FixedParameters: 0 0 0

#Transform 115
Transform: AffineTransform_float_3_3
Parameters: 0.999999 0.000167789 -0.00125603 -0.000168211 1 -0.000167789 0.00125597 0.000168211 0.999999 -0.0391619 -0.0196673 -0.0921137
FixedParameters: 0 0 0

#Transform 116
Transform: AffineTransform_float_3_3
Parameters: 1 0.00024005 -0.000362967 -0.00023995 1 0.000137087 0.000363033 -0.000136913 1 -0.0372344 -0.0296856 -0.188663
FixedParameters: 0 0 0

#Transform 117
Transform: AffineTransform_float_3_3
Parameters: 1 6.05352e-06 -0.000490999 -5.94648e-06 1 0.000109003 0.000491001 -0.000108997 1 -0.00848991 -0.0731876 -0.115428
FixedParameters: 0 0 0

#Transform 118
Transform: AffineTransform_float_3_3
Parameters: 1 0.000271123 -0.000362908 -0.000271877 1 0.000339099 0.000363092 -0.000338902 1 -0.0414363 0.000175759 0.0726262
FixedParameters: 0 0 0

#Transform 119
Transform: AffineTransform_float_3_3
Parameters: 1 0.000200292 -0.00113995 -0.000199708 1 0.000256228 0.00114005 -0.000255772 1 -0.0512785 0.0584457 -0.0136881
FixedParameters: 0 0 0
