#Insight Transform File V1.0
#Transform 0
Transform: AffineTransform_float_3_3
Parameters: 0.999999 0.000191579 -0.00133949 -0.000195423 0.999996 -0.00255474 0.00133951 0.00255426 0.999996 0.0905417 0.202254 0.0757735
FixedParameters: 0 0 0

#Transform 1
Transform: AffineTransform_float_3_3
Parameters: 0.999999 -3.14225e-06 -0.001427 -1.42263e-07 0.999997 -0.002202 0.001427 0.002202 0.999996 0.0912819 0.199488 0.0675903
FixedParameters: 0 0 0

#Transform 2
Transform: AffineTransform_float_3_3
Parameters: 0.999999 0.000221526 -0.00146353 -0.000225475 0.999997 -0.00237367 0.00146347 0.00237433 0.999996 0.0991958 0.200765 0.089016
FixedParameters: 0 0 0

#Transform 3
Transform: AffineTransform_float_3_3
Parameters: 0.999999 -3.34541e-06 -0.001343 -3.45425e-07 0.999997 -0.002491 0.001343 0.002491 0.999996 0.0858956 0.199874 0.0985819
FixedParameters: 0 0 0

#Transform 4
Transform: AffineTransform_float_3_3
Parameters: 1 -0.000178841 -0.00102468 0.000176159 0.999999 -0.00179618 0.00102532 0.00179582 0.999998 0.0612413 0.13211 0.0783564
FixedParameters: 0 0 0

#Transform 5
Transform: AffineTransform_float_3_3
Parameters: 1 -0.000438078 -0.00102411 0.000435923 0.999998 -0.00202745 0.00102489 0.00202755 0.999998 0.0546827 0.174148 0.084134
FixedParameters: 0 0 0

#Transform 6
Transform: AffineTransform_float_3_3
Parameters: 1 -0.000596934 -0.00102387 0.000595066 0.999998 -0.00188861 0.00102513 0.00188739 0.999997 0.0506724 0.150278 0.0806917
FixedParameters: 0 0 0

#Transform 7
Transform: AffineTransform_float_3_3
Parameters: 1 -1.1275e-06 -0.001025 -1.27501e-07 1 -0.0011 0.001025 0.0011 0.999999 0.0934054 0.0801751 0.0545218
FixedParameters: 0 0 0

#Transform 8
Transform: AffineTransform_float_3_3
Parameters: 1 -6.04955e-07 -0.000533 3.95044e-07 1 -0.001135 0.000533001 0.001135 0.999999 0.0618117 0.103207 0.0729627
FixedParameters: 0 0 0

#Transform 9
Transform: AffineTransform_float_3_3
Parameters: 1 -1.29244e-07 -0.000158 -1.29244e-07 0.999999 -0.000817999 0.000158 0.000817999 0.999999 0.0208399 0.0767261 0.111106
FixedParameters: 0 0 0

#Transform 10
Transform: AffineTransform_float_3_3
Parameters: 1 -0.000407997 6.20208e-05 0.000408003 1 -5.09747e-05 -6.19792e-05 5.10253e-05 1 -0.00474065 0.0678239 0.0455319
FixedParameters: 0 0 0

#Transform 11
Transform: AffineTransform_float_3_3
Parameters: 1 0.000102003 6.19948e-05 -0.000101997 1 -5.10063e-05 -6.20052e-05 5.09937e-05 1 0.0262647 0.0107221 0.0568231
FixedParameters: 0 0 0

#Transform 12
Transform: AffineTransform_float_3_3
Parameters: 1 0.000196962 6.21192e-05 -0.000197037 1 0.000604988 -6.18808e-05 -0.000605012 1 0.0374696 -0.0583829 -0.0561274
FixedParameters: 0 0 0

#Transform 13
Transform: AffineTransform_float_3_3
Parameters: 1 -9.3682e-08 6.19999e-05 -9.3682e-08 0.999999 0.001511 -6.19999e-05 -0.001511 0.999999 0.0415371 -0.119409 -0.0134521
FixedParameters: 0 0 0

#Transform 14
Transform: AffineTransform_float_3_3
Parameters: 1 -3.48219e-07 0.000243 -3.48219e-07 0.999999 0.001433 -0.000243 -0.001433 0.999999 0.0299371 -0.119345 0.00741872
FixedParameters: 0 0 0

#Transform 15
Transform: AffineTransform_float_3_3
Parameters: 1 -9.3496e-08 6.19999e-05 -9.3496e-08 0.999999 0.001508 -6.19999e-05 -0.001508 0.999999 0.00295933 -0.0743781 -0.058084
FixedParameters: 0 0 0

#Transform 16
Transform: AffineTransform_float_3_3
Parameters: 1 -3.97125e-07 0.000353 -3.97125e-07 1 0.001125 -0.000353 -0.001125 1 -0.0217409 -0.0497844 -0.00845244
FixedParameters: 0 0 0

#Transform 17
Transform: AffineTransform_float_3_3
Parameters: 1 -5.5552e-08 6.19999e-05 -5.5552e-08 0.999999 0.000895999 -6.19999e-05 -0.000895999 0.999999 -0.00420479 -0.0553286 -0.027753
FixedParameters: 0 0 0

#Transform 18
Transform: AffineTransform_float_3_3
Parameters: 1 9.53339e-05 -0.000282888 -9.4666e-05 1 0.00118003 0.000283112 -0.00117997 1 0.0275655 -0.0194944 -0.0295903
FixedParameters: 0 0 0

#Transform 19
Transform: AffineTransform_float_3_3
Parameters: 1 -9.362e-09 6.2e-05 -9.362e-09 1 0.000151 -6.2e-05 -0.000151 1 -0.00289451 -0.0204491 -0.00711061
FixedParameters: 0 0 0

#Transform 20
Transform: AffineTransform_float_3_3
Parameters: 1 4.3648e-08 6.2e-05 4.3648e-08 1 -0.000704 -6.2e-05 0.000704 1 -0.00128768 0.0344053 0.0223579
FixedParameters: 0 0 0

#Transform 21
Transform: AffineTransform_float_3_3
Parameters: 1 1.11232e-07 0.000158 1.11232e-07 1 -0.000704 -0.000158 0.000704 0.999999 -0.0130536 0.0781086 0.0119227
FixedParameters: 0 0 0

#Transform 22
Transform: AffineTransform_float_3_3
Parameters: 1 4.96e-10 6.2e-05 4.96e-10 1 -8e-06 -6.2e-05 8e-06 1 0.00687735 -0.012556 -0.0738331
FixedParameters: 0 0 0

#Transform 23
Transform: AffineTransform_float_3_3
Parameters: 1 -0.000149995 -5.40139e-05 0.000150005 1 9.29919e-05 5.3986e-05 -9.30081e-05 1 0.0152254 0.0338 -0.0753042
FixedParameters: 0 0 0

#Transform 24
Transform: AffineTransform_float_3_3
Parameters: 1 6.2e-11 6.2e-05 6.2e-11 1 -1e-06 -6.2e-05 1e-06 1 0.00309134 0.054199 -0.0740274
FixedParameters: 0 0 0

#Transform 25
Transform: AffineTransform_float_3_3
Parameters: 1 0.00061896 6.23936e-05 -0.000619039 0.999999 0.000635961 -6.16063e-05 -0.000636038 1 0.0350664 0.0244888 -0.0555658
FixedParameters: 0 0 0

#Transform 26
Transform: AffineTransform_float_3_3
Parameters: 1 -8.99735e-05 -2.21081e-05 9.00264e-05 1 0.001201 2.18919e-05 -0.001201 1 0.00971605 -0.0220314 -0.0443095
FixedParameters: 0 0 0

#Transform 27
Transform: AffineTransform_float_3_3
Parameters: 1 0.00038896 6.22474e-05 -0.000389039 0.999999 0.000635976 -6.17526e-05 -0.000636024 1 0.0293575 -0.00070431 -0.00275145
FixedParameters: 0 0 0

#Transform 28
Transform: AffineTransform_float_3_3
Parameters: 1 0.000481058 -0.0002819 -0.000480941 1 0.000207136 0.000282099 -0.000206864 1 0.053745 0.0955079 0.0108629
FixedParameters: 0 0 0

#Transform 29
Transform: AffineTransform_float_3_3
Parameters: 1 0.000368994 6.20343e-05 -0.000369006 1 9.29771e-05 -6.19657e-05 -9.30229e-05 1 0.0334585 0.0442464 -0.0554183
FixedParameters: 0 0 0

#Transform 30
Transform: AffineTransform_float_3_3
Parameters: 1 4.64e-09 -2.9e-05 4.64e-09 1 0.00016 2.9e-05 -0.00016 1 0.0256297 -0.0181951 -0.0678447
FixedParameters: 0 0 0

#Transform 31
Transform: AffineTransform_float_3_3
Parameters: 1 5.69611e-05 6.20357e-05 -5.70389e-05 1 0.000626996 -6.19642e-05 -0.000627003 1 0.0211567 -0.024603 -0.0801279
FixedParameters: 0 0 0

#Transform 32
Transform: AffineTransform_float_3_3
Parameters: 1 0.000526386 -0.000189933 -0.000525613 0.999998 0.0020281 0.000191066 -0.0020279 0.999998 0.0489827 -0.0845203 -0.129747
FixedParameters: 0 0 0

#Transform 33
Transform: AffineTransform_float_3_3
Parameters: 1 0.000652853 6.35298e-05 -0.000653148 0.999997 0.00234296 -6.24698e-05 -0.00234304 0.999998 0.0358102 -0.17293 -0.149984
FixedParameters: 0 0 0

#Transform 34
Transform: AffineTransform_float_3_3
Parameters: 1 0.000594978 1.39871e-05 -0.000595023 0.999999 0.00165899 -1.30129e-05 -0.00165901 0.999998 0.050374 -0.144414 -0.066876
FixedParameters: 0 0 0

#Transform 35
Transform: AffineTransform_float_3_3
Parameters: 1 0.000652971 1.52981e-05 -0.00065303 0.999998 0.00198799 -1.47018e-05 -0.00198801 0.999998 0.055538 -0.107023 -0.125894
FixedParameters: 0 0 0

#Transform 36
Transform: AffineTransform_float_3_3
Parameters: 0.999999 0.000809304 -0.000218876 -0.000809694 0.999998 0.00138918 0.000220125 -0.00138882 0.999999 0.0744173 -0.0865656 -0.104541
FixedParameters: 0 0 0

#Transform 37
Transform: AffineTransform_float_3_3
Parameters: 0.999999 0.000860013 -0.000155924 -0.000859986 0.999999 8.81341e-05 0.000156076 -8.78658e-05 1 0.0542242 -0.00336488 -0.0421905
FixedParameters: 0 0 0

#Transform 38
Transform: AffineTransform_float_3_3
Parameters: 0.999999 0.000890003 -0.000361992 -0.000889996 0.999999 9.32217e-06 0.000362009 -9.67781e-06 1 0.0822358 -0.0160719 -0.0717672
FixedParameters: 0 0 0

#Transform 39
Transform: AffineTransform_float_3_3
Parameters: 0.999999 0.000890271 -0.000361332 -0.000889729 1 0.000750322 0.000361667 -0.000749678 0.999999 0.085593 -0.0400196 -0.147827
FixedParameters: 0 0 0

#Transform 40
Transform: AffineTransform_float_3_3
Parameters: 0.999999 0.00165352 -0.000769613 -0.00165048 0.999994 0.00326128 0.000774386 -0.00325973 0.999995 0.130909 -0.159775 -0.278864
FixedParameters: 0 0 0

#Transform 41
Transform: AffineTransform_float_3_3
Parameters: 0.999999 0.00170458 -0.000354476 -0.00170342 0.999989 0.00441661 0.000362527 -0.00441639 0.99999 0.105496 -0.295798 -0.247508
FixedParameters: 0 0 0

#Transform 42
Transform: AffineTransform_float_3_3
Parameters: 1 0.000550703 -0.000359403 -0.000549293 0.999988 0.0047232 0.000362598 -0.0047228 0.999989 0.0540482 -0.318621 -0.251168
FixedParameters: 0 0 0

#Transform 43
Transform: AffineTransform_float_3_3
Parameters: 1 0.000550358 -0.000313628 -0.00054864 0.99999 0.00431517 0.00031637 -0.00431482 0.99999 0.0582385 -0.273906 -0.190016
FixedParameters: 0 0 0

#Transform 44
Transform: AffineTransform_float_3_3
Parameters: 0.999999 0.000552209 -0.000799793 -0.000548789 0.999992 0.00400744 0.000802205 -0.00400756 0.999991 0.0843993 -0.233848 -0.110326
FixedParameters: 0 0 0

#Transform 45
Transform: AffineTransform_float_3_3
Parameters: 0.999999 0.000306718 -0.000758907 -0.000304281 0.999993 0.00357923 0.000760094 -0.00357877 0.999994 0.0711969 -0.258482 -0.0680142
FixedParameters: 0 0 0

#Transform 46
Transform: AffineTransform_float_3_3
Parameters: 0.999999 0.000768946 -0.000447674 -0.000767057 0.999991 0.00433135 0.000450327 -0.00433166 0.999991 0.0678952 -0.3112 -0.210669
FixedParameters: 0 0 0

#Transform 47
Transform: AffineTransform_float_3_3
Parameters: 0.999999 0.000551542 -0.00070903 -0.000548458 0.999994 0.00358039 0.000710968 -0.00357961 0.999994 0.0676739 -0.24914 -0.264783
FixedParameters: 0 0 0

#Transform 48
Transform: AffineTransform_float_3_3
Parameters: 0.999998 0.000921868 -0.00137108 -0.000913131 0.999978 0.00645526 0.00137692 -0.00645374 0.999978 0.127123 -0.463887 -0.474641
FixedParameters: 0 0 0

#Transform 49
Transform: AffineTransform_float_3_3
Parameters: 0.999998 0.00210323 -0.000800263 -0.00209577 0.999958 0.0089247 0.000819736 -0.0089233 0.99996 0.119062 -0.635094 -0.550764
FixedParameters: 0 0 0

#Transform 50
Transform: AffineTransform_float_3_3
Parameters: 1 0.000918225 -0.000455558 -0.00091478 0.999975 0.00702842 0.000461441 -0.00702758 0.999975 0.101308 -0.512186 -0.270837
FixedParameters: 0 0 0

#Transform 51
Transform: AffineTransform_float_3_3
Parameters: 0.999999 -0.000177305 -0.000921915 0.00018169 0.999987 0.00509483 0.000920085 -0.00509516 0.999986 0.0657245 -0.428232 -0.0721465
FixedParameters: 0 0 0

#Transform 52
Transform: AffineTransform_float_3_3
Parameters: 1 0.000564629 -0.00091756 -0.000558375 0.999981 0.00612352 0.000920436 -0.00612248 0.999981 0.1042 -0.412767 -0.20196
FixedParameters: 0 0 0

#Transform 53
Transform: AffineTransform_float_3_3
Parameters: 0.999999 0.00119014 -0.000752383 -0.00118386 0.999967 0.0081019 0.000762616 -0.0081011 0.999967 0.10898 -0.334875 -0.481015
FixedParameters: 0 0 0

#Transform 54
Transform: AffineTransform_float_3_3
Parameters: 0.999999 0.000722716 -0.000430472 -0.00072028 0.99998 0.00627731 0.00043553 -0.00627669 0.99998 0.0890704 -0.392237 -0.202475
FixedParameters: 0 0 0

#Transform 55
Transform: AffineTransform_float_3_3
Parameters: 1 -1.58478e-05 -0.000435084 1.81517e-05 0.999988 0.00494699 0.000434915 -0.004947 0.999987 0.0408427 -0.347015 -0.0254894
FixedParameters: 0 0 0

#Transform 56
Transform: AffineTransform_float_3_3
Parameters: 1 0.000370005 -0.000433296 -0.000367996 0.99999 0.00461816 0.000434704 -0.00461884 0.999989 0.0678126 -0.223305 -0.134085
FixedParameters: 0 0 0

#Transform 57
Transform: AffineTransform_float_3_3
Parameters: 1 0.000160745 -0.000434358 -0.000159257 0.999992 0.00401407 0.000434643 -0.00401393 0.999992 0.0608686 -0.126342 -0.0482308
FixedParameters: 0 0 0

#Transform 58
Transform: AffineTransform_float_3_3
Parameters: 1 8.75212e-06 -0.000434968 -7.24774e-06 0.999992 0.004028 0.000435033 -0.004028 0.999992 0.0586685 -0.0820919 -0.114929
FixedParameters: 0 0 0

#Transform 59
Transform: AffineTransform_float_3_3
Parameters: 1 -0.000185663 -0.000435572 0.000187338 0.999996 0.00307092 0.000435427 -0.00307108 0.999995 0.0576182 -0.0957607 -0.121554
FixedParameters: 0 0 0

#Transform 60
Transform: AffineTransform_float_3_3
Parameters: 1 -0.000152002 -3.09894e-05 0.000151998 1 -7.00047e-05 3.10106e-05 6.99953e-05 1 0.0415918 0.128119 0.279711
FixedParameters: 0 0 0

#Transform 61
Transform: AffineTransform_float_3_3
Parameters: 1 0.000257623 -0.000434041 -0.000255377 0.999993 0.00373511 0.000434957 -0.00373489 0.999993 0.0777111 -0.0285287 -0.0985339
FixedParameters: 0 0 0

#Transform 62
Transform: AffineTransform_float_3_3
Parameters: 0.999999 0.000619629 -0.000379351 -0.000618367 0.99999 0.00428023 0.00038265 -0.00427976 0.999991 0.0833457 -0.0490296 -0.257333
FixedParameters: 0 0 0

#Transform 63
Transform: AffineTransform_float_3_3
Parameters: 1 0.00025836 -0.000433603 -0.000255638 0.999985 0.00543311 0.000435395 -0.00543289 0.999985 0.0531901 -0.265092 -0.223946
FixedParameters: 0 0 0

#Transform 64
Transform: AffineTransform_float_3_3
Parameters: 1 0.000464273 -5.7852e-05 -0.000463727 0.999989 0.00462803 6.01468e-05 -0.00462797 0.99999 0.03742 -0.203273 -0.182202
FixedParameters: 0 0 0

#Transform 65
Transform: AffineTransform_float_3_3
Parameters: 1 0.000385564 -0.000106988 -0.000384436 0.999987 0.00522204 0.000109009 -0.00522196 0.999987 0.0374016 -0.24975 -0.211254
FixedParameters: 0 0 0

#Transform 66
Transform: AffineTransform_float_3_3
Parameters: 1 0.000970848 0.000471547 -0.000974149 0.999977 0.00673255 -0.000464453 -0.00673246 0.999977 0.0245586 -0.415866 -0.363604
FixedParameters: 0 0 0

#Transform 67
Transform: AffineTransform_float_3_3
Parameters: 1 0.000898763 0.000483072 -0.000902237 0.999977 0.00674357 -0.000476927 -0.00674343 0.999977 0.0348142 -0.396786 -0.313378
FixedParameters: 0 0 0

#Transform 68
Transform: AffineTransform_float_3_3
Parameters: 0.999999 0.000900309 0.00032374 -0.000901686 0.999986 0.00525971 -0.000318261 -0.00526029 0.999986 0.0412657 -0.285377 -0.119607
FixedParameters: 0 0 0

#Transform 69
Transform: AffineTransform_float_3_3
Parameters: 1 0.000104686 6.55052e-05 -0.000105317 0.999989 0.004818 -6.54934e-05 -0.00481801 0.999989 0.0110934 -0.292484 -0.0341354
FixedParameters: 0 0 0

#Transform 70
Transform: AffineTransform_float_3_3
Parameters: 1 0.000607364 -0.000316393 -0.000606632 0.99999 0.00429619 0.000319609 -0.0042958 0.99999 0.0569594 -0.263838 -0.124105
FixedParameters: 0 0 0

#Transform 71
Transform: AffineTransform_float_3_3
Parameters: 1 0.000212004 -0.000175996 -0.000211996 1 2.10373e-05 0.000176004 -2.09627e-05 1 0.0201277 0.0401721 -0.24127
FixedParameters: 0 0 0

#Transform 72
Transform: AffineTransform_float_3_3
Parameters: 0.999999 0.000662482 -0.000524391 -0.000661518 1 0.000919348 0.000524608 -0.000918654 1 0.0659647 0.0389193 -0.280276
FixedParameters: 0 0 0

#Transform 73
Transform: AffineTransform_float_3_3
Parameters: 1 0.000106392 -0.000325548 -0.000105606 0.999991 0.00427203 0.000326454 -0.00427296 0.999991 0.0184452 -0.104364 -0.165232
FixedParameters: 0 0 0

#Transform 74
Transform: AffineTransform_float_3_3
Parameters: 1 0.000347671 -0.000360396 -0.000346332 0.999989 0.00462413 0.000361606 -0.00462488 0.999989 0.0534272 -0.161003 -0.175083
FixedParameters: 0 0 0

#Transform 75
Transform: AffineTransform_float_3_3
Parameters: 1 0.000519788 -0.000359427 -0.000518213 0.999987 0.00495818 0.000361573 -0.00495781 0.999987 0.0576056 -0.210789 -0.185997
FixedParameters: 0 0 0

#Transform 76
Transform: AffineTransform_float_3_3
Parameters: 0.999999 0.000644233 -0.000358009 -0.000641766 0.99998 0.00620523 0.000361989 -0.00620476 0.99998 0.054371 -0.296828 -0.282333
FixedParameters: 0 0 0

#Transform 77
Transform: AffineTransform_float_3_3
Parameters: 1 0.000556476 -0.000358182 -0.000554525 0.999976 0.0068772 0.000361822 -0.0068768 0.999977 0.0584767 -0.32469 -0.345485
FixedParameters: 0 0 0

#Transform 78
Transform: AffineTransform_float_3_3
Parameters: 0.999998 0.00194766 -0.000458726 -0.00194434 0.999968 0.00784991 0.000474277 -0.00784909 0.999969 0.0994787 -0.496087 -0.617544
FixedParameters: 0 0 0

#Transform 79
Transform: AffineTransform_float_3_3
Parameters: 1 0.001097 0.000282886 -0.001099 0.999973 0.00718169 -0.000275114 -0.0071823 0.999974 0.035941 -0.501392 -0.331574
FixedParameters: 0 0 0

#Transform 80
Transform: AffineTransform_float_3_3
Parameters: 1 -0.000498689 -5.20714e-05 0.000499311 0.999981 0.00615697 4.89267e-05 -0.00615702 0.999981 -0.0284752 -0.33287 -0.0855699
FixedParameters: 0 0 0

#Transform 81
Transform: AffineTransform_float_3_3
Parameters: 1 0.00114052 0.000190094 -0.00114148 0.999967 0.00796779 -0.00018091 -0.00796821 0.999968 0.0165316 -0.468834 -0.577154
FixedParameters: 0 0 0

#Transform 82
Transform: AffineTransform_float_3_3
Parameters: 0.999999 0.00113736 0.000564449 -0.00114164 0.999965 0.00829037 -0.000554555 -0.00829064 0.999966 -0.00307411 -0.525298 -0.528685
FixedParameters: 0 0 0

#Transform 83
Transform: AffineTransform_float_3_3
Parameters: 1 0.000678926 -0.000184037 -0.000677074 0.999947 0.0102701 0.000190964 -0.0102699 0.999947 0.028737 -0.675348 -0.360289
FixedParameters: 0 0 0

#Transform 84
Transform: AffineTransform_float_3_3
Parameters: 1 0.00114317 -0.000107179 -0.00114182 0.999946 0.0103461 0.000119821 -0.0103469 0.999947 0.0356049 -0.672773 -0.59267
FixedParameters: 0 0 0

#Transform 85
Transform: AffineTransform_float_3_3
Parameters: 1 0.000596242 0.000182836 -0.00059776 0.999952 0.0097729 -0.000177167 -0.00977311 0.999952 0.0397632 -0.59335 -0.275676
FixedParameters: 0 0 0

#Transform 86
Transform: AffineTransform_float_3_3
Parameters: 1 0.000635995 0.000120434 -0.00063701 0.999964 0.00853692 -0.000115566 -0.00853707 0.999963 0.00271177 -0.492256 -0.0488121
FixedParameters: 0 0 0

#Transform 87
Transform: AffineTransform_float_3_3
Parameters: 1 0.0011409 0.000125434 -0.0011421 0.999957 0.00914086 -0.000115565 -0.00914114 0.999958 0.0461581 -0.52752 -0.388921
FixedParameters: 0 0 0

#Transform 88
Transform: AffineTransform_float_3_3
Parameters: 1 0.00114179 6.01714e-05 -0.00114221 0.999992 0.00365293 -5.58279e-05 -0.00365307 0.999994 0.0584605 -0.200216 -0.757661
FixedParameters: 0 0 0

#Transform 89
Transform: AffineTransform_float_3_3
Parameters: 0.999999 0.000890636 0.000126043 -0.000892363 0.999936 0.0112669 -0.000115953 -0.0112671 0.999936 0.0484303 -0.651733 -0.774578
FixedParameters: 0 0 0

#Transform 90
Transform: AffineTransform_float_3_3
Parameters: 1 0.000518983 0.000302987 -0.000523016 0.99991 0.0134098 -0.000296013 -0.0134102 0.99991 0.011195 -0.843406 -0.618425
FixedParameters: 0 0 0

#Transform 91
Transform: AffineTransform_float_3_3
Parameters: 1 0.00113793 0.000326538 -0.00114208 0.999918 0.0127526 -0.000312461 -0.0127524 0.999918 0.0276877 -0.811285 -0.537557
FixedParameters: 0 0 0

#Transform 92
Transform: AffineTransform_float_3_3
Parameters: 1 0.000698168 7.1625e-05 -0.000698835 0.999923 0.0123459 -6.3377e-05 -0.012346 0.999924 0.0235554 -0.721575 -0.452628
FixedParameters: 0 0 0

#Transform 93
Transform: AffineTransform_float_3_3
Parameters: 1 -2.43466e-05 0.000397709 1.86495e-05 0.999909 0.013438 -0.000398286 -0.013438 0.999909 -0.0520879 -0.796848 -0.525027
FixedParameters: 0 0 0

#Transform 94
Transform: AffineTransform_float_3_3
Parameters: 1 0.000260918 0.00100748 -0.00027409 0.999916 0.0130077 -0.00100452 -0.0130073 0.999915 -0.0387307 -0.870859 -0.313503
FixedParameters: 0 0 0

#Transform 95
Transform: AffineTransform_float_3_3
Parameters: 0.999999 -0.000611688 0.00116011 0.000610312 0.999999 0.00145471 -0.00116089 -0.00145429 0.999999 -0.10093 -0.184019 0.787476
FixedParameters: 0 0 0

#Transform 96
Transform: AffineTransform_float_3_3
Parameters: 1 -0.000348316 0.000559426 0.000348683 0.999999 -0.00122281 -0.000558574 0.0012232 0.999999 -0.0465515 0.0611145 0.772231
FixedParameters: 0 0 0

#Transform 97
Transform: AffineTransform_float_3_3
Parameters: 0.999999 -2.70193e-05 0.000787765 1.89783e-05 0.999948 0.010178 -0.000788234 -0.010178 0.999948 -0.0324192 -0.421929 -0.344124
FixedParameters: 0 0 0

#Transform 98
Transform: AffineTransform_float_3_3
Parameters: 1 -2.18288e-05 0.000275791 1.91793e-05 0.999948 0.010253 -0.000275211 -0.010253 0.999948 -0.0149171 -0.307243 -0.370208
FixedParameters: 0 0 0

#Transform 99
Transform: AffineTransform_float_3_3
Parameters: 0.999999 0.00146517 0.000331404 -0.00146883 0.999928 0.0118625 -0.000314598 -0.0118625 0.999929 0.0335403 -0.593929 -0.808383
FixedParameters: 0 0 0

#Transform 100
Transform: AffineTransform_float_3_3
Parameters: 0.999999 0.00170189 0.000736577 -0.00170611 0.999983 0.00561975 -0.000726422 -0.00562124 0.999984 0.0362264 -0.362215 -1.05828
FixedParameters: 0 0 0

#Transform 101
Transform: AffineTransform_float_3_3
Parameters: 1 0.000470222 0.000947914 -0.000479779 0.999947 0.0103416 -0.000943089 -0.0103425 0.999946 -0.0455418 -0.670683 -0.58148
FixedParameters: 0 0 0

#Transform 102
Transform: AffineTransform_float_3_3
Parameters: 1 0.000292192 0.00115711 -0.000308807 0.999907 0.0136857 -0.00115288 -0.0136853 0.999905 -0.0542302 -0.793187 -0.494468
FixedParameters: 0 0 0

#Transform 103
Transform: AffineTransform_float_3_3
Parameters: 0.999999 0.000295287 0.000898279 -0.000308709 0.9999 0.0141857 -0.00089371 -0.0141863 0.999899 -0.0315674 -0.810625 -0.51645
FixedParameters: 0 0 0

#Transform 104
Transform: AffineTransform_float_3_3
Parameters: 0.999999 -0.000161362 0.0013211 0.000145639 0.999924 0.0123762 -0.0013229 -0.0123758 0.999922 -0.0957196 -0.658149 -0.204775
FixedParameters: 0 0 0

#Transform 105
Transform: AffineTransform_float_3_3
Parameters: 0.999999 -0.000502068 0.00144686 0.000483931 0.999922 0.0124607 -0.00145314 -0.0124603 0.999922 -0.112875 -0.600968 -0.202266
FixedParameters: 0 0 0

#Transform 106
Transform: AffineTransform_float_3_3
Parameters: 0.999999 0.000292474 0.00120687 -0.000308528 0.999917 0.0128846 -0.00120313 -0.0128854 0.999917 -0.0698158 -0.621957 -0.516552
FixedParameters: 0 0 0

#Transform 107
Transform: AffineTransform_float_3_3
Parameters: 1 0.000292251 0.00113916 -0.000308747 0.999904 0.0138497 -0.00113483 -0.0138503 0.999904 -0.051482 -0.704672 -0.823599
FixedParameters: 0 0 0

#Transform 108
Transform: AffineTransform_float_3_3
Parameters: 1 0.000773567 0.000751885 -0.000784434 0.999902 0.0139754 -0.000741109 -0.0139766 0.999902 0.00357037 -0.741625 -0.877039
FixedParameters: 0 0 0

#Transform 109
Transform: AffineTransform_float_3_3
Parameters: 0.999999 0.000984021 0.00076533 -0.000994974 0.999894 0.0144802 -0.000750671 -0.0144807 0.999895 0.00566829 -0.805944 -0.553035
FixedParameters: 0 0 0

#Transform 110
Transform: AffineTransform_float_3_3
Parameters: 1 0.000554872 0.00101585 -0.000569131 0.999903 0.0139614 -0.00100815 -0.0139616 0.999902 -0.0317004 -0.714026 -0.46063
FixedParameters: 0 0 0

#Transform 111
Transform: AffineTransform_float_3_3
Parameters: 0.999999 -4.95883e-05 0.00100242 3.64173e-05 0.999908 0.013551 -0.00100258 -0.013551 0.999907 -0.0626454 -0.730139 -0.282503
FixedParameters: 0 0 0

#Transform 112
Transform: AffineTransform_float_3_3
Parameters: 0.999999 -6.47534e-05 0.00132429 4.82375e-05 0.99992 0.0126471 -0.00132572 -0.0126469 0.999919 -0.0894353 -0.583994 -0.102052
FixedParameters: 0 0 0

#Transform 113
Transform: AffineTransform_float_3_3
Parameters: 0.999999 -0.000385068 0.000921047 0.000372932 0.999914 0.0130673 -0.000925952 -0.0130666 0.999914 -0.0888788 -0.527205 -0.232984
FixedParameters: 0 0 0

#Transform 114
Transform: AffineTransform_float_3_3
Parameters: 0.999999 0.000490445 0.000830929 -0.000501555 0.999903 0.0139626 -0.000824077 -0.0139634 0.999902 -0.033062 -0.59553 -0.539005
FixedParameters: 0 0 0

#Transform 115
Transform: AffineTransform_float_3_3
Parameters: 1 0.000244873 0.000504522 -0.000252134 0.9999 0.0141749 -0.000501476 -0.0141751 0.9999 -0.0160545 -0.628377 -0.741444
FixedParameters: 0 0 0

#Transform 116
Transform: AffineTransform_float_3_3
Parameters: 1 0.000794829 0.000889941 -0.000808172 0.999888 0.0148993 -0.000878056 -0.0148997 0.999888 -0.0200117 -0.803242 -0.693951
FixedParameters: 0 0 0

#Transform 117
Transform: AffineTransform_float_3_3
Parameters: 0.999999 0.000478658 0.0013918 -0.000497344 0.999903 0.0139293 -0.00138521 -0.0139307 0.999902 -0.0531188 -0.753417 -0.443513
FixedParameters: 0 0 0

#Transform 118
Transform: AffineTransform_float_3_3
Parameters: 1 0.000397369 0.0009528 -0.000411634 0.999897 0.0143486 -0.000947191 -0.0143494 0.999896 -0.0190082 -0.762295 -0.521285
FixedParameters: 0 0 0

#Transform 119
Transform: AffineTransform_float_3_3
Parameters: 1 0.000148448 0.00117763 -0.000167559 0.999862 0.0166208 -0.00117538 -0.0166202 0.999861 -0.0386226 -1.03044 -0.438212
FixedParameters: 0 0 0
