# transform file /out/sourcedata/freesurfer/sub-v2s0x29054_ses-1/mri/transforms/cc_up.lta
# created by oesteban on Tue Mar 10 14:27:34 2026

type      = 0 # LINEAR_VOX_TO_VOX
nxforms   = 1
mean      = 126.0000 98.0000 118.0000
sigma     = 10000.0000
1 4 4
9.995656013488770e-01 4.656746983528137e-03 -2.910188212990761e-02 4.747207164764404e+00 
-4.654774442315102e-03 9.999891519546509e-01 1.355215645162389e-04 5.057312393188477e+01 
2.910219877958298e-02 1.455191522836685e-11 9.995764493942261e-01 1.937759780883789e+01 
0.000000000000000e+00 0.000000000000000e+00 0.000000000000000e+00 1.000000000000000e+00 
src volume info
valid = 1  # volume info valid
filename = /out/sourcedata/freesurfer/sub-v2s0x29054_ses-1/mri/norm.mgz
volume = 256 256 256
voxelsize = 1.000000000000000e+00 1.000000000000000e+00 1.000000000000000e+00
xras   = -1.000000000000000e+00 0.000000000000000e+00 0.000000000000000e+00
yras   = 0.000000000000000e+00 0.000000000000000e+00 -1.000000000000000e+00
zras   = 0.000000000000000e+00 1.000000000000000e+00 0.000000000000000e+00
cras   = 7.740631103515625e-01 3.681175231933594e+01 -7.215377807617188e+00
dst volume info
valid = 1  # volume info valid
filename = /out/sourcedata/freesurfer/sub-v2s0x29054_ses-1/mri/norm.mgz
volume = 256 256 256
voxelsize = 1.000000000000000e+00 1.000000000000000e+00 1.000000000000000e+00
xras   = -1.000000000000000e+00 0.000000000000000e+00 0.000000000000000e+00
yras   = 0.000000000000000e+00 0.000000000000000e+00 -1.000000000000000e+00
zras   = 0.000000000000000e+00 1.000000000000000e+00 0.000000000000000e+00
cras   = 7.740631103515625e-01 3.681175231933594e+01 -7.215377807617188e+00
