# transform file /out/sourcedata/freesurfer/sub-v2s0x29021_ses-1/mri/transforms/cc_up.lta
# created by oesteban on Tue Mar 10 10:17:41 2026

type      = 0 # LINEAR_VOX_TO_VOX
nxforms   = 1
mean      = 129.0000 99.0000 116.0000
sigma     = 10000.0000
1 4 4
9.881193637847900e-01 1.286242753267288e-01 -8.411918580532074e-02 -2.459949493408203e+00 
-1.281607002019882e-01 9.916934370994568e-01 1.091039646416903e-02 6.223403549194336e+01 
8.482377976179123e-02 -9.313226856377810e-10 9.963960051536560e-01 1.433368778228760e+01 
0.000000000000000e+00 0.000000000000000e+00 0.000000000000000e+00 1.000000000000000e+00 
src volume info
valid = 1  # volume info valid
filename = /out/sourcedata/freesurfer/sub-v2s0x29021_ses-1/mri/norm.mgz
volume = 256 256 256
voxelsize = 1.000000000000000e+00 1.000000000000000e+00 1.000000000000000e+00
xras   = -1.000000000000000e+00 0.000000000000000e+00 0.000000000000000e+00
yras   = 0.000000000000000e+00 0.000000000000000e+00 -1.000000000000000e+00
zras   = 0.000000000000000e+00 1.000000000000000e+00 0.000000000000000e+00
cras   = 7.740631103515625e-01 3.837918090820312e+01 -2.531723022460938e+00
dst volume info
valid = 1  # volume info valid
filename = /out/sourcedata/freesurfer/sub-v2s0x29021_ses-1/mri/norm.mgz
volume = 256 256 256
voxelsize = 1.000000000000000e+00 1.000000000000000e+00 1.000000000000000e+00
xras   = -1.000000000000000e+00 0.000000000000000e+00 0.000000000000000e+00
yras   = 0.000000000000000e+00 0.000000000000000e+00 -1.000000000000000e+00
zras   = 0.000000000000000e+00 1.000000000000000e+00 0.000000000000000e+00
cras   = 7.740631103515625e-01 3.837918090820312e+01 -2.531723022460938e+00
