#Insight Transform File V1.0
#Transform 0
Transform: AffineTransform_float_3_3
Parameters: 0.999999 -0.000721912 -0.000592106 0.000722087 0.999999 0.000147572 0.000591893 -0.000147427 1 0.0123789 0.0243005 0.146348
FixedParameters: 0 0 0

#Transform 1
Transform: AffineTransform_float_3_3
Parameters: 1 1.94207e-05 -0.000496023 -2.05793e-05 1 -0.00116799 0.000495976 0.00116801 0.999999 -0.00306276 -0.0715656 -0.0855026
FixedParameters: 0 0 0

#Transform 2
Transform: AffineTransform_float_3_3
Parameters: 1 0.000646113 8.21123e-05 -0.000645886 0.999999 -0.00137405 -8.28875e-05 0.00137395 0.999999 -0.0299103 -0.0919223 -0.0585685
FixedParameters: 0 0 0

#Transform 3
Transform: AffineTransform_float_3_3
Parameters: 1 0.000537053 8.86756e-05 -0.000536946 0.999999 -0.000604047 -8.83243e-05 0.000603952 1 -0.0144606 -0.0527406 0.116522
FixedParameters: 0 0 0

#Transform 4
Transform: AffineTransform_float_3_3
Parameters: 0.999999 0.000847112 0.000105096 -0.000846887 0.999999 -0.00106709 -0.000105904 0.00106691 1 -0.0163624 -0.0550698 0.130782
FixedParameters: 0 0 0

#Transform 5
Transform: AffineTransform_float_3_3
Parameters: 1 0.000196202 0.000120673 -0.000195798 0.999998 -0.00166902 -0.000121327 0.00166897 0.999998 -0.00415525 0.0409712 0.168533
FixedParameters: 0 0 0

#Transform 6
Transform: AffineTransform_float_3_3
Parameters: 1 0.000400044 5.66892e-05 -0.000399955 0.999999 -0.000777022 -5.73108e-05 0.000776977 0.999999 -0.0353981 0.0508912 0.0763869
FixedParameters: 0 0 0

#Transform 7
Transform: AffineTransform_float_3_3
Parameters: 1 0.000382239 0.000196535 -0.000382761 0.999999 -0.00121608 -0.000196466 0.00121593 0.999999 -0.0359607 0.0365947 0.0105293
FixedParameters: 0 0 0

#Transform 8
Transform: AffineTransform_float_3_3
Parameters: 1 7.51509e-05 0.00010289 -7.48489e-05 0.999999 -0.00146601 -0.00010311 0.00146599 0.999999 0.0127131 0.00270224 -0.00553292
FixedParameters: 0 0 0

#Transform 9
Transform: AffineTransform_float_3_3
Parameters: 1 7.50588e-05 0.000102957 -7.49412e-05 1 -0.000571008 -0.000103043 0.000570992 1 0.027449 0.0235432 0.065743
FixedParameters: 0 0 0

#Transform 10
Transform: AffineTransform_float_3_3
Parameters: 1 7.50677e-05 0.000102951 -7.49322e-05 1 -0.000658007 -0.000103049 0.000657992 1 0.0155467 0.0308122 0.077335
FixedParameters: 0 0 0

#Transform 11
Transform: AffineTransform_float_3_3
Parameters: 1 -0.000229999 2.7009e-05 0.000230001 1 -3.89938e-05 -2.6991e-05 3.90062e-05 1 0.0234275 0.021251 0.101494
FixedParameters: 0 0 0

#Transform 12
Transform: AffineTransform_float_3_3
Parameters: 1 -0.000115958 0.000103047 0.000116042 1 -0.000405988 -0.000102953 0.000406012 1 0.0211244 0.0165517 0.0702717
FixedParameters: 0 0 0

#Transform 13
Transform: AffineTransform_float_3_3
Parameters: 1 -0.000177989 2.70723e-05 0.000178011 1 -0.000405995 -2.69277e-05 0.000406005 1 0.0184078 0.0163318 0.0702814
FixedParameters: 0 0 0

#Transform 14
Transform: AffineTransform_float_3_3
Parameters: 1 -0.000235997 -7.80101e-05 0.000236003 1 4.29816e-05 7.79898e-05 -4.30184e-05 1 0.0221829 0.0245929 0.0957936
FixedParameters: 0 0 0

#Transform 15
Transform: AffineTransform_float_3_3
Parameters: 1 -0.000241981 -4.90919e-05 0.000242019 1 0.000379988 4.8908e-05 -0.000380012 1 0.0184963 0.00721917 0.0925849
FixedParameters: 0 0 0

#Transform 16
Transform: AffineTransform_float_3_3
Parameters: 1 -0.000216063 0.000102868 0.000215937 1 0.000609022 -0.000103131 -0.000608977 1 0.0240572 -0.00188881 0.108854
FixedParameters: 0 0 0

#Transform 17
Transform: AffineTransform_float_3_3
Parameters: 1 -0.00018702 0.000102964 0.00018698 1 0.000193019 -0.000103036 -0.000192981 1 0.0231691 -0.0144342 0.124673
FixedParameters: 0 0 0

#Transform 18
Transform: AffineTransform_float_3_3
Parameters: 1 -0.000171962 0.000103064 0.000172038 1 -0.000370982 -0.000102936 0.000371018 1 0.0158051 0.0154205 0.0549834
FixedParameters: 0 0 0

#Transform 19
Transform: AffineTransform_float_3_3
Parameters: 1 7.50565e-05 0.000102959 -7.49434e-05 1 -0.000549008 -0.000103041 0.000548992 1 0.0155467 0.000438503 0.00244778
FixedParameters: 0 0 0

#Transform 20
Transform: AffineTransform_float_3_3
Parameters: 1 7.49958e-05 0.000103003 -7.50042e-05 1 4.09923e-05 -0.000102997 -4.10077e-05 1 0.015544 -0.00961727 -0.0169495
FixedParameters: 0 0 0

#Transform 21
Transform: AffineTransform_float_3_3
Parameters: 1 7.50409e-05 0.00010297 -7.49591e-05 1 -0.000397008 -0.00010303 0.000396992 1 0.00216395 0.000837599 0.101176
FixedParameters: 0 0 0

#Transform 22
Transform: AffineTransform_float_3_3
Parameters: 1 -1.88578e-05 0.000302009 1.91422e-05 1 -0.000470994 -0.000301991 0.000471006 1 0.00996367 0.00499244 0.0855577
FixedParameters: 0 0 0

#Transform 23
Transform: AffineTransform_float_3_3
Parameters: 1 -0.000224967 0.000128057 0.000225032 1 -0.000253971 -0.000127943 0.000254029 1 0.0209215 -0.000429719 0.0813853
FixedParameters: 0 0 0

#Transform 24
Transform: AffineTransform_float_3_3
Parameters: 1 -0.000372041 0.000127881 0.000371959 1 0.000319048 -0.000128119 -0.000318952 1 0.0289631 -0.0145613 0.098197
FixedParameters: 0 0 0

#Transform 25
Transform: AffineTransform_float_3_3
Parameters: 1 -0.000372104 0.000239838 0.000371895 1 0.000436089 -0.000240162 -0.000435911 1 0.0304539 -0.0174542 0.0776276
FixedParameters: 0 0 0

#Transform 26
Transform: AffineTransform_float_3_3
Parameters: 1 -0.000371793 0.00035022 0.000372207 1 -0.000590869 -0.00034978 0.00059113 1 0.0319972 -0.0200974 0.0913657
FixedParameters: 0 0 0

#Transform 27
Transform: AffineTransform_float_3_3
Parameters: 1 -0.000433928 0.000128243 0.000434071 0.999999 -0.000559944 -0.000127757 0.000560055 1 0.0307676 -0.0289697 0.0602363
FixedParameters: 0 0 0

#Transform 28
Transform: AffineTransform_float_3_3
Parameters: 1 -0.000371959 0.000128119 0.000372041 1 -0.000320952 -0.000127881 0.000321048 1 0.0289736 -0.0515955 0.0722685
FixedParameters: 0 0 0

#Transform 29
Transform: AffineTransform_float_3_3
Parameters: 1 -0.000621931 0.000128332 0.000622068 0.999999 -0.00053392 -0.000127668 0.000534079 1 0.0332241 0.0141848 0.0710667
FixedParameters: 0 0 0

#Transform 30
Transform: AffineTransform_float_3_3
Parameters: 1 -0.000371996 4.31508e-06 0.000372003 0.999999 -0.000846998 -3.68491e-06 0.000847001 0.999999 0.0272475 0.00208643 0.0320006
FixedParameters: 0 0 0

#Transform 31
Transform: AffineTransform_float_3_3
Parameters: 1 -0.000312871 0.000128314 0.000313129 1 -0.00100496 -0.000127685 0.00100504 0.999999 0.0116063 -0.00797746 0.0447584
FixedParameters: 0 0 0

#Transform 32
Transform: AffineTransform_float_3_3
Parameters: 1 -0.000371869 0.000128379 0.00037213 1 -0.00101995 -0.000127621 0.00102005 1 0.0111142 -0.00038298 0.0780689
FixedParameters: 0 0 0

#Transform 33
Transform: AffineTransform_float_3_3
Parameters: 0.999999 -0.000442128 0.000553898 0.000441872 1 0.000231245 -0.000553102 -0.000231755 1 0.0068581 0.0579814 0.122559
FixedParameters: 0 0 0

#Transform 34
Transform: AffineTransform_float_3_3
Parameters: 1 -0.000372348 0.000371651 0.000371651 0.999999 0.000937137 -0.000372348 -0.000936861 0.999999 -0.00571347 0.0455548 0.0980486
FixedParameters: 0 0 0

#Transform 35
Transform: AffineTransform_float_3_3
Parameters: 1 -0.000572514 0.000339134 0.000572486 0.999998 0.00151319 -0.000339867 -0.0015138 0.999999 -0.00957129 0.0691888 0.133355
FixedParameters: 0 0 0

#Transform 36
Transform: AffineTransform_float_3_3
Parameters: 1 -0.000193441 0.000328741 0.000192559 0.999999 0.00134106 -0.000329259 -0.00134094 0.999999 -0.0469673 0.0324162 0.189381
FixedParameters: 0 0 0

#Transform 37
Transform: AffineTransform_float_3_3
Parameters: 1 -0.000194351 0.000321788 0.000194649 1 0.00109106 -0.000322213 -0.00109094 1 -0.06488 0.0187662 0.111687
FixedParameters: 0 0 0

#Transform 38
Transform: AffineTransform_float_3_3
Parameters: 1 6.55122e-05 0.000285113 -6.54875e-05 0.999998 0.00171098 -0.000284888 -0.00171102 0.999999 -0.0186719 0.0224746 0.0473583
FixedParameters: 0 0 0

#Transform 39
Transform: AffineTransform_float_3_3
Parameters: 1 -0.000181417 0.000405814 0.000180583 1 0.00102607 -0.000406186 -0.00102593 1 0.00176348 0.00689815 0.100474
FixedParameters: 0 0 0

#Transform 40
Transform: AffineTransform_float_3_3
Parameters: 1 -0.000246458 0.00040172 0.000245542 1 0.0011391 -0.00040228 -0.0011389 1 -0.00782376 0.00313486 0.124215
FixedParameters: 0 0 0

#Transform 41
Transform: AffineTransform_float_3_3
Parameters: 1 -0.000195625 0.00053177 0.000195374 1 0.0011761 -0.00053223 -0.0011759 0.999999 0.00815073 0.00248558 0.0398762
FixedParameters: 0 0 0

#Transform 42
Transform: AffineTransform_float_3_3
Parameters: 1 -0.000166146 0.000462948 0.000165854 1 0.000315077 -0.000463052 -0.000314923 1 -0.00447126 -0.022113 0.0595224
FixedParameters: 0 0 0

#Transform 43
Transform: AffineTransform_float_3_3
Parameters: 1 5.80845e-05 0.000324985 -5.79155e-05 1 -0.000260019 -0.000325015 0.000259981 1 -0.0178632 -0.0118237 0.0638064
FixedParameters: 0 0 0

#Transform 44
Transform: AffineTransform_float_3_3
Parameters: 1 -0.000286992 0.00022801 0.000287008 1 -3.59346e-05 -0.00022799 3.60654e-05 1 -0.00912706 -0.00686803 0.0683722
FixedParameters: 0 0 0

#Transform 45
Transform: AffineTransform_float_3_3
Parameters: 1 -0.000110895 0.000337035 0.000111105 1 -0.000311963 -0.000336965 0.000312037 1 0.00583146 0.0032926 0.0825083
FixedParameters: 0 0 0

#Transform 46
Transform: AffineTransform_float_3_3
Parameters: 1 -0.000116939 0.000150047 0.000117061 1 -0.000403982 -0.000149953 0.000404017 1 0.00909877 0.000844934 0.122887
FixedParameters: 0 0 0

#Transform 47
Transform: AffineTransform_float_3_3
Parameters: 1 0.000207981 0.000161025 -0.000208019 1 0.000118967 -0.000160975 -0.000119033 1 -0.00668531 -0.00162074 0.092119
FixedParameters: 0 0 0

#Transform 48
Transform: AffineTransform_float_3_3
Parameters: 1 -0.000207922 -6.62469e-05 0.000208078 1 0.00118699 6.57531e-05 -0.00118701 1 0.00801524 0.0413646 0.0118479
FixedParameters: 0 0 0

#Transform 49
Transform: AffineTransform_float_3_3
Parameters: 1 -5.31965e-05 0.000136924 5.28033e-05 0.999999 0.00143501 -0.000137076 -0.00143499 0.999999 -0.00116428 0.0489758 0.056876
FixedParameters: 0 0 0

#Transform 50
Transform: AffineTransform_float_3_3
Parameters: 1 -3.22227e-05 0.000136948 3.17772e-05 0.999998 0.001626 -0.000137052 -0.00162599 0.999998 0.00513344 0.0374838 0.0426431
FixedParameters: 0 0 0

#Transform 51
Transform: AffineTransform_float_3_3
Parameters: 1 0.000234635 0.0002863 -0.000235366 0.999999 0.00127593 -0.0002867 -0.00127607 0.999999 -0.0235758 0.013989 0.0850436
FixedParameters: 0 0 0

#Transform 52
Transform: AffineTransform_float_3_3
Parameters: 1 -2.61693e-05 0.000329987 2.58307e-05 1 0.000513008 -0.000330013 -0.000512991 1 -0.015347 -0.00150998 0.0996538
FixedParameters: 0 0 0

#Transform 53
Transform: AffineTransform_float_3_3
Parameters: 1 0.000104943 0.000207029 -0.000105057 1 0.000276978 -0.000206971 -0.000277022 1 -0.0125714 -0.0113195 -0.0723912
FixedParameters: 0 0 0

#Transform 54
Transform: AffineTransform_float_3_3
Parameters: 1 0.000106043 5.09113e-05 -0.000105957 0.999999 -0.000836005 -5.10886e-05 0.000835994 0.999999 -0.0231465 -0.0375346 -0.102946
FixedParameters: 0 0 0

#Transform 55
Transform: AffineTransform_float_3_3
Parameters: 1 0.000235041 0.000206954 -0.00023496 1 -0.000195049 -0.000207046 0.000195951 1 -0.00859856 -0.00458337 0.102779
FixedParameters: 0 0 0

#Transform 56
Transform: AffineTransform_float_3_3
Parameters: 1 8.3957e-05 -7.60474e-05 -8.40429e-05 1 -0.000564993 7.59525e-05 0.000565006 1 -0.00677465 0.0194952 0.103887
FixedParameters: 0 0 0

#Transform 57
Transform: AffineTransform_float_3_3
Parameters: 1 0.000234727 0.000273234 -0.000235272 0.999999 0.000997936 -0.000272765 -0.000998064 1 -0.0104367 0.00566617 -0.0107861
FixedParameters: 0 0 0

#Transform 58
Transform: AffineTransform_float_3_3
Parameters: 1 0.000235045 0.000206949 -0.000234955 1 -0.000218049 -0.000207051 0.000217951 1 -0.0246516 0.0373049 0.0646421
FixedParameters: 0 0 0

#Transform 59
Transform: AffineTransform_float_3_3
Parameters: 1 0.000234669 0.000313249 -0.000235331 0.999999 0.00105793 -0.000312751 -0.00105807 1 -0.0197384 -0.0143828 0.0218869
FixedParameters: 0 0 0

#Transform 60
Transform: AffineTransform_float_3_3
Parameters: 1 0.000234601 0.000331283 -0.0002354 0.999999 0.00120492 -0.000331717 -0.00120508 0.999999 -0.0100262 0.035498 0.0279477
FixedParameters: 0 0 0

#Transform 61
Transform: AffineTransform_float_3_3
Parameters: 1 0.000332123 0.000482915 -0.000331877 1 -0.00025416 -0.000483084 0.00025384 1 -0.0243803 -0.00498678 0.0943333
FixedParameters: 0 0 0

#Transform 62
Transform: AffineTransform_float_3_3
Parameters: 1 -7.33305e-06 0.000363993 6.66693e-06 0.999999 0.000915002 -0.000364006 -0.000914997 0.999999 -0.0184464 0.0105459 0.0237505
FixedParameters: 0 0 0

#Transform 63
Transform: AffineTransform_float_3_3
Parameters: 1 0.000401121 0.000363866 -0.000401879 1 -0.000333146 -0.000363134 0.000332854 1 0.00748536 -0.0281518 -0.107512
FixedParameters: 0 0 0

#Transform 64
Transform: AffineTransform_float_3_3
Parameters: 1 0.000234928 -5.72956e-05 -0.000235072 0.999999 -0.00125799 5.67043e-05 0.00125801 0.999999 0.0102482 -0.056649 0.0206663
FixedParameters: 0 0 0

#Transform 65
Transform: AffineTransform_float_3_3
Parameters: 1 -0.000201883 0.000197119 0.000202116 1 -0.00059096 -0.000196881 0.00059104 1 0.0167245 -0.00528075 -0.0623323
FixedParameters: 0 0 0

#Transform 66
Transform: AffineTransform_float_3_3
Parameters: 1 -0.000201994 7.90143e-05 0.000202006 1 -7.0984e-05 -7.89857e-05 7.1016e-05 1 -0.00104547 0.0273604 -0.066958
FixedParameters: 0 0 0

#Transform 67
Transform: AffineTransform_float_3_3
Parameters: 1 -0.000592996 1.41708e-05 0.000593004 1 -0.000287992 -1.38292e-05 0.000288008 1 0.00956679 0.0437744 0.0794896
FixedParameters: 0 0 0

#Transform 68
Transform: AffineTransform_float_3_3
Parameters: 1 -0.000334994 1.71075e-05 0.000335005 1 -0.000320994 -1.68925e-05 0.000321006 1 0.00203969 0.0229469 0.111495
FixedParameters: 0 0 0

#Transform 69
Transform: AffineTransform_float_3_3
Parameters: 1 -0.000603995 -9.6029e-05 0.000604004 1 4.7942e-05 9.5971e-05 -4.8058e-05 1 0.00526894 0.0248012 0.0837738
FixedParameters: 0 0 0

#Transform 70
Transform: AffineTransform_float_3_3
Parameters: 1 -0.000523982 -0.00010309 0.000524018 1 0.000171946 0.00010291 -0.000172054 1 -0.00950299 0.016788 -0.0544252
FixedParameters: 0 0 0

#Transform 71
Transform: AffineTransform_float_3_3
Parameters: 1 -0.000543112 0.000196691 0.000542888 0.999999 0.000569107 -0.000196309 -0.000568893 1 -0.0169498 0.0152968 0.121311
FixedParameters: 0 0 0

#Transform 72
Transform: AffineTransform_float_3_3
Parameters: 1 -0.000665888 -6.31947e-05 0.000666112 0.999998 0.00179396 6.18051e-05 -0.00179404 0.999999 -0.0259983 0.00544414 0.0386462
FixedParameters: 0 0 0

#Transform 73
Transform: AffineTransform_float_3_3
Parameters: 1 -0.000666266 0.000196097 0.000665733 0.999999 0.00135613 -0.000196904 -0.00135687 0.999999 0.0132616 -0.0210096 0.0900595
FixedParameters: 0 0 0

#Transform 74
Transform: AffineTransform_float_3_3
Parameters: 1 -9.90315e-05 0.000196984 9.89685e-05 1 0.000160019 -0.000197016 -0.00015998 1 -0.00406507 -0.042228 0.12524
FixedParameters: 0 0 0

#Transform 75
Transform: AffineTransform_float_3_3
Parameters: 1 -0.000666084 0.000196715 0.000665916 0.999999 0.000427131 -0.000196284 -0.000426869 1 -0.00372777 0.00211495 -0.0721214
FixedParameters: 0 0 0

#Transform 76
Transform: AffineTransform_float_3_3
Parameters: 1 -0.000117058 0.000196966 0.000116942 1 0.000292023 -0.000197034 -0.000291977 1 -0.0172895 -0.0231105 -0.100914
FixedParameters: 0 0 0

#Transform 77
Transform: AffineTransform_float_3_3
Parameters: 1 -0.000183023 0.000118965 0.000182977 1 0.000191022 -0.000119035 -0.000190978 1 -0.0119368 -0.0210912 -0.106262
FixedParameters: 0 0 0

#Transform 78
Transform: AffineTransform_float_3_3
Parameters: 1 -0.000183232 0.000196785 0.000182768 1 0.00117704 -0.000197215 -0.00117696 1 -0.0104021 0.00847373 -0.00255882
FixedParameters: 0 0 0

#Transform 79
Transform: AffineTransform_float_3_3
Parameters: 1 -4.06772e-05 0.000608955 3.93228e-05 1 0.00111202 -0.000609044 -0.00111198 0.999999 -0.0165922 -0.0206262 -0.018692
FixedParameters: 0 0 0

#Transform 80
Transform: AffineTransform_float_3_3
Parameters: 1 -5.84989e-05 0.000420931 5.75011e-05 1 0.00118502 -0.000421068 -0.00118498 0.999999 -0.0254654 -0.0332592 -0.0218633
FixedParameters: 0 0 0

#Transform 81
Transform: AffineTransform_float_3_3
Parameters: 1 -0.000183209 0.000118677 0.00018279 0.999999 0.00176202 -0.000119322 -0.00176198 0.999999 -0.0296254 0.0426368 0.0121326
FixedParameters: 0 0 0

#Transform 82
Transform: AffineTransform_float_3_3
Parameters: 1 2.99172e-05 0.000145017 -3.00828e-05 1 0.000570995 -0.000144983 -0.000571004 1 0.00672348 0.026353 0.136556
FixedParameters: 0 0 0

#Transform 83
Transform: AffineTransform_float_3_3
Parameters: 1 -0.000183525 0.000257627 0.000183476 0.999998 0.00203605 -0.000257374 -0.00203595 0.999998 0.010872 0.0358799 0.113717
FixedParameters: 0 0 0

#Transform 84
Transform: AffineTransform_float_3_3
Parameters: 1 -0.000183368 0.000144534 0.000182633 0.999996 0.00254403 -0.000144465 -0.00254397 0.999997 0.0123799 0.0419499 0.0707431
FixedParameters: 0 0 0

#Transform 85
Transform: AffineTransform_float_3_3
Parameters: 1 -0.000183379 0.000144521 0.000182623 0.999996 0.00261602 -0.000144478 -0.00261597 0.999996 0.0109439 0.0169462 0.0945193
FixedParameters: 0 0 0

#Transform 86
Transform: AffineTransform_float_3_3
Parameters: 1 -0.000183928 0.000394569 0.000183073 0.999997 0.00235107 -0.000394432 -0.00235093 0.999997 0.00903009 0.00796171 0.0522613
FixedParameters: 0 0 0

#Transform 87
Transform: AffineTransform_float_3_3
Parameters: 1 -0.00018301 1.4877e-05 0.00018299 1 0.000672002 -1.5123e-05 -0.000671997 1 0.00681942 -0.0148995 0.138564
FixedParameters: 0 0 0

#Transform 88
Transform: AffineTransform_float_3_3
Parameters: 1 -0.000183075 0.000144905 0.000182925 1 0.000517026 -0.000145095 -0.000516973 1 0.00178432 0.0329259 0.172571
FixedParameters: 0 0 0

#Transform 89
Transform: AffineTransform_float_3_3
Parameters: 1 -0.00031936 0.000147221 0.000318638 0.999997 0.00244105 -0.000148778 -0.00244095 0.999997 0.00541202 0.00749251 0.0439213
FixedParameters: 0 0 0

#Transform 90
Transform: AffineTransform_float_3_3
Parameters: 1 5.06465e-05 0.000145124 -5.13532e-05 0.999997 0.00243699 -0.000144875 -0.00243701 0.999997 -0.0209423 0.0520747 0.0542808
FixedParameters: 0 0 0

#Transform 91
Transform: AffineTransform_float_3_3
Parameters: 1 -0.000132336 0.000144694 0.000131666 0.999998 0.00231702 -0.000144305 -0.00231698 0.999998 -0.0142909 0.0453296 0.0724037
FixedParameters: 0 0 0

#Transform 92
Transform: AffineTransform_float_3_3
Parameters: 1 -0.000183078 -0.00036196 0.000182922 1 -0.000216066 0.000362039 0.000215934 1 0.0266303 -0.0138506 0.16148
FixedParameters: 0 0 0

#Transform 93
Transform: AffineTransform_float_3_3
Parameters: 0.999999 -9.8306e-05 -0.000827083 9.86937e-05 0.999999 0.000838919 0.000826917 -0.000839082 1 0.0018239 0.0250795 -0.098457
FixedParameters: 0 0 0

#Transform 94
Transform: AffineTransform_float_3_3
Parameters: 0.999999 -0.000135584 -0.000827068 0.000135416 1 0.000502888 0.000826931 -0.000503112 0.999999 0.00918928 0.0286061 -0.113564
FixedParameters: 0 0 0

#Transform 95
Transform: AffineTransform_float_3_3
Parameters: 1 -0.000126002 -0.000422299 0.000126999 0.999997 0.00236295 0.000422701 -0.00236305 0.999997 0.0223279 0.0461988 -0.0177832
FixedParameters: 0 0 0

#Transform 96
Transform: AffineTransform_float_3_3
Parameters: 1 -0.000540516 -0.000173514 0.000540485 0.999996 0.00279891 0.000172488 -0.00279909 0.999996 0.0353253 0.0600433 0.0203721
FixedParameters: 0 0 0

#Transform 97
Transform: AffineTransform_float_3_3
Parameters: 1 -0.00039804 -0.000286339 0.000398959 0.999995 0.00335989 0.000284661 -0.00336012 0.999995 0.0292839 0.0508611 0.0638968
FixedParameters: 0 0 0

#Transform 98
Transform: AffineTransform_float_3_3
Parameters: 1 0.00012724 0.000205473 -0.000127758 0.999993 0.00370297 -0.000204528 -0.00370303 0.999993 0.0109009 0.0353114 0.0826954
FixedParameters: 0 0 0

#Transform 99
Transform: AffineTransform_float_3_3
Parameters: 1 -4.36669e-05 -9.51535e-05 4.33325e-05 0.999994 0.00350299 9.48488e-05 -0.003503 0.999994 0.0108953 0.0337071 0.083602
FixedParameters: 0 0 0

#Transform 100
Transform: AffineTransform_float_3_3
Parameters: 1 0.000148689 9.64813e-05 -0.000149313 0.999995 0.00323398 -9.65176e-05 -0.00323401 0.999995 -0.011408 0.0385065 0.0765593
FixedParameters: 0 0 0

#Transform 101
Transform: AffineTransform_float_3_3
Parameters: 1 0.000167154 -0.000388934 -0.000166846 1 0.000396065 0.000389066 -0.000395935 1 -0.00751726 -0.0473376 -0.160153
FixedParameters: 0 0 0

#Transform 102
Transform: AffineTransform_float_3_3
Parameters: 1 0.000600021 -4.6727e-05 -0.000599978 0.999999 0.000455028 4.7273e-05 -0.000454972 1 -0.0160479 -0.00487639 -0.133171
FixedParameters: 0 0 0

#Transform 103
Transform: AffineTransform_float_3_3
Parameters: 1 0.000132662 -0.00020357 -0.00013134 0.999994 0.00324702 0.000203427 -0.00324697 0.999994 -0.00624569 0.0640649 0.0830858
FixedParameters: 0 0 0

#Transform 104
Transform: AffineTransform_float_3_3
Parameters: 1 0.000253824 5.28529e-05 -0.000254177 0.999995 0.00335899 -5.21465e-05 -0.00335902 0.999995 -0.0112621 0.0724377 0.0521274
FixedParameters: 0 0 0

#Transform 105
Transform: AffineTransform_float_3_3
Parameters: 1 7.62465e-05 -0.00036274 -7.47526e-05 0.999994 0.00343503 0.000363259 -0.00343497 0.999994 -0.0070949 0.0729169 0.0833783
FixedParameters: 0 0 0

#Transform 106
Transform: AffineTransform_float_3_3
Parameters: 1 -0.000102058 -0.000223432 0.00010294 0.999991 0.00421798 0.000222568 -0.00421802 0.999991 -0.0254806 0.0724809 0.106368
FixedParameters: 0 0 0

#Transform 107
Transform: AffineTransform_float_3_3
Parameters: 0.999999 -9.94544e-05 -0.000827434 0.000102544 0.999991 0.00428692 0.000826568 -0.00428608 0.999991 -0.0220611 0.0730429 0.0177783
FixedParameters: 0 0 0

#Transform 108
Transform: AffineTransform_float_3_3
Parameters: 1 0.000344841 3.27243e-05 -0.000344161 0.999988 0.00499899 -3.12799e-05 -0.00499902 0.999988 -0.0323351 0.0607195 0.0706991
FixedParameters: 0 0 0

#Transform 109
Transform: AffineTransform_float_3_3
Parameters: 1 -8.69585e-05 -9.39254e-06 8.70442e-05 0.99999 0.004513 9.60727e-06 -0.004513 0.99999 -0.0178667 0.0373818 0.100068
FixedParameters: 0 0 0

#Transform 110
Transform: AffineTransform_float_3_3
Parameters: 1 -1.20791e-05 1.69439e-05 1.19207e-05 0.999989 0.004659 -1.70557e-05 -0.004659 0.999989 0.0294042 0.0661458 0.102829
FixedParameters: 0 0 0

#Transform 111
Transform: AffineTransform_float_3_3
Parameters: 1 -8.67879e-05 -5.23532e-05 8.72106e-05 0.999991 0.00406499 5.16459e-05 -0.004065 0.999991 0.0345743 0.0885175 0.0649015
FixedParameters: 0 0 0

#Transform 112
Transform: AffineTransform_float_3_3
Parameters: 1 -8.70561e-05 0.00024298 8.69439e-05 1 0.000231021 -0.00024302 -0.000230979 1 0.0268011 -0.00266571 -0.241735
FixedParameters: 0 0 0

#Transform 113
Transform: AffineTransform_float_3_3
Parameters: 1 -8.68138e-05 -0.000185087 8.7186e-05 0.999999 0.00100598 0.000184912 -0.00100602 0.999999 0.0265853 0.0156771 -0.177728
FixedParameters: 0 0 0

#Transform 114
Transform: AffineTransform_float_3_3
Parameters: 1 -7.99045e-06 -1.00076e-05 8.00953e-06 0.999999 0.000953999 9.99236e-06 -0.000953999 0.999999 0.0179233 -0.00172429 -0.182226
FixedParameters: 0 0 0

#Transform 115
Transform: AffineTransform_float_3_3
Parameters: 1 0.000434132 -0.00018469 -0.000433868 0.999999 0.00071308 0.000185309 -0.000712919 0.999999 -0.00479952 -0.00377233 -0.186445
FixedParameters: 0 0 0

#Transform 116
Transform: AffineTransform_float_3_3
Parameters: 1 -0.000426822 -0.000185411 0.000427179 1 0.000962921 0.000185589 -0.000963079 0.999999 0.008498 0.00631399 -0.16236
FixedParameters: 0 0 0

#Transform 117
Transform: AffineTransform_float_3_3
Parameters: 0.999999 -0.000797741 -0.000266793 0.000799259 0.999988 0.00475078 0.000263205 -0.00475121 0.999988 0.0183009 0.0789276 0.0786951
FixedParameters: 0 0 0

#Transform 118
Transform: AffineTransform_float_3_3
Parameters: 0.999999 -0.000686051 -0.000188487 0.000686951 0.999987 0.00507887 0.000185513 -0.00507913 0.999987 0.00737246 0.0905884 0.0975256
FixedParameters: 0 0 0

#Transform 119
Transform: AffineTransform_float_3_3
Parameters: 1 -0.000591502 -9.99913e-05 0.000592498 0.999987 0.00505494 9.70061e-05 -0.00505506 0.999987 -0.0168747 0.0943731 0.0829486
FixedParameters: 0 0 0
