# transform file /out/sourcedata/freesurfer/sub-v2s0x30146_ses-1/mri/transforms/cc_up.lta
# created by oesteban on Tue Mar 10 14:36:22 2026

type      = 0 # LINEAR_VOX_TO_VOX
nxforms   = 1
mean      = 125.0000 91.0000 118.0000
sigma     = 10000.0000
1 4 4
9.979924559593201e-01 -5.681267008185387e-02 -2.798959054052830e-02 1.261272144317627e+01 
5.679034069180489e-02 9.983848929405212e-01 -1.592735876329243e-03 4.636951065063477e+01 
2.803486958146095e-02 0.000000000000000e+00 9.996069073677063e-01 1.362337779998779e+01 
0.000000000000000e+00 0.000000000000000e+00 0.000000000000000e+00 1.000000000000000e+00 
src volume info
valid = 1  # volume info valid
filename = /out/sourcedata/freesurfer/sub-v2s0x30146_ses-1/mri/norm.mgz
volume = 256 256 256
voxelsize = 1.000000000000000e+00 1.000000000000000e+00 1.000000000000000e+00
xras   = -1.000000000000000e+00 0.000000000000000e+00 0.000000000000000e+00
yras   = 0.000000000000000e+00 0.000000000000000e+00 -1.000000000000000e+00
zras   = 0.000000000000000e+00 1.000000000000000e+00 0.000000000000000e+00
cras   = 7.740631103515625e-01 3.999391174316406e+01 -6.150772094726562e+00
dst volume info
valid = 1  # volume info valid
filename = /out/sourcedata/freesurfer/sub-v2s0x30146_ses-1/mri/norm.mgz
volume = 256 256 256
voxelsize = 1.000000000000000e+00 1.000000000000000e+00 1.000000000000000e+00
xras   = -1.000000000000000e+00 0.000000000000000e+00 0.000000000000000e+00
yras   = 0.000000000000000e+00 0.000000000000000e+00 -1.000000000000000e+00
zras   = 0.000000000000000e+00 1.000000000000000e+00 0.000000000000000e+00
cras   = 7.740631103515625e-01 3.999391174316406e+01 -6.150772094726562e+00
