#Insight Transform File V1.0
#Transform 0
Transform: AffineTransform_float_3_3
Parameters: 1 3.69768e-06 0.00108499 -3.02296e-07 0.999994 -0.003408 -0.00108501 0.003408 0.999993 0.0177389 -0.0521416 -0.211655
FixedParameters: 0 0 0

#Transform 1
Transform: AffineTransform_float_3_3
Parameters: 1 -0.000204913 0.00102042 0.000207087 0.999998 -0.00204679 -0.00101958 0.00204621 0.999998 0.0260945 -0.00657993 -0.190887
FixedParameters: 0 0 0

#Transform 2
Transform: AffineTransform_float_3_3
Parameters: 1 -0.00024812 0.0010862 0.00024888 0.999999 -0.00080973 -0.0010868 0.00081027 0.999999 0.0279072 0.00222363 -0.180814
FixedParameters: 0 0 0

#Transform 3
Transform: AffineTransform_float_3_3
Parameters: 0.999999 -0.000329845 0.00121104 0.000330155 1 -0.0001276 -0.00121096 0.0001284 1 0.0314731 -0.00357231 -0.115367
FixedParameters: 0 0 0

#Transform 4
Transform: AffineTransform_float_3_3
Parameters: 1 -0.000461515 0.000907248 0.000462485 1 -0.000534581 -0.000906753 0.000535419 1 0.036293 0.014785 -0.136414
FixedParameters: 0 0 0

#Transform 5
Transform: AffineTransform_float_3_3
Parameters: 0.999999 -0.000461098 0.000568732 0.000461902 0.999998 -0.00158674 -0.000568267 0.00158726 0.999998 0.0357806 -0.006175 -0.0817008
FixedParameters: 0 0 0

#Transform 6
Transform: AffineTransform_float_3_3
Parameters: 0.999999 -0.000347768 0.000652123 0.000348232 1 -0.000355773 -0.000652876 0.000356227 0.999999 0.0312254 -0.0408223 -0.0953805
FixedParameters: 0 0 0

#Transform 7
Transform: AffineTransform_float_3_3
Parameters: 1 -0.000279176 0.000627367 0.000279824 0.999999 -0.00131282 -0.000627633 0.00131318 0.999999 0.0263068 -0.0424352 -0.120165
FixedParameters: 0 0 0

#Transform 8
Transform: AffineTransform_float_3_3
Parameters: 1 -0.000136213 0.000499215 0.000136788 0.999998 -0.00157593 -0.000499785 0.00157607 0.999998 0.022428 -0.0303125 -0.0387424
FixedParameters: 0 0 0

#Transform 9
Transform: AffineTransform_float_3_3
Parameters: 0.999999 -0.00018922 0.000814182 0.00018978 0.999999 -0.000958846 -0.000813818 0.000958154 0.999999 0.0227566 -0.0216594 -0.0857535
FixedParameters: 0 0 0

#Transform 10
Transform: AffineTransform_float_3_3
Parameters: 1 -0.000139363 0.000688129 0.000140637 0.999999 -0.000925903 -0.00068787 0.000926096 1 0.00182266 -0.0416969 0.0117171
FixedParameters: 0 0 0

#Transform 11
Transform: AffineTransform_float_3_3
Parameters: 1 -0.000461618 0.000499352 0.000462382 0.999999 -0.000763769 -0.000499647 0.00076423 0.999999 0.0146761 -0.0416965 0.0181878
FixedParameters: 0 0 0

#Transform 12
Transform: AffineTransform_float_3_3
Parameters: 1 3.51891e-05 0.000498987 -3.58109e-05 1 -0.000379018 -0.000499013 0.000378982 1 -0.00559965 -0.040645 -0.0948669
FixedParameters: 0 0 0

#Transform 13
Transform: AffineTransform_float_3_3
Parameters: 0.999999 -1.26321e-05 0.000895004 1.23678e-05 1 -0.000410989 -0.000894994 0.000411011 0.999999 -0.00293448 -0.0408033 -0.0547006
FixedParameters: 0 0 0

#Transform 14
Transform: AffineTransform_float_3_3
Parameters: 1 3.65923e-05 0.000549961 -3.64076e-05 1 -0.00107702 -0.00055004 0.00107698 1 -0.00802504 -0.0152969 -0.0242588
FixedParameters: 0 0 0

#Transform 15
Transform: AffineTransform_float_3_3
Parameters: 1 -0.000118905 0.000247046 0.000119095 1 -0.000385971 -0.000246954 0.000386029 1 0.000306933 -0.0407329 -0.0563605
FixedParameters: 0 0 0

#Transform 16
Transform: AffineTransform_float_3_3
Parameters: 1 -0.000127003 0.000294999 0.000126997 1 9.03746e-06 -0.000295001 -8.96253e-06 1 0.00517427 -0.0491035 -0.0570064
FixedParameters: 0 0 0

#Transform 17
Transform: AffineTransform_float_3_3
Parameters: 1 4.61343e-05 0.000681991 -4.58656e-05 1 -0.000197031 -0.000682009 0.000196969 0.999999 -0.00834908 -0.0271978 -0.0484096
FixedParameters: 0 0 0

#Transform 18
Transform: AffineTransform_float_3_3
Parameters: 1 -0.000110976 0.000499005 0.000111024 1 -4.89446e-05 -0.000498994 4.90554e-05 1 0.00731728 0.0126542 -0.115936
FixedParameters: 0 0 0

#Transform 19
Transform: AffineTransform_float_3_3
Parameters: 1 0.000141521 0.000596877 -0.00014148 0.999999 -0.000873085 -0.000596124 0.000872916 1 -0.0097389 -0.043969 -0.0620532
FixedParameters: 0 0 0

#Transform 20
Transform: AffineTransform_float_3_3
Parameters: 1 -0.000118588 0.000499098 0.000119412 0.999999 -0.00082494 -0.000498901 0.000825059 0.999999 0.00060908 -0.00325955 -0.0241178
FixedParameters: 0 0 0

#Transform 21
Transform: AffineTransform_float_3_3
Parameters: 1 -0.000151767 0.000499071 0.000151233 1 -0.000466924 -0.000498929 0.000467076 1 -0.0021831 -0.0347837 -0.0218205
FixedParameters: 0 0 0

#Transform 22
Transform: AffineTransform_float_3_3
Parameters: 1 -4.99458e-05 8.40322e-05 4.90542e-05 1 -0.000644996 -8.39684e-05 0.000645004 1 0.00522375 -0.0174346 -0.0619641
FixedParameters: 0 0 0

#Transform 23
Transform: AffineTransform_float_3_3
Parameters: 1 -0.000156025 -0.000116967 0.000155975 1 -0.000210018 0.000117033 0.000209982 1 0.00993697 -0.0318672 -0.0118117
FixedParameters: 0 0 0

#Transform 24
Transform: AffineTransform_float_3_3
Parameters: 1 0.000135982 -4.20585e-05 -0.000136018 1 -0.000429994 4.19415e-05 0.000430006 1 -0.0105873 -0.0394631 -0.0643214
FixedParameters: 0 0 0

#Transform 25
Transform: AffineTransform_float_3_3
Parameters: 1 9.60132e-05 8.39849e-05 -9.59868e-05 1 -0.000157008 -8.40151e-05 0.000156992 1 -0.00631714 -0.0556239 -0.0530781
FixedParameters: 0 0 0

#Transform 26
Transform: AffineTransform_float_3_3
Parameters: 1 0.000159066 8.3875e-05 -0.000159934 0.999999 -0.000786013 -8.41257e-05 0.000785986 0.999999 -0.0112608 -0.00718648 -0.0451014
FixedParameters: 0 0 0

#Transform 27
Transform: AffineTransform_float_3_3
Parameters: 1 0.000123988 8.40183e-05 -0.000124012 1 0.00014799 -8.39816e-05 -0.00014801 1 -0.0297367 -0.00343454 0.0684172
FixedParameters: 0 0 0

#Transform 28
Transform: AffineTransform_float_3_3
Parameters: 1 0.000268383 0.000570763 -0.000270617 0.999996 0.00283385 -0.000570235 -0.00283415 0.999996 -0.0349734 -0.00518882 0.201071
FixedParameters: 0 0 0

#Transform 29
Transform: AffineTransform_float_3_3
Parameters: 1 0.000375909 8.44053e-05 -0.00037609 1 0.00107797 -8.35946e-05 -0.00107803 1 -0.00164119 -0.0227959 0.0273215
FixedParameters: 0 0 0

#Transform 30
Transform: AffineTransform_float_3_3
Parameters: 1 0.000625145 0.000156422 -0.000624855 1 -0.000925098 -0.000157579 0.000925902 0.999999 -0.0117801 -0.011674 -0.141748
FixedParameters: 0 0 0

#Transform 31
Transform: AffineTransform_float_3_3
Parameters: 1 0.00062497 -0.000160116 -0.000625029 1 -0.0001859 0.000159884 0.0001861 1 -0.0122411 -0.0104201 -0.0457777
FixedParameters: 0 0 0

#Transform 32
Transform: AffineTransform_float_3_3
Parameters: 1 2.99668e-05 -3.40292e-05 -3.00332e-05 0.999999 -0.000975998 3.39707e-05 0.000976 0.999999 -0.000578211 -0.0369733 -0.0130909
FixedParameters: 0 0 0

#Transform 33
Transform: AffineTransform_float_3_3
Parameters: 1 -0.000100984 8.40188e-05 0.000101016 1 -0.000185992 -8.39812e-05 0.000186008 1 0.0107021 -0.027156 -0.0349836
FixedParameters: 0 0 0

#Transform 34
Transform: AffineTransform_float_3_3
Parameters: 1 3.00143e-05 -8.69951e-05 -2.99857e-05 1 0.000164003 8.70049e-05 -0.000163997 1 0.0121376 -0.0264365 0.0334334
FixedParameters: 0 0 0

#Transform 35
Transform: AffineTransform_float_3_3
Parameters: 1 2.99009e-05 0.000141021 -3.00991e-05 1 0.000702995 -0.000140979 -0.000703004 0.999999 -0.00146339 -0.023298 0.0151384
FixedParameters: 0 0 0

#Transform 36
Transform: AffineTransform_float_3_3
Parameters: 1 3.00025e-05 -2.19966e-05 -2.99975e-05 1 0.000113001 2.20034e-05 -0.000112999 1 3.37794e-05 -0.0316407 0.00633491
FixedParameters: 0 0 0

#Transform 37
Transform: AffineTransform_float_3_3
Parameters: 1 -0.000139877 -0.000337051 0.000140123 1 0.000363953 0.000336949 -0.000364047 1 0.00473967 -0.0357479 0.0661498
FixedParameters: 0 0 0

#Transform 38
Transform: AffineTransform_float_3_3
Parameters: 1 2.99599e-05 -0.000337004 -3.00401e-05 1 -0.00011899 0.000336996 0.00011901 1 -0.0128061 -0.0510429 -0.0487725
FixedParameters: 0 0 0

#Transform 39
Transform: AffineTransform_float_3_3
Parameters: 1 3.01941e-05 -0.000336983 -2.98059e-05 1 0.00057601 0.000337017 -0.00057599 1 -0.0128253 -0.0497245 0.00834249
FixedParameters: 0 0 0

#Transform 40
Transform: AffineTransform_float_3_3
Parameters: 1 2.97998e-05 -0.000458013 -3.02001e-05 1 -0.000436986 0.000457987 0.000437014 1 -0.0129715 -0.0106734 -0.0648689
FixedParameters: 0 0 0

#Transform 41
Transform: AffineTransform_float_3_3
Parameters: 1 2.98487e-05 -0.000337013 -3.01516e-05 1 -0.00044999 0.000336986 0.00044901 1 -0.012818 -0.0362764 -0.0121025
FixedParameters: 0 0 0

#Transform 42
Transform: AffineTransform_float_3_3
Parameters: 1 2.99987e-05 -5.00007e-05 -3.00012e-05 1 -2.49985e-05 4.99992e-05 2.50015e-05 1 -0.012384 -0.0354114 0.023367
FixedParameters: 0 0 0

#Transform 43
Transform: AffineTransform_float_3_3
Parameters: 1 3.00944e-05 -9.69707e-05 -2.99055e-05 0.999999 0.000974002 9.70291e-05 -0.000973996 0.999999 -0.0286952 -0.0339088 0.0461184
FixedParameters: 0 0 0

#Transform 44
Transform: AffineTransform_float_3_3
Parameters: 1 3.01253e-05 -0.000167978 -2.98747e-05 0.999999 0.000746005 0.000168022 -0.000745995 0.999999 0.0285621 -0.0293861 0.0982617
FixedParameters: 0 0 0

#Transform 45
Transform: AffineTransform_float_3_3
Parameters: 1 2.96949e-05 0.000266034 -3.03051e-05 1 0.00114699 -0.000265965 -0.00114701 1 0.0292882 -0.0337368 0.0352371
FixedParameters: 0 0 0

#Transform 46
Transform: AffineTransform_float_3_3
Parameters: 1 -0.000224021 2.27917e-05 0.000223978 0.999999 0.000930004 -2.32083e-05 -0.000929994 0.999999 0.020257 -0.0341668 0.0850828
FixedParameters: 0 0 0

#Transform 47
Transform: AffineTransform_float_3_3
Parameters: 1 -0.000327809 -0.000185338 0.000327192 1 0.00103194 0.000185662 -0.00103206 1 0.027196 -0.0342807 0.0603761
FixedParameters: 0 0 0

#Transform 48
Transform: AffineTransform_float_3_3
Parameters: 1 -0.000259023 -0.000111947 0.000258977 1 -0.000206029 0.000112053 0.000205971 1 0.0214417 -0.0615767 -0.126551
FixedParameters: 0 0 0

#Transform 49
Transform: AffineTransform_float_3_3
Parameters: 1 -4.99999e-05 1.00445e-06 5.00001e-05 1 -8.89999e-05 -9.9555e-07 8.9e-05 1 0.0175536 -0.0551869 -0.0626026
FixedParameters: 0 0 0

#Transform 50
Transform: AffineTransform_float_3_3
Parameters: 1 -0.00019702 0.00040199 0.00019698 1 5.00792e-05 -0.00040201 -4.99208e-05 1 0.0197588 -0.000104821 -0.0466549
FixedParameters: 0 0 0

#Transform 51
Transform: AffineTransform_float_3_3
Parameters: 1 3.00909e-05 -7.09616e-05 -2.99091e-05 0.999999 0.00128 7.10384e-05 -0.00128 0.999999 0.0097825 0.00725381 0.0313704
FixedParameters: 0 0 0

#Transform 52
Transform: AffineTransform_float_3_3
Parameters: 1 3.00564e-05 -0.00017199 -2.99436e-05 1 0.000328005 0.00017201 -0.000327995 1 0.00958317 -0.004366 -0.0733782
FixedParameters: 0 0 0

#Transform 53
Transform: AffineTransform_float_3_3
Parameters: 0.999999 -0.000290829 -0.000764065 0.000290171 1 0.000223778 0.000763934 -0.000224222 0.999999 0.0128811 -0.0182777 0.0448035
FixedParameters: 0 0 0

#Transform 54
Transform: AffineTransform_float_3_3
Parameters: 1 2.99758e-05 -0.000124006 -3.00242e-05 1 -0.000194996 0.000123994 0.000195004 1 0.00964192 -0.0207838 0.0467457
FixedParameters: 0 0 0

#Transform 55
Transform: AffineTransform_float_3_3
Parameters: 1 2.99969e-05 9.3001e-05 -3.00031e-05 1 3.29972e-05 -9.2999e-05 -3.30028e-05 1 -0.00655924 -0.0166886 -0.0995509
FixedParameters: 0 0 0

#Transform 56
Transform: AffineTransform_float_3_3
Parameters: 1 3.0021e-05 -0.000283998 -2.9979e-05 1 7.40085e-05 0.000284002 -7.39915e-05 1 -0.00227954 -0.0170628 -0.055772
FixedParameters: 0 0 0

#Transform 57
Transform: AffineTransform_float_3_3
Parameters: 1 3.01328e-05 -0.000336988 -2.98672e-05 1 0.00039401 0.000337012 -0.00039399 1 -0.00718692 -0.0351534 -0.0717007
FixedParameters: 0 0 0

#Transform 58
Transform: AffineTransform_float_3_3
Parameters: 1 3.01378e-05 -0.000336988 -2.98622e-05 1 0.00040901 0.000337012 -0.00040899 1 -0.007197 -0.0351087 -0.0269658
FixedParameters: 0 0 0

#Transform 59
Transform: AffineTransform_float_3_3
Parameters: 1 3.00063e-05 -4.69959e-05 -2.99937e-05 1 0.000135001 4.7004e-05 -0.000134999 1 -0.0103582 -0.0355931 -0.0546653
FixedParameters: 0 0 0

#Transform 60
Transform: AffineTransform_float_3_3
Parameters: 1 3.01361e-05 -0.000336988 -2.98638e-05 1 0.00040401 0.000337012 -0.00040399 1 -0.00719128 -0.0351889 -0.0439281
FixedParameters: 0 0 0

#Transform 61
Transform: AffineTransform_float_3_3
Parameters: 1 3.02019e-05 -0.00020497 -2.9799e-05 0.999999 0.000985005 0.000204029 -0.000984993 0.999999 -0.0124694 -0.0342167 0.0191132
FixedParameters: 0 0 0

#Transform 62
Transform: AffineTransform_float_3_3
Parameters: 1 -0.000123579 -0.000337155 0.000124421 0.999999 0.00124896 0.000336845 -0.00124904 0.999999 -0.0166656 -0.0340513 0.0278226
FixedParameters: 0 0 0

#Transform 63
Transform: AffineTransform_float_3_3
Parameters: 1 -0.000159555 -0.000337211 0.000160444 0.999999 0.00131895 0.000336789 -0.00131905 0.999999 -0.0076921 -0.033788 0.0324323
FixedParameters: 0 0 0

#Transform 64
Transform: AffineTransform_float_3_3
Parameters: 1 3.00455e-05 -0.000336996 -2.99545e-05 1 0.00013501 0.000337004 -0.00013499 1 0.0313849 -0.05878 -0.0968867
FixedParameters: 0 0 0

#Transform 65
Transform: AffineTransform_float_3_3
Parameters: 1 -0.00016001 -0.000111985 0.00015999 1 -9.10179e-05 0.000112015 9.09821e-05 1 -0.00786634 -0.0592423 -0.0800657
FixedParameters: 0 0 0

#Transform 66
Transform: AffineTransform_float_3_3
Parameters: 1 3.00091e-05 -2.4989e-05 -2.99909e-05 1 0.000365001 2.50109e-05 -0.000364999 1 0.0318736 -0.00705767 -0.0411235
FixedParameters: 0 0 0

#Transform 67
Transform: AffineTransform_float_3_3
Parameters: 1 -0.000298528 -0.000337418 0.000298473 0.999999 0.0013989 0.000337583 -0.0013991 0.999999 -0.00933872 -0.00566485 0.0210806
FixedParameters: 0 0 0

#Transform 68
Transform: AffineTransform_float_3_3
Parameters: 1 3.0032e-05 -8.19883e-05 -2.9968e-05 1 0.000390002 8.20117e-05 -0.000389997 1 0.0354769 -0.00691255 -0.0521002
FixedParameters: 0 0 0

#Transform 69
Transform: AffineTransform_float_3_3
Parameters: 1 3.04825e-05 -0.000336957 -3.05174e-05 0.999999 0.00143201 0.000337044 -0.00143199 0.999999 -0.0276543 -0.0053665 0.0864074
FixedParameters: 0 0 0

#Transform 70
Transform: AffineTransform_float_3_3
Parameters: 1 -0.000262377 -0.000449365 0.000262623 0.999999 0.00138788 0.000448636 -0.00138712 0.999999 0.0395348 0.00127791 0.0873346
FixedParameters: 0 0 0

#Transform 71
Transform: AffineTransform_float_3_3
Parameters: 1 -0.00032071 -0.000230404 0.00032129 0.999999 0.00125993 0.000229595 -0.00126007 0.999999 -0.0132781 -0.0011738 0.0858639
FixedParameters: 0 0 0

#Transform 72
Transform: AffineTransform_float_3_3
Parameters: 1 -0.000257728 -0.000357196 0.000258272 0.999999 0.000761907 0.000356803 -0.000762092 0.999999 0.0409242 -0.0203221 -0.0846749
FixedParameters: 0 0 0

#Transform 73
Transform: AffineTransform_float_3_3
Parameters: 1 -0.000163001 -0.000118999 0.000163999 1 -6.01952e-06 0.000119001 5.9806e-06 1 0.0214045 -0.0276178 -0.148201
FixedParameters: 0 0 0

#Transform 74
Transform: AffineTransform_float_3_3
Parameters: 1 3.00122e-05 -0.000112997 -2.99878e-05 1 0.000108003 0.000113003 -0.000107997 1 0.00640911 -0.0460252 -0.0746905
FixedParameters: 0 0 0

#Transform 75
Transform: AffineTransform_float_3_3
Parameters: 1 -0.000245022 3.18287e-05 0.000244977 0.999999 0.000699007 -3.21712e-05 -0.000698992 1 0.0246956 -0.0321814 -0.0458058
FixedParameters: 0 0 0

#Transform 76
Transform: AffineTransform_float_3_3
Parameters: 1 -0.000231018 3.1866e-05 0.000230981 1 0.000580007 -3.2134e-05 -0.000579992 1 0.0261045 -0.0443019 -0.0506194
FixedParameters: 0 0 0

#Transform 77
Transform: AffineTransform_float_3_3
Parameters: 1 -0.00041802 0.000112924 0.000417979 1 0.000181047 -0.000113076 -0.000180953 1 0.03199 -0.0579084 -0.153053
FixedParameters: 0 0 0

#Transform 78
Transform: AffineTransform_float_3_3
Parameters: 0.999997 -0.00131194 0.00170805 0.00131206 0.999999 -3.4759e-05 -0.00170795 3.72408e-05 0.999998 0.13153 -0.0658557 -0.203141
FixedParameters: 0 0 0

#Transform 79
Transform: AffineTransform_float_3_3
Parameters: 0.999999 -9.72508e-05 0.00147598 9.6749e-05 1 0.000170143 -0.00147602 -0.000169857 0.999999 0.0684865 -0.083151 -0.106796
FixedParameters: 0 0 0

#Transform 80
Transform: AffineTransform_float_3_3
Parameters: 0.999999 6.60173e-05 0.000867998 -6.59826e-05 1 -2.00573e-05 -0.000868001 1.99427e-05 0.999999 0.0152121 -0.0345718 -0.114911
FixedParameters: 0 0 0

#Transform 81
Transform: AffineTransform_float_3_3
Parameters: 1 -0.000552897 0.00102106 0.000553104 1 -0.000101435 -0.00102094 0.000101565 1 0.0373206 -0.0351878 -0.118032
FixedParameters: 0 0 0

#Transform 82
Transform: AffineTransform_float_3_3
Parameters: 1 -9.74941e-05 0.00102095 9.75058e-05 1 0.0004841 -0.00102105 -0.000483901 1 0.0381 -0.0339755 -0.0942157
FixedParameters: 0 0 0

#Transform 83
Transform: AffineTransform_float_3_3
Parameters: 1 -0.000530117 0.00102094 0.000529883 1 0.000114541 -0.00102106 -0.000114459 1 0.0398284 -0.0468317 -0.109226
FixedParameters: 0 0 0

#Transform 84
Transform: AffineTransform_float_3_3
Parameters: 1 -0.00099322 0.000583627 0.000992782 1 0.00037558 -0.000583373 -0.000375421 1 0.0833144 -0.0349117 -0.0989563
FixedParameters: 0 0 0

#Transform 85
Transform: AffineTransform_float_3_3
Parameters: 1 -0.000320921 0.000959361 0.000319078 0.999998 0.00200131 -0.000960642 -0.00200169 0.999998 0.070723 -0.0015904 0.0354873
FixedParameters: 0 0 0

#Transform 86
Transform: AffineTransform_float_3_3
Parameters: 1 -0.000644694 0.00088577 0.000643307 0.999998 0.00191057 -0.000887231 -0.00191043 0.999998 0.0534448 -0.00898341 0.0217269
FixedParameters: 0 0 0

#Transform 87
Transform: AffineTransform_float_3_3
Parameters: 1 -0.000764358 0.000710615 0.000763641 0.999999 0.000504543 -0.000711385 -0.000503456 0.999999 0.0580688 -0.0453137 -0.136534
FixedParameters: 0 0 0

#Transform 88
Transform: AffineTransform_float_3_3
Parameters: 0.999999 0.000301733 0.00073411 -0.000302268 1 0.000364778 -0.00073389 -0.000364221 0.999999 0.0358476 -0.0554597 -0.109391
FixedParameters: 0 0 0

#Transform 89
Transform: AffineTransform_float_3_3
Parameters: 1 0.000273653 0.000584162 -0.000274346 1 0.00059284 -0.000583837 -0.00059316 0.999999 0.0331665 -0.0772441 -0.100103
FixedParameters: 0 0 0

#Transform 90
Transform: AffineTransform_float_3_3
Parameters: 0.999999 0.000350366 0.000919241 -0.000350633 0.999999 0.000688678 -0.000918758 -0.000689322 1 0.0289364 -0.0847118 -0.0958902
FixedParameters: 0 0 0

#Transform 91
Transform: AffineTransform_float_3_3
Parameters: 0.999999 0.000351981 0.000912006 -0.000352018 1 1.9679e-05 -0.000911992 -2.0321e-05 0.999999 0.0245272 -0.0445341 -0.123267
FixedParameters: 0 0 0

#Transform 92
Transform: AffineTransform_float_3_3
Parameters: 1 0.000111984 0.000500003 -0.000112016 1 3.1944e-05 -0.000499996 -3.2056e-05 1 0.0432555 -0.044722 -0.123037
FixedParameters: 0 0 0

#Transform 93
Transform: AffineTransform_float_3_3
Parameters: 1 0.000344806 0.000947071 -0.000345194 1 0.000204673 -0.000946929 -0.000205326 0.999999 0.0345577 -0.0442311 -0.098943
FixedParameters: 0 0 0

#Transform 94
Transform: AffineTransform_float_3_3
Parameters: 0.999999 0.000572655 0.000584337 -0.000572344 0.999999 0.000589665 -0.000583662 -0.000590334 0.999999 0.016953 -0.0434055 -0.0876428
FixedParameters: 0 0 0

#Transform 95
Transform: AffineTransform_float_3_3
Parameters: 0.999999 0.000164657 0.000735076 -0.000165342 1 0.000465878 -0.000734923 -0.000466121 0.999999 0.0286233 -0.0440388 -0.0884478
FixedParameters: 0 0 0

#Transform 96
Transform: AffineTransform_float_3_3
Parameters: 1 0.000161016 0.000461994 -0.000160984 1 -3.40744e-05 -0.000462005 3.39256e-05 1 0.0254169 -0.0445868 -0.0975915
FixedParameters: 0 0 0

#Transform 97
Transform: AffineTransform_float_3_3
Parameters: 1 5.4979e-05 0.000584002 -5.5021e-05 1 3.59679e-05 -0.000583998 -3.60321e-05 1 0.0380189 -0.0445783 -0.118003
FixedParameters: 0 0 0

#Transform 98
Transform: AffineTransform_float_3_3
Parameters: 1 -0.000347003 0.000334997 0.000346997 1 8.11624e-06 -0.000335003 -7.88375e-06 1 0.0481128 -0.0590169 -0.130626
FixedParameters: 0 0 0

#Transform 99
Transform: AffineTransform_float_3_3
Parameters: 1 5.46095e-05 0.00017812 -5.43902e-05 0.999997 0.00219299 -0.000177881 -0.00219301 0.999997 0.0272654 -0.0198307 0.101019
FixedParameters: 0 0 0

#Transform 100
Transform: AffineTransform_float_3_3
Parameters: 1 0.000508554 0.000179268 -0.000509444 0.999997 0.00249291 -0.00017773 -0.00249309 0.999997 0.00878431 0.022632 0.123071
FixedParameters: 0 0 0

#Transform 101
Transform: AffineTransform_float_3_3
Parameters: 1 5.44951e-05 0.000178155 -5.45044e-05 0.999996 0.00283499 -0.000177846 -0.00283501 0.999996 0.0190587 -0.0135986 0.0726911
FixedParameters: 0 0 0

#Transform 102
Transform: AffineTransform_float_3_3
Parameters: 1 5.45413e-05 0.000178141 -5.44583e-05 0.999996 0.00257599 -0.00017786 -0.00257601 0.999996 0.0272504 -6.2948e-05 0.0554013
FixedParameters: 0 0 0

#Transform 103
Transform: AffineTransform_float_3_3
Parameters: 1 5.36051e-05 0.000555136 -5.43945e-05 0.999997 0.00251297 -0.000554865 -0.00251303 0.999996 0.0146407 -0.028084 0.161019
FixedParameters: 0 0 0

#Transform 104
Transform: AffineTransform_float_3_3
Parameters: 1 -0.000129775 0.0002506 0.000129227 0.999995 0.00308903 -0.0002504 -0.00308897 0.999995 0.0349418 -0.0149908 0.162742
FixedParameters: 0 0 0

#Transform 105
Transform: AffineTransform_float_3_3
Parameters: 1 5.44485e-05 0.00017817 -5.4551e-05 0.999995 0.00309699 -0.000177832 -0.00309701 0.999995 0.0167123 -0.0162283 0.0657321
FixedParameters: 0 0 0

#Transform 106
Transform: AffineTransform_float_3_3
Parameters: 1 -0.000145235 0.000177808 0.000144764 0.999999 0.00132303 -0.000178192 -0.00132297 0.999999 0.0354208 -0.0434136 -0.0942079
FixedParameters: 0 0 0

#Transform 107
Transform: AffineTransform_float_3_3
Parameters: 1 5.477e-05 0.000350036 -5.52299e-05 1 0.00065698 -0.000349964 -0.000657019 0.999999 0.0210411 -0.0638995 -0.144323
FixedParameters: 0 0 0

#Transform 108
Transform: AffineTransform_float_3_3
Parameters: 1 5.48738e-05 4.11688e-05 -5.51257e-05 0.999996 0.003072 -4.08309e-05 -0.003072 0.999996 0.0225987 -0.0179855 0.0793938
FixedParameters: 0 0 0

#Transform 109
Transform: AffineTransform_float_3_3
Parameters: 1 -0.000373992 0.000405007 0.000374008 1 -1.88485e-05 -0.000404993 1.91515e-05 1 0.0144694 -0.0451927 -0.131496
FixedParameters: 0 0 0

#Transform 110
Transform: AffineTransform_float_3_3
Parameters: 1 5.62166e-05 -0.000349807 -5.47827e-05 0.999994 0.00347702 0.000350193 -0.00347698 0.999994 0.0103404 0.0262643 0.120914
FixedParameters: 0 0 0

#Transform 111
Transform: AffineTransform_float_3_3
Parameters: 1 0.000653325 0.00018046 -0.000653676 0.999992 0.00376388 -0.000178541 -0.00376412 0.999993 -0.00181111 -0.0178653 0.169094
FixedParameters: 0 0 0

#Transform 112
Transform: AffineTransform_float_3_3
Parameters: 1 8.90055e-06 0.000221004 -9.09945e-06 1 0.000449998 -0.000220996 -0.000450002 1 0.0179832 -0.0624895 -0.158521
FixedParameters: 0 0 0

#Transform 113
Transform: AffineTransform_float_3_3
Parameters: 0.999999 0.000798868 0.000230456 -0.000799131 0.999999 0.000570816 -0.000229544 -0.000571183 1 -0.00311821 -0.0665854 -0.145882
FixedParameters: 0 0 0

#Transform 114
Transform: AffineTransform_float_3_3
Parameters: 0.999999 -0.00096399 6.81233e-05 0.000964008 0.999999 -0.000127934 -6.78765e-05 0.000128065 1 0.0274296 -0.0740519 -0.192951
FixedParameters: 0 0 0

#Transform 115
Transform: AffineTransform_float_3_3
Parameters: 0.999999 0.000113538 -0.000741616 -0.000110461 0.999994 0.00342108 0.000742382 -0.00342092 0.999994 -0.0172924 0.0413462 0.152394
FixedParameters: 0 0 0

#Transform 116
Transform: AffineTransform_float_3_3
Parameters: 1 0.000739895 -0.000778259 -0.000737107 0.999993 0.00371257 0.000780742 -0.00371242 0.999993 -0.051378 0.0284246 0.118482
FixedParameters: 0 0 0

#Transform 117
Transform: AffineTransform_float_3_3
Parameters: 1 0.000352014 0.000114958 -0.000351986 1 -0.00012004 -0.000115042 0.00011996 1 -0.000661072 -0.0353608 -0.226176
FixedParameters: 0 0 0

#Transform 118
Transform: AffineTransform_float_3_3
Parameters: 0.999999 0.000792111 -0.000275681 -0.000791888 0.999999 0.000403218 0.000276319 -0.000402781 1 0.00180532 -0.0350295 -0.163759
FixedParameters: 0 0 0

#Transform 119
Transform: AffineTransform_float_3_3
Parameters: 1 0 0 0 1 0.000437 0 -0.000437 1 0.03375 -0.0479231 -0.172923
FixedParameters: 0 0 0
