#Insight Transform File V1.0
#Transform 0
Transform: AffineTransform_float_3_3
Parameters: 1 -0.000188947 -0.000204049 0.000189053 1 0.000260961 0.000203951 -0.000261039 1 -0.00955783 -0.0261529 0.150725
FixedParameters: 0 0 0

#Transform 1
Transform: AffineTransform_float_3_3
Parameters: 0.999999 0.000431576 -0.00131147 -0.000432425 1 -0.00108643 0.00131053 0.00108657 0.999998 -0.074643 -0.0489934 -0.293915
FixedParameters: 0 0 0

#Transform 2
Transform: AffineTransform_float_3_3
Parameters: 0.999998 0.00056629 -0.00149403 -0.00056871 0.999998 -0.00181415 0.00149297 0.00181485 0.999997 -0.0804194 -0.0533628 -0.409754
FixedParameters: 0 0 0

#Transform 3
Transform: AffineTransform_float_3_3
Parameters: 0.999998 0.000492944 -0.00162332 -0.000494055 0.999999 -0.000650199 0.00162268 0.000650801 0.999999 -0.0869782 -0.0466081 -0.142979
FixedParameters: 0 0 0

#Transform 4
Transform: AffineTransform_float_3_3
Parameters: 0.999999 0.000788486 -0.00162325 -0.000789513 0.999999 -0.000315719 0.00162275 0.00031728 0.999998 -0.0482866 -0.0447211 0.0147049
FixedParameters: 0 0 0

#Transform 5
Transform: AffineTransform_float_3_3
Parameters: 0.999999 0.00106276 -0.00106524 -0.00106324 0.999999 -0.000227868 0.00106576 0.000228133 1 -0.0571964 -0.0443163 -0.012754
FixedParameters: 0 0 0

#Transform 6
Transform: AffineTransform_float_3_3
Parameters: 0.999999 0.000235413 -0.000930896 -0.000234586 1 0.000444219 0.000931104 -0.000443781 1 -0.0260018 -0.111555 -0.0299869
FixedParameters: 0 0 0

#Transform 7
Transform: AffineTransform_float_3_3
Parameters: 1 0.000149108 -0.000630974 -0.000148892 1 0.000171094 0.000631025 -0.000170906 1 -0.0298578 -0.0975544 0.014988
FixedParameters: 0 0 0

#Transform 8
Transform: AffineTransform_float_3_3
Parameters: 1 0.000336701 -0.00101443 -0.0003373 0.999999 -0.00128166 0.00101357 0.00128134 0.999998 -0.0568745 0.0221457 -0.123379
FixedParameters: 0 0 0

#Transform 9
Transform: AffineTransform_float_3_3
Parameters: 1 0.000498656 -0.00095818 -0.000499345 1 -0.000359522 0.000957822 0.000359478 1 -0.0729081 0.0908659 -0.0702296
FixedParameters: 0 0 0

#Transform 10
Transform: AffineTransform_float_3_3
Parameters: 1 0.000496563 -0.000923698 -0.000495438 0.999999 0.000609458 0.000923303 -0.000609542 1 -0.0694059 0.0302293 0.0581002
FixedParameters: 0 0 0

#Transform 11
Transform: AffineTransform_float_3_3
Parameters: 0.999999 0.000471414 -0.000695719 -0.000470585 0.999999 0.000595327 0.00069628 -0.000594672 0.999999 -0.00393675 -0.0159513 0.0692097
FixedParameters: 0 0 0

#Transform 12
Transform: AffineTransform_float_3_3
Parameters: 0.999999 0.000454185 -0.00056385 -0.000453814 1 0.000329256 0.000564149 -0.000328744 1 -0.0273297 0.00423808 0.068946
FixedParameters: 0 0 0

#Transform 13
Transform: AffineTransform_float_3_3
Parameters: 1 0.000437718 -0.000401218 -0.000436281 0.999999 0.00178718 0.00040278 -0.00178683 0.999999 0.0371476 -0.0780981 0.180342
FixedParameters: 0 0 0

#Transform 14
Transform: AffineTransform_float_3_3
Parameters: 1 0.00060331 -0.000248247 -0.00060369 0.999999 0.00124915 0.000248754 -0.00124885 0.999999 -0.0185206 -0.0340671 0.0718516
FixedParameters: 0 0 0

#Transform 15
Transform: AffineTransform_float_3_3
Parameters: 1 9.90162e-05 -0.000231993 -9.89838e-05 1 7.0023e-05 0.000232007 -6.9977e-05 1 0.00647153 0.0161619 -0.0863242
FixedParameters: 0 0 0

#Transform 16
Transform: AffineTransform_float_3_3
Parameters: 1 -0.000248606 -0.000443221 0.000248393 0.999999 0.00088789 0.00044278 -0.00088811 1 0.00438333 0.0325657 0.0793566
FixedParameters: 0 0 0

#Transform 17
Transform: AffineTransform_float_3_3
Parameters: 1 -0.000126 3.99471e-06 0.000126 1 4.20005e-05 -4.00529e-06 -4.19995e-05 1 0.00158434 0.0581791 0.0885507
FixedParameters: 0 0 0

#Transform 18
Transform: AffineTransform_float_3_3
Parameters: 1 -0.000125899 -0.000189067 0.000125101 1 0.000531976 0.000188933 -0.000532024 1 0.000418749 0.0166001 0.0738884
FixedParameters: 0 0 0

#Transform 19
Transform: AffineTransform_float_3_3
Parameters: 1 -0.000125913 -0.000189058 0.000125087 1 0.000458976 0.000188943 -0.000459024 1 0.000462221 -0.0373013 -0.0672814
FixedParameters: 0 0 0

#Transform 20
Transform: AffineTransform_float_3_3
Parameters: 1 -0.000125975 -0.000262012 0.000126025 1 9.3967e-05 0.000261988 -9.4033e-05 1 4.60012e-06 0.00583767 0.0123934
FixedParameters: 0 0 0

#Transform 21
Transform: AffineTransform_float_3_3
Parameters: 1 -0.000126073 -0.000336973 0.000125927 1 -0.000217042 0.000337027 0.000216957 1 0.00509072 0.00388342 -0.00163957
FixedParameters: 0 0 0

#Transform 22
Transform: AffineTransform_float_3_3
Parameters: 1 -0.000126173 -0.000252914 0.000125827 1 -0.000683032 0.000253086 0.000682968 0.999999 0.017765 0.0261775 0.0628975
FixedParameters: 0 0 0

#Transform 23
Transform: AffineTransform_float_3_3
Parameters: 1 -0.000126094 -0.00039297 0.000125906 1 -0.000238049 0.00039303 0.00023795 1 0.015917 -0.045119 -0.0441291
FixedParameters: 0 0 0

#Transform 24
Transform: AffineTransform_float_3_3
Parameters: 1 -9.0188e-06 -7.89979e-05 8.9812e-06 1 -0.000238001 7.90021e-05 0.000237999 1 0.0133958 -0.0606222 -0.0984933
FixedParameters: 0 0 0

#Transform 25
Transform: AffineTransform_float_3_3
Parameters: 1 0.000351067 0.00010177 -0.000350933 0.999999 -0.000655035 -0.00010223 0.000654964 1 0.0107984 -0.0196665 -0.102971
FixedParameters: 0 0 0

#Transform 26
Transform: AffineTransform_float_3_3
Parameters: 0.999999 0.000607893 0.000568114 -0.000608106 1 0.000187655 -0.000567885 -0.000188345 1 0.00626749 -0.0205972 0.0883629
FixedParameters: 0 0 0

#Transform 27
Transform: AffineTransform_float_3_3
Parameters: 1 0.000350816 0.000303213 -0.000350185 1 0.000607894 -0.000303787 -0.000608106 1 0.00965124 -0.013621 0.0260935
FixedParameters: 0 0 0

#Transform 28
Transform: AffineTransform_float_3_3
Parameters: 0.999999 0.000119873 0.000704021 -0.000120127 1 0.000180915 -0.000703978 -0.000181084 0.999999 0.00942195 -0.0166387 -0.0730847
FixedParameters: 0 0 0

#Transform 29
Transform: AffineTransform_float_3_3
Parameters: 1 -9.14204e-05 0.000496923 9.15794e-05 0.999999 0.000846045 -0.000497077 -0.000845954 0.999999 -0.0244949 -0.0144607 0.0699516
FixedParameters: 0 0 0

#Transform 30
Transform: AffineTransform_float_3_3
Parameters: 0.999999 -8.01244e-05 0.000767987 7.98755e-05 1 0.000162061 -0.000768012 -0.000161938 0.999999 0.0273731 -0.0217916 0.039073
FixedParameters: 0 0 0

#Transform 31
Transform: AffineTransform_float_3_3
Parameters: 1 -0.000225389 0.000654866 0.000224612 1 0.000593147 -0.000654133 -0.000593852 0.999999 0.00506328 -0.0172261 -0.000230829
FixedParameters: 0 0 0

#Transform 32
Transform: AffineTransform_float_3_3
Parameters: 1 -0.000104942 0.000648009 0.000105058 1 -8.89319e-05 -0.00064799 8.9068e-05 1 -0.000510742 -0.0442494 -0.0189884
FixedParameters: 0 0 0

#Transform 33
Transform: AffineTransform_float_3_3
Parameters: 1 -5.64292e-05 0.00060796 5.65707e-05 0.999999 0.000706034 -0.00060804 -0.000705965 0.999999 -0.00289938 -0.00402165 0.0251912
FixedParameters: 0 0 0

#Transform 34
Transform: AffineTransform_float_3_3
Parameters: 1 -0.000195412 0.000492836 0.000194588 0.999999 0.000836095 -0.000493163 -0.000835903 0.999999 0.00266321 -0.0240326 0.0531968
FixedParameters: 0 0 0

#Transform 35
Transform: AffineTransform_float_3_3
Parameters: 1 -0.000380432 0.000525687 0.000379568 0.999999 0.000822199 -0.000525312 -0.0008218 0.999999 0.0112631 -0.0307061 0.0335332
FixedParameters: 0 0 0

#Transform 36
Transform: AffineTransform_float_3_3
Parameters: 1 -0.000401442 0.000516657 0.000400558 0.999999 0.000855206 -0.000517343 -0.000855792 0.999999 0.0121056 -0.0382595 0.053729
FixedParameters: 0 0 0

#Transform 37
Transform: AffineTransform_float_3_3
Parameters: 1 -0.000852111 0.000718326 0.000848891 0.999991 0.00432062 -0.000721674 -0.00431939 0.999991 0.0525547 -0.0158665 0.364423
FixedParameters: 0 0 0

#Transform 38
Transform: AffineTransform_float_3_3
Parameters: 0.999999 -0.00119854 0.000542609 0.00119646 0.999996 0.00283165 -0.000546389 -0.00283035 0.999996 0.0656916 -0.0254948 0.244301
FixedParameters: 0 0 0

#Transform 39
Transform: AffineTransform_float_3_3
Parameters: 1 -2.01556e-05 0.000523994 2.08444e-05 1 0.000297011 -0.000524006 -0.000296989 1 -0.0421077 -0.0425072 -0.0470992
FixedParameters: 0 0 0

#Transform 40
Transform: AffineTransform_float_3_3
Parameters: 1 -0.000134359 0.000575916 0.000134641 1 0.000623077 -0.000576084 -0.000622922 0.999999 -0.0195136 -0.00758972 0.082515
FixedParameters: 0 0 0

#Transform 41
Transform: AffineTransform_float_3_3
Parameters: 1 -1.99745e-05 0.000303002 2.00255e-05 1 -8.39939e-05 -0.000302998 8.40061e-05 1 -0.0264209 -0.00478558 0.0701863
FixedParameters: 0 0 0

#Transform 42
Transform: AffineTransform_float_3_3
Parameters: 1 -2.01382e-05 0.000302991 2.08618e-05 1 0.000456006 -0.000303009 -0.000455994 1 -0.044352 0.00639304 0.0673843
FixedParameters: 0 0 0

#Transform 43
Transform: AffineTransform_float_3_3
Parameters: 1 -2.05025e-05 0.000460978 2.04975e-05 1 0.00109001 -0.000461023 -0.00108999 1 -0.0433082 0.0203415 0.0473511
FixedParameters: 0 0 0

#Transform 44
Transform: AffineTransform_float_3_3
Parameters: 1 -2.03492e-05 0.000482985 2.06508e-05 0.999999 0.00072301 -0.000483015 -0.00072299 0.999999 -0.04315 -0.0249382 0.0773145
FixedParameters: 0 0 0

#Transform 45
Transform: AffineTransform_float_3_3
Parameters: 1 -2.01291e-05 0.000302991 2.08709e-05 1 0.000426006 -0.000303009 -0.000425994 1 -0.0443565 -0.0239388 0.0504782
FixedParameters: 0 0 0

#Transform 46
Transform: AffineTransform_float_3_3
Parameters: 1 -2.02152e-05 0.000558992 2.07848e-05 1 0.000385012 -0.000559008 -0.000384989 1 -0.0427352 -0.054487 0.0551014
FixedParameters: 0 0 0

#Transform 47
Transform: AffineTransform_float_3_3
Parameters: 1 -2.01305e-05 0.000587995 2.08695e-05 1 0.000222012 -0.000588004 -0.000221988 1 -0.042546 -0.055571 -0.0489278
FixedParameters: 0 0 0

#Transform 48
Transform: AffineTransform_float_3_3
Parameters: 1 0.000261938 0.000656024 -0.000262062 1 9.38281e-05 -0.000655975 -9.41718e-05 1 -0.0548103 -0.0564425 0.0318471
FixedParameters: 0 0 0

#Transform 49
Transform: AffineTransform_float_3_3
Parameters: 0.999999 0.000370554 0.000637259 -0.000371445 0.999999 0.000698763 -0.00063674 -0.000699236 0.999999 -0.0627275 -0.0141839 0.0305268
FixedParameters: 0 0 0

#Transform 50
Transform: AffineTransform_float_3_3
Parameters: 1 0.000190935 0.000576354 -0.000192066 0.999999 0.00184789 -0.000576646 -0.00184811 0.999998 -0.052175 0.0038362 0.124527
FixedParameters: 0 0 0

#Transform 51
Transform: AffineTransform_float_3_3
Parameters: 0.999999 -2.1082e-05 0.00076197 1.99179e-05 0.999999 0.00142002 -0.000762029 -0.00141998 0.999998 -0.0388192 -0.00952883 0.0717906
FixedParameters: 0 0 0

#Transform 52
Transform: AffineTransform_float_3_3
Parameters: 1 -2.03699e-05 0.000503985 2.063e-05 0.999999 0.00073401 -0.000504015 -0.000733989 0.999999 -0.0430595 -0.0137249 0.0856315
FixedParameters: 0 0 0

#Transform 53
Transform: AffineTransform_float_3_3
Parameters: 1 0.00011944 0.000457147 -0.00011956 0.999999 0.00122495 -0.000456854 -0.00122506 0.999999 -0.0495797 -0.0276359 0.0542601
FixedParameters: 0 0 0

#Transform 54
Transform: AffineTransform_float_3_3
Parameters: 1 -2.01774e-05 0.000506993 2.08225e-05 1 0.000350011 -0.000507007 -0.00034999 1 -0.043049 -0.0249813 -0.0495081
FixedParameters: 0 0 0

#Transform 55
Transform: AffineTransform_float_3_3
Parameters: 0.999999 0.000108412 0.000785081 -0.000108588 0.999999 0.000748915 -0.000784919 -0.000749085 1 -0.0416064 -0.0621121 -0.0238335
FixedParameters: 0 0 0

#Transform 56
Transform: AffineTransform_float_3_3
Parameters: 1 -1.93898e-05 0.000672018 2.06102e-05 0.999999 -0.000907986 -0.000671982 0.000908013 1 -0.0325378 -0.0634546 -0.09859
FixedParameters: 0 0 0

#Transform 57
Transform: AffineTransform_float_3_3
Parameters: 1 -1.94929e-05 0.000436023 2.05071e-05 1 -0.00116299 -0.000435977 0.00116301 0.999999 -0.0435484 -0.0332679 -0.0461825
FixedParameters: 0 0 0

#Transform 58
Transform: AffineTransform_float_3_3
Parameters: 1 -1.98315e-05 0.000441007 2.01685e-05 1 -0.000381991 -0.000440992 0.000382009 1 -0.0350243 -0.00851172 0.0729371
FixedParameters: 0 0 0

#Transform 59
Transform: AffineTransform_float_3_3
Parameters: 0.999999 0.000178429 0.000775901 -0.000177571 1 -0.000553138 -0.000775098 0.000552862 0.999999 -0.0317587 -0.0265899 -0.0298211
FixedParameters: 0 0 0

#Transform 60
Transform: AffineTransform_float_3_3
Parameters: 1 -2.00233e-05 0.000302998 1.99767e-05 1 7.70061e-05 -0.000303002 -7.69939e-05 1 -0.0443857 -0.0226433 -0.0458386
FixedParameters: 0 0 0

#Transform 61
Transform: AffineTransform_float_3_3
Parameters: 1 -2.03745e-05 0.000563986 2.06255e-05 1 0.000664011 -0.000564014 -0.000663988 0.999999 -0.0371625 -0.0268819 0.0847951
FixedParameters: 0 0 0

#Transform 62
Transform: AffineTransform_float_3_3
Parameters: 1 -2.00527e-05 0.000302996 1.99473e-05 1 0.000174006 -0.000303003 -0.000173994 1 -0.0376615 -0.078567 -0.0519701
FixedParameters: 0 0 0

#Transform 63
Transform: AffineTransform_float_3_3
Parameters: 1 0.000248849 0.000657057 -0.000249151 1 0.000229836 -0.000656942 -0.000230163 1 -0.0542338 -0.0856798 -0.108492
FixedParameters: 0 0 0

#Transform 64
Transform: AffineTransform_float_3_3
Parameters: 1 0.000207425 0.000649864 -0.000206575 1 -0.000654134 -0.000650135 0.000653865 0.999999 -0.0713199 -0.0175658 -0.105811
FixedParameters: 0 0 0

#Transform 65
Transform: AffineTransform_float_3_3
Parameters: 0.999999 0.000145736 0.000781863 -0.000145264 0.999999 -0.000941114 -0.000782137 0.000941886 1 -0.0677409 -0.0304361 -0.165671
FixedParameters: 0 0 0

#Transform 66
Transform: AffineTransform_float_3_3
Parameters: 1 0.000130504 0.00111994 -0.000130496 1 -0.000450147 -0.00112006 0.000449854 1 -0.0152223 -0.0138607 -0.0374096
FixedParameters: 0 0 0

#Transform 67
Transform: AffineTransform_float_3_3
Parameters: 1 0.000131828 0.00118791 -0.000131172 0.999999 -0.000697156 -0.00118809 0.000696844 0.999999 -0.0148743 -0.0291034 0.00591023
FixedParameters: 0 0 0

#Transform 68
Transform: AffineTransform_float_3_3
Parameters: 0.999999 -1.99311e-05 0.001377 2.00688e-05 1 -4.99724e-05 -0.001377 5.00275e-05 0.999999 -0.00700234 -0.0377211 -0.0641662
FixedParameters: 0 0 0

#Transform 69
Transform: AffineTransform_float_3_3
Parameters: 0.999999 0.000206373 0.00137694 -0.000206627 1 -0.000271285 -0.00137706 0.000270716 0.999999 -0.0170312 -0.0332783 -0.00178324
FixedParameters: 0 0 0

#Transform 70
Transform: AffineTransform_float_3_3
Parameters: 0.999999 0.000150133 0.00137699 -0.000149866 1 -9.72065e-05 -0.00137701 9.67934e-05 0.999999 -0.00224084 -0.0417017 0.0112022
FixedParameters: 0 0 0

#Transform 71
Transform: AffineTransform_float_3_3
Parameters: 0.999999 -1.95116e-05 0.00180201 2.04883e-05 1 -0.000270964 -0.001802 0.000271036 0.999999 0.0260711 -0.055315 -0.0187137
FixedParameters: 0 0 0

#Transform 72
Transform: AffineTransform_float_3_3
Parameters: 0.999999 -0.000191585 0.00152905 0.000191414 1 -0.000270708 -0.00152895 0.000271293 0.999999 0.0321808 -0.0552495 -0.0370954
FixedParameters: 0 0 0

#Transform 73
Transform: AffineTransform_float_3_3
Parameters: 0.999998 -0.000463939 0.00183827 0.000465061 0.999999 -0.000577146 -0.00183773 0.000577854 0.999998 0.0463148 -0.0316891 -0.0509005
FixedParameters: 0 0 0

#Transform 74
Transform: AffineTransform_float_3_3
Parameters: 0.999998 -0.000553801 0.00200105 0.000554199 1 -9.88912e-05 -0.00200094 0.000100108 0.999998 0.0233686 -0.0145542 -0.0342783
FixedParameters: 0 0 0

#Transform 75
Transform: AffineTransform_float_3_3
Parameters: 0.999998 -2.10045e-05 0.00200099 1.99955e-05 1 0.000502041 -0.00200101 -0.000501959 0.999998 -0.000608763 0.0111381 0.0370779
FixedParameters: 0 0 0

#Transform 76
Transform: AffineTransform_float_3_3
Parameters: 0.999997 -2.18566e-05 0.00214398 2.01432e-05 0.999999 0.000866045 -0.00214402 -0.000865955 0.999998 0.0299402 -0.00791455 0.072702
FixedParameters: 0 0 0

#Transform 77
Transform: AffineTransform_float_3_3
Parameters: 1 -0.000501526 0.00102726 0.000500475 0.999999 0.00148452 -0.00102774 -0.00148449 0.999999 0.0333079 0.0282657 0.252432
FixedParameters: 0 0 0

#Transform 78
Transform: AffineTransform_float_3_3
Parameters: 0.999998 -2.27112e-05 0.00207597 2.02887e-05 0.999999 0.00130605 -0.00207603 -0.00130596 0.999997 -0.0330227 -0.00517539 0.14261
FixedParameters: 0 0 0

#Transform 79
Transform: AffineTransform_float_3_3
Parameters: 0.999999 0.000833221 0.00159888 -0.000832778 0.999999 -0.000139332 -0.00159912 0.000137668 0.999998 -0.0723989 -0.065407 -0.123119
FixedParameters: 0 0 0

#Transform 80
Transform: AffineTransform_float_3_3
Parameters: 0.999999 6.06463e-05 0.00156305 -6.23534e-05 0.999999 0.000865904 -0.00156295 -0.000866096 0.999999 -0.0515213 -0.0283261 0.00463727
FixedParameters: 0 0 0

#Transform 81
Transform: AffineTransform_float_3_3
Parameters: 0.999998 -0.000144549 0.00196896 0.00014445 1 0.000279285 -0.00196904 -0.000278716 0.999998 -0.0139848 -0.0857563 -0.035197
FixedParameters: 0 0 0

#Transform 82
Transform: AffineTransform_float_3_3
Parameters: 0.999999 -0.000218897 0.00181677 0.000217104 1 0.0010444 -0.00181623 -0.0010436 0.999998 -0.032961 -0.032777 -0.0167074
FixedParameters: 0 0 0

#Transform 83
Transform: AffineTransform_float_3_3
Parameters: 0.999998 -0.000143781 0.00208301 0.00014422 1 -0.0001057 -0.00208298 0.0001053 0.999998 -0.0175831 -0.0301119 -0.0133068
FixedParameters: 0 0 0

#Transform 84
Transform: AffineTransform_float_3_3
Parameters: 0.999998 -0.000291863 0.00191987 0.000291135 1 0.00045056 -0.00192013 -0.00044944 0.999998 -0.0120091 -0.0603245 -0.0782382
FixedParameters: 0 0 0

#Transform 85
Transform: AffineTransform_float_3_3
Parameters: 0.999999 7.12607e-06 0.001576 -6.87391e-06 1 -8.00109e-05 -0.001576 7.99888e-05 0.999999 -0.0277886 -0.0807204 -0.155029
FixedParameters: 0 0 0

#Transform 86
Transform: AffineTransform_float_3_3
Parameters: 0.999998 -0.000588081 0.0017833 0.000588919 0.999999 -0.000514951 -0.0017827 0.000516049 0.999999 0.000583931 -0.0498202 -0.0842241
FixedParameters: 0 0 0

#Transform 87
Transform: AffineTransform_float_3_3
Parameters: 0.999998 0.000162157 0.00224292 -0.000160842 1 -0.000516362 -0.00224309 0.000515638 0.999998 -0.0302737 -0.0270739 -0.0093785
FixedParameters: 0 0 0

#Transform 88
Transform: AffineTransform_float_3_3
Parameters: 0.999997 -0.000144423 0.00243198 0.000144579 1 0.000173352 -0.00243203 -0.000173649 0.999997 -0.0153031 0.0418489 -0.000398707
FixedParameters: 0 0 0

#Transform 89
Transform: AffineTransform_float_3_3
Parameters: 0.999997 -0.000144141 0.00243599 0.000143861 1 5.73506e-05 -0.00243601 -5.7649e-05 0.999997 -0.0152992 -0.0119918 0.00402567
FixedParameters: 0 0 0

#Transform 90
Transform: AffineTransform_float_3_3
Parameters: 0.999997 -0.000145062 0.00236194 0.000143937 1 0.000450341 -0.00236207 -0.000449659 0.999997 -0.0156487 -0.0123458 0.0361033
FixedParameters: 0 0 0

#Transform 91
Transform: AffineTransform_float_3_3
Parameters: 0.999997 0.000226284 0.00241916 -0.000227717 0.999999 0.000709451 -0.00241884 -0.000709549 0.999997 -0.0273881 -0.0176883 0.0478115
FixedParameters: 0 0 0

#Transform 92
Transform: AffineTransform_float_3_3
Parameters: 0.999998 0.000274235 0.00220822 -0.000275763 0.999999 0.000798393 -0.00220778 -0.000799607 0.999997 -0.0300272 -0.0155008 0.0668167
FixedParameters: 0 0 0

#Transform 93
Transform: AffineTransform_float_3_3
Parameters: 0.999997 0.000275148 0.0024191 -0.000275851 1 0.000351334 -0.0024189 -0.000352667 0.999997 -0.0156877 -0.0396031 0.0317552
FixedParameters: 0 0 0

#Transform 94
Transform: AffineTransform_float_3_3
Parameters: 0.999999 0.000272278 0.00144171 -0.000275723 0.999996 0.0025826 -0.00144129 -0.00258239 0.999995 -0.0403938 -0.076306 0.213478
FixedParameters: 0 0 0

#Transform 95
Transform: AffineTransform_float_3_3
Parameters: 0.999998 0.000221482 0.00222905 -0.000221517 1 0.000231507 -0.00222895 -0.000232494 0.999998 -0.04197 -0.101717 0.0112339
FixedParameters: 0 0 0

#Transform 96
Transform: AffineTransform_float_3_3
Parameters: 0.999999 0.000473594 0.00144148 -0.000472407 1 -0.00110568 -0.00144152 0.00110532 0.999999 -0.0690007 -0.00568093 -0.16469
FixedParameters: 0 0 0

#Transform 97
Transform: AffineTransform_float_3_3
Parameters: 0.999998 0.000577532 0.00190445 -0.000579467 0.999999 0.000769898 -0.00190455 -0.000771101 0.999998 -0.0771121 0.00346291 0.0813811
FixedParameters: 0 0 0

#Transform 98
Transform: AffineTransform_float_3_3
Parameters: 0.999998 0.000401671 0.00190386 -0.000400327 1 -0.000353763 -0.00190414 0.000352236 0.999998 -0.0698803 0.00933685 0.00089966
FixedParameters: 0 0 0

#Transform 99
Transform: AffineTransform_float_3_3
Parameters: 0.999999 0.000276148 0.000773947 -0.000275852 1 -0.000191213 -0.000774052 0.000190786 0.999999 -0.010893 -0.00390144 0.135803
FixedParameters: 0 0 0

#Transform 100
Transform: AffineTransform_float_3_3
Parameters: 0.999999 0.000460956 0.000873023 -0.000461044 1 5.05975e-05 -0.000872976 -5.04024e-05 0.999999 -0.0193306 -0.0110237 0.121939
FixedParameters: 0 0 0

#Transform 101
Transform: AffineTransform_float_3_3
Parameters: 1 0.000275969 0.000597014 -0.00027603 1 5.08352e-05 -0.000596986 -5.11647e-05 1 -0.0156449 0.0229386 -0.127821
FixedParameters: 0 0 0

#Transform 102
Transform: AffineTransform_float_3_3
Parameters: 1 0.000276345 0.000406765 -0.000276655 0.999999 -0.000849112 -0.000406235 0.000848887 0.999999 -0.0331913 -0.0291031 -0.153303
FixedParameters: 0 0 0

#Transform 103
Transform: AffineTransform_float_3_3
Parameters: 1 0.000225909 0.000549038 -0.000226092 1 0.000166876 -0.000548962 -0.000166124 1 -0.012485 -0.00956485 0.117261
FixedParameters: 0 0 0

#Transform 104
Transform: AffineTransform_float_3_3
Parameters: 0.999999 0.000200586 0.000772107 -0.000201414 1 0.000535844 -0.000771892 -0.000536155 0.999999 -0.0200721 -0.0175816 0.117543
FixedParameters: 0 0 0

#Transform 105
Transform: AffineTransform_float_3_3
Parameters: 1 0.000274499 0.000563734 -0.000276502 0.999997 0.00266485 -0.000563265 -0.00266516 0.999997 -0.00576037 0.0280157 0.274868
FixedParameters: 0 0 0

#Transform 106
Transform: AffineTransform_float_3_3
Parameters: 0.999999 0.000272687 0.00080513 -0.000276317 0.999992 0.00411778 -0.000804869 -0.00411822 0.999991 -0.00561622 -0.0162245 0.263309
FixedParameters: 0 0 0

#Transform 107
Transform: AffineTransform_float_3_3
Parameters: 0.999998 0.000123013 0.00167115 -0.000124988 1 0.00118979 -0.00167085 -0.00118921 0.999998 -0.0392396 -0.0469146 0.0119001
FixedParameters: 0 0 0

#Transform 108
Transform: AffineTransform_float_3_3
Parameters: 0.999998 0.000273776 0.00190532 -0.000276224 1 0.00116748 -0.00190468 -0.00116752 0.999997 0.00319427 -0.0472192 -0.0372531
FixedParameters: 0 0 0

#Transform 109
Transform: AffineTransform_float_3_3
Parameters: 0.999998 0.000126124 0.00161815 -0.000127878 1 0.00115979 -0.00161885 -0.00115921 0.999998 -0.0285634 -0.0448171 0.00418913
FixedParameters: 0 0 0

#Transform 110
Transform: AffineTransform_float_3_3
Parameters: 0.999998 0.000274334 0.00201423 -0.000276666 0.999999 0.000826444 -0.00201477 -0.000827554 0.999997 0.00771972 -0.0628234 0.0282415
FixedParameters: 0 0 0

#Transform 111
Transform: AffineTransform_float_3_3
Parameters: 0.999999 0.000275553 0.00183807 -0.000276446 1 0.000242492 -0.00183793 -0.000243507 0.999999 -0.0257781 -0.0483409 -0.0592158
FixedParameters: 0 0 0

#Transform 112
Transform: AffineTransform_float_3_3
Parameters: 0.999998 0.000381985 0.002014 -0.000382015 1 7.23063e-06 -0.002014 -7.76933e-06 0.999998 0.00943902 -0.0506187 -0.0299768
FixedParameters: 0 0 0

#Transform 113
Transform: AffineTransform_float_3_3
Parameters: 0.999999 0.000276465 0.000923861 -0.000276534 1 -0.000504256 -0.000924139 0.000503745 1 -0.0505651 -0.0640101 0.104634
FixedParameters: 0 0 0

#Transform 114
Transform: AffineTransform_float_3_3
Parameters: 1 0.000679832 0.00101544 -0.000679169 1 -0.000819691 -0.00101556 0.000818311 0.999999 -0.0255836 -0.0216809 0.111464
FixedParameters: 0 0 0

#Transform 115
Transform: AffineTransform_float_3_3
Parameters: 0.999999 0.000678299 0.00169128 -0.000679701 0.999999 0.000413851 -0.00169072 -0.000415147 0.999998 -0.0337559 0.0510608 0.0580585
FixedParameters: 0 0 0

#Transform 116
Transform: AffineTransform_float_3_3
Parameters: 0.999998 0.00108912 0.00154163 -0.00108989 0.999999 0.000573321 -0.00154137 -0.00057468 0.999998 -0.00342618 -0.0583966 0.0042051
FixedParameters: 0 0 0

#Transform 117
Transform: AffineTransform_float_3_3
Parameters: 0.999999 0.000836899 0.000414204 -0.0008371 0.999999 0.000243653 -0.000413796 -0.000243346 1 -0.0447824 -0.031152 0.117958
FixedParameters: 0 0 0

#Transform 118
Transform: AffineTransform_float_3_3
Parameters: 0.999998 0.00109083 0.00154042 -0.00109018 1 -0.00053668 -0.00154058 0.00053432 0.999998 -0.0468057 -0.0486473 -0.0295917
FixedParameters: 0 0 0

#Transform 119
Transform: AffineTransform_float_3_3
Parameters: 0.999999 0.0014338 0.000562954 -0.00143319 0.999998 -0.00142781 -0.000565045 0.00142619 0.999999 -0.0683485 -0.0703267 -0.197326
FixedParameters: 0 0 0
